  290          1.0142         34.0000         32.0000          1.0000        299.6570
  291          1.0142         35.0000         32.0000          1.0000        299.6327
  292          1.0142         36.0000         32.0000          1.0000        299.6130
  294          1.0142         34.0000         32.0000          2.0000        299.5389
  295          1.0142         35.0000         32.0000          2.0000        299.5311
  296          1.0142         36.0000         32.0000          2.0000        299.5207
  298          1.0142         34.0000         32.0000          3.0000        299.4369
  299          1.0142         35.0000         32.0000          3.0000        299.4338
  300          1.0142         36.0000         32.0000          3.0000        299.4295
  302          1.0142         34.0000         32.0000          4.0000        299.3467
  303          1.0142         35.0000         32.0000          4.0000        299.3451
  304          1.0142         36.0000         32.0000          4.0000        299.3416
  290          1.0142         34.0000         32.0000          1.0000        299.6592
  291          1.0142         35.0000         32.0000          1.0000        299.6352
  292          1.0142         36.0000         32.0000          1.0000        299.6149
  294          1.0142         34.0000         32.0000          2.0000        299.5394
  295          1.0142         35.0000         32.0000          2.0000        299.5317
  296          1.0142         36.0000         32.0000          2.0000        299.5211
  298          1.0142         34.0000         32.0000          3.0000        299.4368
  299          1.0142         35.0000         32.0000          3.0000        299.4337
  300          1.0142         36.0000         32.0000          3.0000        299.4294
  302          1.0142         34.0000         32.0000          4.0000        299.3464
  303          1.0142         35.0000         32.0000          4.0000        299.3447
  304          1.0142         36.0000         32.0000          4.0000        299.3413
  290          2.0285         34.0000         32.0000          1.0000        299.4382
  291          2.0285         35.0000         32.0000          1.0000        299.4172
  292          2.0285         36.0000         32.0000          1.0000        299.3976
  294          2.0285         34.0000         32.0000          2.0000        299.3228
  295          2.0285         35.0000         32.0000          2.0000        299.3159
  296          2.0285         36.0000         32.0000          2.0000        299.3059
  298          2.0285         34.0000         32.0000          3.0000        299.2267
  299          2.0285         35.0000         32.0000          3.0000        299.2239
  300          2.0285         36.0000         32.0000          3.0000        299.2198
  302          2.0285         34.0000         32.0000          4.0000        299.1431
  303          2.0285         35.0000         32.0000          4.0000        299.1417
  304          2.0285         36.0000         32.0000          4.0000        299.1384
  290          2.0285         34.0000         32.0000          1.0000        299.4395
  291          2.0285         35.0000         32.0000          1.0000        299.4186
  292          2.0285         36.0000         32.0000          1.0000        299.3985
  294          2.0285         34.0000         32.0000          2.0000        299.3223
  295          2.0285         35.0000         32.0000          2.0000        299.3155
  296          2.0285         36.0000         32.0000          2.0000        299.3054
  298          2.0285         34.0000         32.0000          3.0000        299.2257
  299          2.0285         35.0000         32.0000          3.0000        299.2230
  300          2.0285         36.0000         32.0000          3.0000        299.2188
  302          2.0285         34.0000         32.0000          4.0000        299.1420
  303          2.0285         35.0000         32.0000          4.0000        299.1405
  304          2.0285         36.0000         32.0000          4.0000        299.1372
  290          3.0037         34.0000         32.0000          1.0000        299.1056
  291          3.0037         35.0000         32.0000          1.0000        299.0832
  292          3.0037         36.0000         32.0000          1.0000        299.0614
  294          3.0037         34.0000         32.0000          2.0000        298.9855
  295          3.0037         35.0000         32.0000          2.0000        298.9782
  296          3.0037         36.0000         32.0000          2.0000        298.9673
  298          3.0037         34.0000         32.0000          3.0000        298.8898
  299          3.0037         35.0000         32.0000          3.0000        298.8869
  300          3.0037         36.0000         32.0000          3.0000        298.8824
  302          3.0037         34.0000         32.0000          4.0000        298.8074
  303          3.0037         35.0000         32.0000          4.0000        298.8058
  304          3.0037         36.0000         32.0000          4.0000        298.8024
  290          3.0037         34.0000         32.0000          1.0000        299.1078
  291          3.0037         35.0000         32.0000          1.0000        299.0856
  292          3.0037         36.0000         32.0000          1.0000        299.0632
  294          3.0037         34.0000         32.0000          2.0000        298.9858
  295          3.0037         35.0000         32.0000          2.0000        298.9786
  296          3.0037         36.0000         32.0000          2.0000        298.9675
  298          3.0037         34.0000         32.0000          3.0000        298.8895
  299          3.0037         35.0000         32.0000          3.0000        298.8866
  300          3.0037         36.0000         32.0000          3.0000        298.8820
  302          3.0037         34.0000         32.0000          4.0000        298.8068
  303          3.0037         35.0000         32.0000          4.0000        298.8053
  304          3.0037         36.0000         32.0000          4.0000        298.8018
  290          4.0179         34.0000         32.0000          1.0000        298.8862
  291          4.0179         35.0000         32.0000          1.0000        298.8638
  292          4.0179         36.0000         32.0000          1.0000        298.8408
  294          4.0179         34.0000         32.0000          2.0000        298.7646
  295          4.0179         35.0000         32.0000          2.0000        298.7572
  296          4.0179         36.0000         32.0000          2.0000        298.7460
  298          4.0179         34.0000         32.0000          3.0000        298.6709
  299          4.0179         35.0000         32.0000          3.0000        298.6679
  300          4.0179         36.0000         32.0000          3.0000        298.6632
  302          4.0179         34.0000         32.0000          4.0000        298.5911
  303          4.0179         35.0000         32.0000          4.0000        298.5895
  304          4.0179         36.0000         32.0000          4.0000        298.5860
  290          4.0179         34.0000         32.0000          1.0000        298.8884
  291          4.0179         35.0000         32.0000          1.0000        298.8662
  292          4.0179         36.0000         32.0000          1.0000        298.8426
  294          4.0179         34.0000         32.0000          2.0000        298.7649
  295          4.0179         35.0000         32.0000          2.0000        298.7576
  296          4.0179         36.0000         32.0000          2.0000        298.7462
  298          4.0179         34.0000         32.0000          3.0000        298.6706
  299          4.0179         35.0000         32.0000          3.0000        298.6677
  300          4.0179         36.0000         32.0000          3.0000        298.6629
  302          4.0179         34.0000         32.0000          4.0000        298.5906
  303          4.0179         35.0000         32.0000          4.0000        298.5890
  304          4.0179         36.0000         32.0000          4.0000        298.5855
  290          5.0321         34.0000         32.0000          1.0000        298.6507
  291          5.0321         35.0000         32.0000          1.0000        298.6287
  292          5.0321         36.0000         32.0000          1.0000        298.6047
  294          5.0321         34.0000         32.0000          2.0000        298.5268
  295          5.0321         35.0000         32.0000          2.0000        298.5195
  296          5.0321         36.0000         32.0000          2.0000        298.5080
  298          5.0321         34.0000         32.0000          3.0000        298.4339
  299          5.0321         35.0000         32.0000          3.0000        298.4310
  300          5.0321         36.0000         32.0000          3.0000        298.4262
  302          5.0321         34.0000         32.0000          4.0000        298.3557
  303          5.0321         35.0000         32.0000          4.0000        298.3541
  304          5.0321         36.0000         32.0000          4.0000        298.3506
  290          5.0321         34.0000         32.0000          1.0000        298.6535
  291          5.0321         35.0000         32.0000          1.0000        298.6318
  292          5.0321         36.0000         32.0000          1.0000        298.6071
  294          5.0321         34.0000         32.0000          2.0000        298.5278
  295          5.0321         35.0000         32.0000          2.0000        298.5206
  296          5.0321         36.0000         32.0000          2.0000        298.5089
  298          5.0321         34.0000         32.0000          3.0000        298.4343
  299          5.0321         35.0000         32.0000          3.0000        298.4314
  300          5.0321         36.0000         32.0000          3.0000        298.4265
  302          5.0321         34.0000         32.0000          4.0000        298.3558
  303          5.0321         35.0000         32.0000          4.0000        298.3543
  304          5.0321         36.0000         32.0000          4.0000        298.3507
  290          6.0269         34.0000         32.0000          1.0000        298.5501
  291          6.0269         35.0000         32.0000          1.0000        298.5287
  292          6.0269         36.0000         32.0000          1.0000        298.5047
  294          6.0269         34.0000         32.0000          2.0000        298.4309
  295          6.0269         35.0000         32.0000          2.0000        298.4238
  296          6.0269         36.0000         32.0000          2.0000        298.4124
  298          6.0269         34.0000         32.0000          3.0000        298.3442
  299          6.0269         35.0000         32.0000          3.0000        298.3414
  300          6.0269         36.0000         32.0000          3.0000        298.3366
  302          6.0269         34.0000         32.0000          4.0000        298.2722
  303          6.0269         35.0000         32.0000          4.0000        298.2707
  304          6.0269         36.0000         32.0000          4.0000        298.2673
  290          6.0269         34.0000         32.0000          1.0000        298.5524
  291          6.0269         35.0000         32.0000          1.0000        298.5313
  292          6.0269         36.0000         32.0000          1.0000        298.5067
  294          6.0269         34.0000         32.0000          2.0000        298.4315
  295          6.0269         35.0000         32.0000          2.0000        298.4245
  296          6.0269         36.0000         32.0000          2.0000        298.4129
  298          6.0269         34.0000         32.0000          3.0000        298.3442
  299          6.0269         35.0000         32.0000          3.0000        298.3414
  300          6.0269         36.0000         32.0000          3.0000        298.3365
  302          6.0269         34.0000         32.0000          4.0000        298.2719
  303          6.0269         35.0000         32.0000          4.0000        298.2704
  304          6.0269         36.0000         32.0000          4.0000        298.2670
  290          7.0411         34.0000         32.0000          1.0000        298.4493
  291          7.0411         35.0000         32.0000          1.0000        298.4285
  292          7.0411         36.0000         32.0000          1.0000        298.4047
  294          7.0411         34.0000         32.0000          2.0000        298.3352
  295          7.0411         35.0000         32.0000          2.0000        298.3282
  296          7.0411         36.0000         32.0000          2.0000        298.3171
  298          7.0411         34.0000         32.0000          3.0000        298.2545
  299          7.0411         35.0000         32.0000          3.0000        298.2517
  300          7.0411         36.0000         32.0000          3.0000        298.2470
  302          7.0411         34.0000         32.0000          4.0000        298.1885
  303          7.0411         35.0000         32.0000          4.0000        298.1871
  304          7.0411         36.0000         32.0000          4.0000        298.1837
  290          7.0411         34.0000         32.0000          1.0000        298.4564
  291          7.0411         35.0000         32.0000          1.0000        298.4358
  292          7.0411         36.0000         32.0000          1.0000        298.4117
  294          7.0411         34.0000         32.0000          2.0000        298.3407
  295          7.0411         35.0000         32.0000          2.0000        298.3338
  296          7.0411         36.0000         32.0000          2.0000        298.3226
  298          7.0411         34.0000         32.0000          3.0000        298.2591
  299          7.0411         35.0000         32.0000          3.0000        298.2564
  300          7.0411         36.0000         32.0000          3.0000        298.2516
  302          7.0411         34.0000         32.0000          4.0000        298.1924
  303          7.0411         35.0000         32.0000          4.0000        298.1910
  304          7.0411         36.0000         32.0000          4.0000        298.1876
  290          8.0046         34.0000         32.0000          1.0000        300.2327
  291          8.0046         35.0000         32.0000          1.0000        300.2140
  292          8.0046         36.0000         32.0000          1.0000        300.2007
  294          8.0046         34.0000         32.0000          2.0000        300.2145
  295          8.0046         35.0000         32.0000          2.0000        300.2082
  296          8.0046         36.0000         32.0000          2.0000        300.2019
  298          8.0046         34.0000         32.0000          3.0000        300.2151
  299          8.0046         35.0000         32.0000          3.0000        300.2127
  300          8.0046         36.0000         32.0000          3.0000        300.2094
  302          8.0046         34.0000         32.0000          4.0000        300.2236
  303          8.0046         35.0000         32.0000          4.0000        300.2224
  304          8.0046         36.0000         32.0000          4.0000        300.2206
  290          8.0046         34.0000         32.0000          1.0000        300.2474
  291          8.0046         35.0000         32.0000          1.0000        300.2288
  292          8.0046         36.0000         32.0000          1.0000        300.2154
  294          8.0046         34.0000         32.0000          2.0000        300.2280
  295          8.0046         35.0000         32.0000          2.0000        300.2219
  296          8.0046         36.0000         32.0000          2.0000        300.2154
  298          8.0046         34.0000         32.0000          3.0000        300.2279
  299          8.0046         35.0000         32.0000          3.0000        300.2255
  300          8.0046         36.0000         32.0000          3.0000        300.2221
  302          8.0046         34.0000         32.0000          4.0000        300.2356
  303          8.0046         35.0000         32.0000          4.0000        300.2344
  304          8.0046         36.0000         32.0000          4.0000        300.2325
  290          8.0046         34.0000         32.0000          1.0000        300.2486
  291          8.0046         35.0000         32.0000          1.0000        300.2302
  292          8.0046         36.0000         32.0000          1.0000        300.2166
  294          8.0046         34.0000         32.0000          2.0000        300.2287
  295          8.0046         35.0000         32.0000          2.0000        300.2226
  296          8.0046         36.0000         32.0000          2.0000        300.2161
  298          8.0046         34.0000         32.0000          3.0000        300.2284
  299          8.0046         35.0000         32.0000          3.0000        300.2260
  300          8.0046         36.0000         32.0000          3.0000        300.2226
  302          8.0046         34.0000         32.0000          4.0000        300.2360
  303          8.0046         35.0000         32.0000          4.0000        300.2348
  304          8.0046         36.0000         32.0000          4.0000        300.2330
  290          9.0117         34.0000         32.0000          1.0000        308.5151
  291          9.0117         35.0000         32.0000          1.0000        308.5876
  292          9.0117         36.0000         32.0000          1.0000        308.6353
  294          9.0117         34.0000         32.0000          2.0000        308.9097
  295          9.0117         35.0000         32.0000          2.0000        308.9199
  296          9.0117         36.0000         32.0000          2.0000        308.9384
  298          9.0117         34.0000         32.0000          3.0000        309.1985
  299          9.0117         35.0000         32.0000          3.0000        309.2001
  300          9.0117         36.0000         32.0000          3.0000        309.2028
  302          9.0117         34.0000         32.0000          4.0000        309.4535
  303          9.0117         35.0000         32.0000          4.0000        309.4530
  304          9.0117         36.0000         32.0000          4.0000        309.4559
  290          9.0117         34.0000         32.0000          1.0000        308.5331
  291          9.0117         35.0000         32.0000          1.0000        308.6073
  292          9.0117         36.0000         32.0000          1.0000        308.6552
  294          9.0117         34.0000         32.0000          2.0000        308.9270
  295          9.0117         35.0000         32.0000          2.0000        308.9375
  296          9.0117         36.0000         32.0000          2.0000        308.9561
  298          9.0117         34.0000         32.0000          3.0000        309.2142
  299          9.0117         35.0000         32.0000          3.0000        309.2159
  300          9.0117         36.0000         32.0000          3.0000        309.2186
  302          9.0117         34.0000         32.0000          4.0000        309.4674
  303          9.0117         35.0000         32.0000          4.0000        309.4670
  304          9.0117         36.0000         32.0000          4.0000        309.4698
  290          9.0117         34.0000         32.0000          1.0000        308.5334
  291          9.0117         35.0000         32.0000          1.0000        308.6075
  292          9.0117         36.0000         32.0000          1.0000        308.6551
  294          9.0117         34.0000         32.0000          2.0000        308.9265
  295          9.0117         35.0000         32.0000          2.0000        308.9371
  296          9.0117         36.0000         32.0000          2.0000        308.9556
  298          9.0117         34.0000         32.0000          3.0000        309.2136
  299          9.0117         35.0000         32.0000          3.0000        309.2153
  300          9.0117         36.0000         32.0000          3.0000        309.2180
  302          9.0117         34.0000         32.0000          4.0000        309.4668
  303          9.0117         35.0000         32.0000          4.0000        309.4664
  304          9.0117         36.0000         32.0000          4.0000        309.4692
  290         10.0022         34.0000         32.0000          1.0000        315.9992
  291         10.0022         35.0000         32.0000          1.0000        316.2316
  292         10.0022         36.0000         32.0000          1.0000        316.3459
  294         10.0022         34.0000         32.0000          2.0000        316.7675
  295         10.0022         35.0000         32.0000          2.0000        316.8078
  296         10.0022         36.0000         32.0000          2.0000        316.8582
  298         10.0022         34.0000         32.0000          3.0000        317.2699
  299         10.0022         35.0000         32.0000          3.0000        317.2817
  300         10.0022         36.0000         32.0000          3.0000        317.2965
  302         10.0022         34.0000         32.0000          4.0000        317.6868
  303         10.0022         35.0000         32.0000          4.0000        317.6911
  304         10.0022         36.0000         32.0000          4.0000        317.7021
  290         10.0022         34.0000         32.0000          1.0000        316.0042
  291         10.0022         35.0000         32.0000          1.0000        316.2377
  292         10.0022         36.0000         32.0000          1.0000        316.3519
  294         10.0022         34.0000         32.0000          2.0000        316.7707
  295         10.0022         35.0000         32.0000          2.0000        316.8112
  296         10.0022         36.0000         32.0000          2.0000        316.8616
  298         10.0022         34.0000         32.0000          3.0000        317.2712
  299         10.0022         35.0000         32.0000          3.0000        317.2831
  300         10.0022         36.0000         32.0000          3.0000        317.2979
  302         10.0022         34.0000         32.0000          4.0000        317.6865
  303         10.0022         35.0000         32.0000          4.0000        317.6909
  304         10.0022         36.0000         32.0000          4.0000        317.7018
  290         10.0022         34.0000         32.0000          1.0000        316.0065
  291         10.0022         35.0000         32.0000          1.0000        316.2402
  292         10.0022         36.0000         32.0000          1.0000        316.3540
  294         10.0022         34.0000         32.0000          2.0000        316.7719
  295         10.0022         35.0000         32.0000          2.0000        316.8125
  296         10.0022         36.0000         32.0000          2.0000        316.8628
  298         10.0022         34.0000         32.0000          3.0000        317.2721
  299         10.0022         35.0000         32.0000          3.0000        317.2840
  300         10.0022         36.0000         32.0000          3.0000        317.2987
  302         10.0022         34.0000         32.0000          4.0000        317.6873
  303         10.0022         35.0000         32.0000          4.0000        317.6917
  304         10.0022         36.0000         32.0000          4.0000        317.7026
  290         11.0065         34.0000         32.0000          1.0000        322.4969
  291         11.0065         35.0000         32.0000          1.0000        322.7011
  292         11.0065         36.0000         32.0000          1.0000        322.9368
  294         11.0065         34.0000         32.0000          2.0000        323.5530
  295         11.0065         35.0000         32.0000          2.0000        323.5959
  296         11.0065         36.0000         32.0000          2.0000        323.6715
  298         11.0065         34.0000         32.0000          3.0000        324.2597
  299         11.0065         35.0000         32.0000          3.0000        324.2733
  300         11.0065         36.0000         32.0000          3.0000        324.2955
  302         11.0065         34.0000         32.0000          4.0000        324.8394
  303         11.0065         35.0000         32.0000          4.0000        324.8448
  304         11.0065         36.0000         32.0000          4.0000        324.8614
  290         11.0065         34.0000         32.0000          1.0000        322.5131
  291         11.0065         35.0000         32.0000          1.0000        322.7182
  292         11.0065         36.0000         32.0000          1.0000        322.9543
  294         11.0065         34.0000         32.0000          2.0000        323.5683
  295         11.0065         35.0000         32.0000          2.0000        323.6115
  296         11.0065         36.0000         32.0000          2.0000        323.6872
  298         11.0065         34.0000         32.0000          3.0000        324.2737
  299         11.0065         35.0000         32.0000          3.0000        324.2874
  300         11.0065         36.0000         32.0000          3.0000        324.3097
  302         11.0065         34.0000         32.0000          4.0000        324.8522
  303         11.0065         35.0000         32.0000          4.0000        324.8576
  304         11.0065         36.0000         32.0000          4.0000        324.8742
  290         11.0065         34.0000         32.0000          1.0000        322.5139
  291         11.0065         35.0000         32.0000          1.0000        322.7190
  292         11.0065         36.0000         32.0000          1.0000        322.9549
  294         11.0065         34.0000         32.0000          2.0000        323.5686
  295         11.0065         35.0000         32.0000          2.0000        323.6118
  296         11.0065         36.0000         32.0000          2.0000        323.6874
  298         11.0065         34.0000         32.0000          3.0000        324.2738
  299         11.0065         35.0000         32.0000          3.0000        324.2875
  300         11.0065         36.0000         32.0000          3.0000        324.3098
  302         11.0065         34.0000         32.0000          4.0000        324.8522
  303         11.0065         35.0000         32.0000          4.0000        324.8576
  304         11.0065         36.0000         32.0000          4.0000        324.8743
  290         12.0044         34.0000         32.0000          1.0000        325.4327
  291         12.0044         35.0000         32.0000          1.0000        325.5017
  292         12.0044         36.0000         32.0000          1.0000        325.8004
  294         12.0044         34.0000         32.0000          2.0000        326.6653
  295         12.0044         35.0000         32.0000          2.0000        326.6812
  296         12.0044         36.0000         32.0000          2.0000        326.7602
  298         12.0044         34.0000         32.0000          3.0000        327.4036
  299         12.0044         35.0000         32.0000          3.0000        327.4103
  300         12.0044         36.0000         32.0000          3.0000        327.4342
  302         12.0044         34.0000         32.0000          4.0000        327.9765
  303         12.0044         35.0000         32.0000          4.0000        327.9807
  304         12.0044         36.0000         32.0000          4.0000        327.9992
  290         12.0044         34.0000         32.0000          1.0000        325.4803
  291         12.0044         35.0000         32.0000          1.0000        325.4855
  292         12.0044         36.0000         32.0000          1.0000        325.6201
  294         12.0044         34.0000         32.0000          2.0000        326.6946
  295         12.0044         35.0000         32.0000          2.0000        326.6820
  296         12.0044         36.0000         32.0000          2.0000        326.7320
  298         12.0044         34.0000         32.0000          3.0000        327.4228
  299         12.0044         35.0000         32.0000          3.0000        327.4197
  300         12.0044         36.0000         32.0000          3.0000        327.4359
  302         12.0044         34.0000         32.0000          4.0000        327.9916
  303         12.0044         35.0000         32.0000          4.0000        327.9924
  304         12.0044         36.0000         32.0000          4.0000        328.0081
  290         12.0044         34.0000         32.0000          1.0000        325.4793
  291         12.0044         35.0000         32.0000          1.0000        325.4863
  292         12.0044         36.0000         32.0000          1.0000        325.6262
  294         12.0044         34.0000         32.0000          2.0000        326.6940
  295         12.0044         35.0000         32.0000          2.0000        326.6821
  296         12.0044         36.0000         32.0000          2.0000        326.7327
  298         12.0044         34.0000         32.0000          3.0000        327.4224
  299         12.0044         35.0000         32.0000          3.0000        327.4194
  300         12.0044         36.0000         32.0000          3.0000        327.4356
  302         12.0044         34.0000         32.0000          4.0000        327.9913
  303         12.0044         35.0000         32.0000          4.0000        327.9921
  304         12.0044         36.0000         32.0000          4.0000        328.0077
  290         12.0044         34.0000         32.0000          1.0000        325.4798
  291         12.0044         35.0000         32.0000          1.0000        325.4865
  292         12.0044         36.0000         32.0000          1.0000        325.6259
  294         12.0044         34.0000         32.0000          2.0000        326.6942
  295         12.0044         35.0000         32.0000          2.0000        326.6823
  296         12.0044         36.0000         32.0000          2.0000        326.7327
  298         12.0044         34.0000         32.0000          3.0000        327.4226
  299         12.0044         35.0000         32.0000          3.0000        327.4196
  300         12.0044         36.0000         32.0000          3.0000        327.4358
  302         12.0044         34.0000         32.0000          4.0000        327.9915
  303         12.0044         35.0000         32.0000          4.0000        327.9922
  304         12.0044         36.0000         32.0000          4.0000        328.0078
  290         13.0152         34.0000         32.0000          1.0000        325.9524
  291         13.0152         35.0000         32.0000          1.0000        325.9697
  292         13.0152         36.0000         32.0000          1.0000        326.1839
  294         13.0152         34.0000         32.0000          2.0000        327.2609
  295         13.0152         35.0000         32.0000          2.0000        327.2601
  296         13.0152         36.0000         32.0000          2.0000        327.3299
  298         13.0152         34.0000         32.0000          3.0000        327.9765
  299         13.0152         35.0000         32.0000          3.0000        327.9768
  300         13.0152         36.0000         32.0000          3.0000        328.0008
  302         13.0152         34.0000         32.0000          4.0000        328.4950
  303         13.0152         35.0000         32.0000          4.0000        328.4968
  304         13.0152         36.0000         32.0000          4.0000        328.5151
  290         13.0152         34.0000         32.0000          1.0000        325.9521
  291         13.0152         35.0000         32.0000          1.0000        325.9694
  292         13.0152         36.0000         32.0000          1.0000        326.1828
  294         13.0152         34.0000         32.0000          2.0000        327.2582
  295         13.0152         35.0000         32.0000          2.0000        327.2574
  296         13.0152         36.0000         32.0000          2.0000        327.3269
  298         13.0152         34.0000         32.0000          3.0000        327.9732
  299         13.0152         35.0000         32.0000          3.0000        327.9736
  300         13.0152         36.0000         32.0000          3.0000        327.9974
  302         13.0152         34.0000         32.0000          4.0000        328.4917
  303         13.0152         35.0000         32.0000          4.0000        328.4935
  304         13.0152         36.0000         32.0000          4.0000        328.5118
  290         14.0195         34.0000         32.0000          1.0000        326.0582
  291         14.0195         35.0000         32.0000          1.0000        326.0612
  292         14.0195         36.0000         32.0000          1.0000        326.2249
  294         14.0195         34.0000         32.0000          2.0000        327.2734
  295         14.0195         35.0000         32.0000          2.0000        327.2712
  296         14.0195         36.0000         32.0000          2.0000        327.3362
  298         14.0195         34.0000         32.0000          3.0000        328.0430
  299         14.0195         35.0000         32.0000          3.0000        328.0436
  300         14.0195         36.0000         32.0000          3.0000        328.0650
  302         14.0195         34.0000         32.0000          4.0000        328.6508
  303         14.0195         35.0000         32.0000          4.0000        328.6525
  304         14.0195         36.0000         32.0000          4.0000        328.6705
  290         14.0195         34.0000         32.0000          1.0000        326.1254
  291         14.0195         35.0000         32.0000          1.0000        326.1287
  292         14.0195         36.0000         32.0000          1.0000        326.2951
  294         14.0195         34.0000         32.0000          2.0000        327.3444
  295         14.0195         35.0000         32.0000          2.0000        327.3422
  296         14.0195         36.0000         32.0000          2.0000        327.4083
  298         14.0195         34.0000         32.0000          3.0000        328.1111
  299         14.0195         35.0000         32.0000          3.0000        328.1116
  300         14.0195         36.0000         32.0000          3.0000        328.1336
  302         14.0195         34.0000         32.0000          4.0000        328.7140
  303         14.0195         35.0000         32.0000          4.0000        328.7157
  304         14.0195         36.0000         32.0000          4.0000        328.7339
  290         14.0195         34.0000         32.0000          1.0000        326.1296
  291         14.0195         35.0000         32.0000          1.0000        326.1331
  292         14.0195         36.0000         32.0000          1.0000        326.2989
  294         14.0195         34.0000         32.0000          2.0000        327.3468
  295         14.0195         35.0000         32.0000          2.0000        327.3447
  296         14.0195         36.0000         32.0000          2.0000        327.4105
  298         14.0195         34.0000         32.0000          3.0000        328.1128
  299         14.0195         35.0000         32.0000          3.0000        328.1134
  300         14.0195         36.0000         32.0000          3.0000        328.1353
  302         14.0195         34.0000         32.0000          4.0000        328.7155
  303         14.0195         35.0000         32.0000          4.0000        328.7172
  304         14.0195         36.0000         32.0000          4.0000        328.7354
  290         15.0076         34.0000         32.0000          1.0000        327.4850
  291         15.0076         35.0000         32.0000          1.0000        327.4214
  292         15.0076         36.0000         32.0000          1.0000        327.5552
  294         15.0076         34.0000         32.0000          2.0000        328.7807
  295         15.0076         35.0000         32.0000          2.0000        328.7495
  296         15.0076         36.0000         32.0000          2.0000        328.8014
  298         15.0076         34.0000         32.0000          3.0000        329.4526
  299         15.0076         35.0000         32.0000          3.0000        329.4440
  300         15.0076         36.0000         32.0000          3.0000        329.4628
  302         15.0076         34.0000         32.0000          4.0000        329.9464
  303         15.0076         35.0000         32.0000          4.0000        329.9455
  304         15.0076         36.0000         32.0000          4.0000        329.9617
  290         15.0076         34.0000         32.0000          1.0000        327.4186
  291         15.0076         35.0000         32.0000          1.0000        327.3547
  292         15.0076         36.0000         32.0000          1.0000        327.4835
  294         15.0076         34.0000         32.0000          2.0000        328.7070
  295         15.0076         35.0000         32.0000          2.0000        328.6757
  296         15.0076         36.0000         32.0000          2.0000        328.7258
  298         15.0076         34.0000         32.0000          3.0000        329.3819
  299         15.0076         35.0000         32.0000          3.0000        329.3732
  300         15.0076         36.0000         32.0000          3.0000        329.3913
  302         15.0076         34.0000         32.0000          4.0000        329.8819
  303         15.0076         35.0000         32.0000          4.0000        329.8810
  304         15.0076         36.0000         32.0000          4.0000        329.8969
  290         15.0076         34.0000         32.0000          1.0000        327.4159
  291         15.0076         35.0000         32.0000          1.0000        327.3516
  292         15.0076         36.0000         32.0000          1.0000        327.4816
  294         15.0076         34.0000         32.0000          2.0000        328.7077
  295         15.0076         35.0000         32.0000          2.0000        328.6762
  296         15.0076         36.0000         32.0000          2.0000        328.7268
  298         15.0076         34.0000         32.0000          3.0000        329.3835
  299         15.0076         35.0000         32.0000          3.0000        329.3748
  300         15.0076         36.0000         32.0000          3.0000        329.3930
  302         15.0076         34.0000         32.0000          4.0000        329.8836
  303         15.0076         35.0000         32.0000          4.0000        329.8826
  304         15.0076         36.0000         32.0000          4.0000        329.8987
  290         16.0022         34.0000         32.0000          1.0000        324.0039
  291         16.0022         35.0000         32.0000          1.0000        323.8121
  292         16.0022         36.0000         32.0000          1.0000        323.8789
  294         16.0022         34.0000         32.0000          2.0000        324.9346
  295         16.0022         35.0000         32.0000          2.0000        324.8931
  296         16.0022         36.0000         32.0000          2.0000        324.9174
  298         16.0022         34.0000         32.0000          3.0000        325.4740
  299         16.0022         35.0000         32.0000          3.0000        325.4632
  300         16.0022         36.0000         32.0000          3.0000        325.4727
  302         16.0022         34.0000         32.0000          4.0000        325.8728
  303         16.0022         35.0000         32.0000          4.0000        325.8709
  304         16.0022         36.0000         32.0000          4.0000        325.8823
  290         16.0022         34.0000         32.0000          1.0000        324.0159
  291         16.0022         35.0000         32.0000          1.0000        323.8244
  292         16.0022         36.0000         32.0000          1.0000        323.8909
  294         16.0022         34.0000         32.0000          2.0000        324.9462
  295         16.0022         35.0000         32.0000          2.0000        324.9048
  296         16.0022         36.0000         32.0000          2.0000        324.9290
  298         16.0022         34.0000         32.0000          3.0000        325.4860
  299         16.0022         35.0000         32.0000          3.0000        325.4752
  300         16.0022         36.0000         32.0000          3.0000        325.4846
  302         16.0022         34.0000         32.0000          4.0000        325.8856
  303         16.0022         35.0000         32.0000          4.0000        325.8837
  304         16.0022         36.0000         32.0000          4.0000        325.8951
  290         16.0022         34.0000         32.0000          1.0000        324.0133
  291         16.0022         35.0000         32.0000          1.0000        323.8216
  292         16.0022         36.0000         32.0000          1.0000        323.8884
  294         16.0022         34.0000         32.0000          2.0000        324.9446
  295         16.0022         35.0000         32.0000          2.0000        324.9032
  296         16.0022         36.0000         32.0000          2.0000        324.9275
  298         16.0022         34.0000         32.0000          3.0000        325.4848
  299         16.0022         35.0000         32.0000          3.0000        325.4741
  300         16.0022         36.0000         32.0000          3.0000        325.4835
  302         16.0022         34.0000         32.0000          4.0000        325.8846
  303         16.0022         35.0000         32.0000          4.0000        325.8827
  304         16.0022         36.0000         32.0000          4.0000        325.8942
  290         17.0105         34.0000         32.0000          1.0000        320.2282
  291         17.0105         35.0000         32.0000          1.0000        320.1385
  292         17.0105         36.0000         32.0000          1.0000        320.2029
  294         17.0105         34.0000         32.0000          2.0000        320.9567
  295         17.0105         35.0000         32.0000          2.0000        320.9385
  296         17.0105         36.0000         32.0000          2.0000        320.9623
  298         17.0105         34.0000         32.0000          3.0000        321.4552
  299         17.0105         35.0000         32.0000          3.0000        321.4504
  300         17.0105         36.0000         32.0000          3.0000        321.4579
  302         17.0105         34.0000         32.0000          4.0000        321.8612
  303         17.0105         35.0000         32.0000          4.0000        321.8605
  304         17.0105         36.0000         32.0000          4.0000        321.8700
  290         17.0105         34.0000         32.0000          1.0000        320.2555
  291         17.0105         35.0000         32.0000          1.0000        320.1666
  292         17.0105         36.0000         32.0000          1.0000        320.2326
  294         17.0105         34.0000         32.0000          2.0000        320.9838
  295         17.0105         35.0000         32.0000          2.0000        320.9658
  296         17.0105         36.0000         32.0000          2.0000        320.9902
  298         17.0105         34.0000         32.0000          3.0000        321.4791
  299         17.0105         35.0000         32.0000          3.0000        321.4745
  300         17.0105         36.0000         32.0000          3.0000        321.4822
  302         17.0105         34.0000         32.0000          4.0000        321.8808
  303         17.0105         35.0000         32.0000          4.0000        321.8802
  304         17.0105         36.0000         32.0000          4.0000        321.8898
  290         17.0105         34.0000         32.0000          1.0000        320.2612
  291         17.0105         35.0000         32.0000          1.0000        320.1727
  292         17.0105         36.0000         32.0000          1.0000        320.2379
  294         17.0105         34.0000         32.0000          2.0000        320.9871
  295         17.0105         35.0000         32.0000          2.0000        320.9692
  296         17.0105         36.0000         32.0000          2.0000        320.9934
  298         17.0105         34.0000         32.0000          3.0000        321.4816
  299         17.0105         35.0000         32.0000          3.0000        321.4770
  300         17.0105         36.0000         32.0000          3.0000        321.4846
  302         17.0105         34.0000         32.0000          4.0000        321.8830
  303         17.0105         35.0000         32.0000          4.0000        321.8824
  304         17.0105         36.0000         32.0000          4.0000        321.8919
  290         18.0036         34.0000         32.0000          1.0000        313.9506
  291         18.0036         35.0000         32.0000          1.0000        313.8719
  292         18.0036         36.0000         32.0000          1.0000        313.9104
  294         18.0036         34.0000         32.0000          2.0000        314.3648
  295         18.0036         35.0000         32.0000          2.0000        314.3525
  296         18.0036         36.0000         32.0000          2.0000        314.3667
  298         18.0036         34.0000         32.0000          3.0000        314.6519
  299         18.0036         35.0000         32.0000          3.0000        314.6496
  300         18.0036         36.0000         32.0000          3.0000        314.6546
  302         18.0036         34.0000         32.0000          4.0000        314.8759
  303         18.0036         35.0000         32.0000          4.0000        314.8762
  304         18.0036         36.0000         32.0000          4.0000        314.8825
  290         18.0036         34.0000         32.0000          1.0000        313.9056
  291         18.0036         35.0000         32.0000          1.0000        313.8272
  292         18.0036         36.0000         32.0000          1.0000        313.8632
  294         18.0036         34.0000         32.0000          2.0000        314.3154
  295         18.0036         35.0000         32.0000          2.0000        314.3032
  296         18.0036         36.0000         32.0000          2.0000        314.3164
  298         18.0036         34.0000         32.0000          3.0000        314.6037
  299         18.0036         35.0000         32.0000          3.0000        314.6014
  300         18.0036         36.0000         32.0000          3.0000        314.6061
  302         18.0036         34.0000         32.0000          4.0000        314.8307
  303         18.0036         35.0000         32.0000          4.0000        314.8310
  304         18.0036         36.0000         32.0000          4.0000        314.8371
  290         18.0036         34.0000         32.0000          1.0000        313.9023
  291         18.0036         35.0000         32.0000          1.0000        313.8237
  292         18.0036         36.0000         32.0000          1.0000        313.8601
  294         18.0036         34.0000         32.0000          2.0000        314.3134
  295         18.0036         35.0000         32.0000          2.0000        314.3011
  296         18.0036         36.0000         32.0000          2.0000        314.3145
  298         18.0036         34.0000         32.0000          3.0000        314.6022
  299         18.0036         35.0000         32.0000          3.0000        314.5998
  300         18.0036         36.0000         32.0000          3.0000        314.6046
  302         18.0036         34.0000         32.0000          4.0000        314.8293
  303         18.0036         35.0000         32.0000          4.0000        314.8297
  304         18.0036         36.0000         32.0000          4.0000        314.8358
  290         19.0092         34.0000         32.0000          1.0000        307.0521
  291         19.0092         35.0000         32.0000          1.0000        307.0262
  292         19.0092         36.0000         32.0000          1.0000        307.0423
  294         19.0092         34.0000         32.0000          2.0000        307.1835
  295         19.0092         35.0000         32.0000          2.0000        307.1788
  296         19.0092         36.0000         32.0000          2.0000        307.1838
  298         19.0092         34.0000         32.0000          3.0000        307.2556
  299         19.0092         35.0000         32.0000          3.0000        307.2543
  300         19.0092         36.0000         32.0000          3.0000        307.2561
  302         19.0092         34.0000         32.0000          4.0000        307.3008
  303         19.0092         35.0000         32.0000          4.0000        307.3006
  304         19.0092         36.0000         32.0000          4.0000        307.3022
  290         19.0092         34.0000         32.0000          1.0000        307.0483
  291         19.0092         35.0000         32.0000          1.0000        307.0226
  292         19.0092         36.0000         32.0000          1.0000        307.0381
  294         19.0092         34.0000         32.0000          2.0000        307.1780
  295         19.0092         35.0000         32.0000          2.0000        307.1734
  296         19.0092         36.0000         32.0000          2.0000        307.1781
  298         19.0092         34.0000         32.0000          3.0000        307.2496
  299         19.0092         35.0000         32.0000          3.0000        307.2484
  300         19.0092         36.0000         32.0000          3.0000        307.2501
  302         19.0092         34.0000         32.0000          4.0000        307.2949
  303         19.0092         35.0000         32.0000          4.0000        307.2947
  304         19.0092         36.0000         32.0000          4.0000        307.2963
  290         20.0022         34.0000         32.0000          1.0000        302.9963
  291         20.0022         35.0000         32.0000          1.0000        302.9768
  292         20.0022         36.0000         32.0000          1.0000        302.9744
  294         20.0022         34.0000         32.0000          2.0000        302.9516
  295         20.0022         35.0000         32.0000          2.0000        302.9466
  296         20.0022         36.0000         32.0000          2.0000        302.9432
  298         20.0022         34.0000         32.0000          3.0000        302.8802
  299         20.0022         35.0000         32.0000          3.0000        302.8783
  300         20.0022         36.0000         32.0000          3.0000        302.8773
  302         20.0022         34.0000         32.0000          4.0000        302.8041
  303         20.0022         35.0000         32.0000          4.0000        302.8032
  304         20.0022         36.0000         32.0000          4.0000        302.8017
  290         20.0022         34.0000         32.0000          1.0000        302.9906
  291         20.0022         35.0000         32.0000          1.0000        302.9714
  292         20.0022         36.0000         32.0000          1.0000        302.9683
  294         20.0022         34.0000         32.0000          2.0000        302.9441
  295         20.0022         35.0000         32.0000          2.0000        302.9391
  296         20.0022         36.0000         32.0000          2.0000        302.9356
  298         20.0022         34.0000         32.0000          3.0000        302.8724
  299         20.0022         35.0000         32.0000          3.0000        302.8705
  300         20.0022         36.0000         32.0000          3.0000        302.8694
  302         20.0022         34.0000         32.0000          4.0000        302.7965
  303         20.0022         35.0000         32.0000          4.0000        302.7956
  304         20.0022         36.0000         32.0000          4.0000        302.7940
  290         21.0060         34.0000         32.0000          1.0000        301.6740
  291         21.0060         35.0000         32.0000          1.0000        301.6568
  292         21.0060         36.0000         32.0000          1.0000        301.6487
  294         21.0060         34.0000         32.0000          2.0000        301.5897
  295         21.0060         35.0000         32.0000          2.0000        301.5846
  296         21.0060         36.0000         32.0000          2.0000        301.5790
  298         21.0060         34.0000         32.0000          3.0000        301.4940
  299         21.0060         35.0000         32.0000          3.0000        301.4919
  300         21.0060         36.0000         32.0000          3.0000        301.4899
  302         21.0060         34.0000         32.0000          4.0000        301.4018
  303         21.0060         35.0000         32.0000          4.0000        301.4006
  304         21.0060         36.0000         32.0000          4.0000        301.3984
  290         21.0060         34.0000         32.0000          1.0000        301.6723
  291         21.0060         35.0000         32.0000          1.0000        301.6553
  292         21.0060         36.0000         32.0000          1.0000        301.6465
  294         21.0060         34.0000         32.0000          2.0000        301.5863
  295         21.0060         35.0000         32.0000          2.0000        301.5812
  296         21.0060         36.0000         32.0000          2.0000        301.5754
  298         21.0060         34.0000         32.0000          3.0000        301.4901
  299         21.0060         35.0000         32.0000          3.0000        301.4880
  300         21.0060         36.0000         32.0000          3.0000        301.4860
  302         21.0060         34.0000         32.0000          4.0000        301.3979
  303         21.0060         35.0000         32.0000          4.0000        301.3968
  304         21.0060         36.0000         32.0000          4.0000        301.3945
  290         22.0097         34.0000         32.0000          1.0000        300.6890
  291         22.0097         35.0000         32.0000          1.0000        300.6674
  292         22.0097         36.0000         32.0000          1.0000        300.6542
  294         22.0097         34.0000         32.0000          2.0000        300.5803
  295         22.0097         35.0000         32.0000          2.0000        300.5735
  296         22.0097         36.0000         32.0000          2.0000        300.5655
  298         22.0097         34.0000         32.0000          3.0000        300.4678
  299         22.0097         35.0000         32.0000          3.0000        300.4650
  300         22.0097         36.0000         32.0000          3.0000        300.4621
  302         22.0097         34.0000         32.0000          4.0000        300.3621
  303         22.0097         35.0000         32.0000          4.0000        300.3606
  304         22.0097         36.0000         32.0000          4.0000        300.3576
  290         22.0097         34.0000         32.0000          1.0000        300.6892
  291         22.0097         35.0000         32.0000          1.0000        300.6677
  292         22.0097         36.0000         32.0000          1.0000        300.6539
  294         22.0097         34.0000         32.0000          2.0000        300.5786
  295         22.0097         35.0000         32.0000          2.0000        300.5718
  296         22.0097         36.0000         32.0000          2.0000        300.5636
  298         22.0097         34.0000         32.0000          3.0000        300.4656
  299         22.0097         35.0000         32.0000          3.0000        300.4629
  300         22.0097         36.0000         32.0000          3.0000        300.4598
  302         22.0097         34.0000         32.0000          4.0000        300.3598
  303         22.0097         35.0000         32.0000          4.0000        300.3583
  304         22.0097         36.0000         32.0000          4.0000        300.3553
  290         23.0112         34.0000         32.0000          1.0000        300.1998
  291         23.0112         35.0000         32.0000          1.0000        300.1749
  292         23.0112         36.0000         32.0000          1.0000        300.1582
  294         23.0112         34.0000         32.0000          2.0000        300.0836
  295         23.0112         35.0000         32.0000          2.0000        300.0756
  296         23.0112         36.0000         32.0000          2.0000        300.0660
  298         23.0112         34.0000         32.0000          3.0000        299.9705
  299         23.0112         35.0000         32.0000          3.0000        299.9672
  300         23.0112         36.0000         32.0000          3.0000        299.9635
  302         23.0112         34.0000         32.0000          4.0000        299.8659
  303         23.0112         35.0000         32.0000          4.0000        299.8641
  304         23.0112         36.0000         32.0000          4.0000        299.8608
  290         23.0112         34.0000         32.0000          1.0000        300.2008
  291         23.0112         35.0000         32.0000          1.0000        300.1761
  292         23.0112         36.0000         32.0000          1.0000        300.1587
  294         23.0112         34.0000         32.0000          2.0000        300.0826
  295         23.0112         35.0000         32.0000          2.0000        300.0747
  296         23.0112         36.0000         32.0000          2.0000        300.0649
  298         23.0112         34.0000         32.0000          3.0000        299.9690
  299         23.0112         35.0000         32.0000          3.0000        299.9658
  300         23.0112         36.0000         32.0000          3.0000        299.9619
  302         23.0112         34.0000         32.0000          4.0000        299.8642
  303         23.0112         35.0000         32.0000          4.0000        299.8624
  304         23.0112         36.0000         32.0000          4.0000        299.8591
