  258          1.0142         34.0000         37.0000          1.0000          0.0000
  259          1.0142         35.0000         37.0000          1.0000          0.0000
  260          1.0142         36.0000         37.0000          1.0000          0.0000
  262          1.0142         34.0000         37.0000          2.0000          0.0000
  263          1.0142         35.0000         37.0000          2.0000          0.0000
  264          1.0142         36.0000         37.0000          2.0000          0.0000
  266          1.0142         34.0000         37.0000          3.0000          0.0000
  267          1.0142         35.0000         37.0000          3.0000          0.0000
  268          1.0142         36.0000         37.0000          3.0000          0.0000
  270          1.0142         34.0000         37.0000          4.0000          0.0000
  271          1.0142         35.0000         37.0000          4.0000          0.0000
  272          1.0142         36.0000         37.0000          4.0000          0.0000
  258          1.0142         34.0000         37.0000          1.0000          0.0000
  259          1.0142         35.0000         37.0000          1.0000          0.0000
  260          1.0142         36.0000         37.0000          1.0000          0.0000
  262          1.0142         34.0000         37.0000          2.0000          0.0000
  263          1.0142         35.0000         37.0000          2.0000          0.0000
  264          1.0142         36.0000         37.0000          2.0000          0.0000
  266          1.0142         34.0000         37.0000          3.0000          0.0000
  267          1.0142         35.0000         37.0000          3.0000          0.0000
  268          1.0142         36.0000         37.0000          3.0000          0.0000
  270          1.0142         34.0000         37.0000          4.0000          0.0000
  271          1.0142         35.0000         37.0000          4.0000          0.0000
  272          1.0142         36.0000         37.0000          4.0000          0.0000
  258          2.0285         34.0000         37.0000          1.0000          0.0000
  259          2.0285         35.0000         37.0000          1.0000          0.0000
  260          2.0285         36.0000         37.0000          1.0000          0.0000
  262          2.0285         34.0000         37.0000          2.0000          0.0000
  263          2.0285         35.0000         37.0000          2.0000          0.0000
  264          2.0285         36.0000         37.0000          2.0000          0.0000
  266          2.0285         34.0000         37.0000          3.0000          0.0000
  267          2.0285         35.0000         37.0000          3.0000          0.0000
  268          2.0285         36.0000         37.0000          3.0000          0.0000
  270          2.0285         34.0000         37.0000          4.0000          0.0000
  271          2.0285         35.0000         37.0000          4.0000          0.0000
  272          2.0285         36.0000         37.0000          4.0000          0.0000
  258          2.0285         34.0000         37.0000          1.0000          0.0000
  259          2.0285         35.0000         37.0000          1.0000          0.0000
  260          2.0285         36.0000         37.0000          1.0000          0.0000
  262          2.0285         34.0000         37.0000          2.0000          0.0000
  263          2.0285         35.0000         37.0000          2.0000          0.0000
  264          2.0285         36.0000         37.0000          2.0000          0.0000
  266          2.0285         34.0000         37.0000          3.0000          0.0000
  267          2.0285         35.0000         37.0000          3.0000          0.0000
  268          2.0285         36.0000         37.0000          3.0000          0.0000
  270          2.0285         34.0000         37.0000          4.0000          0.0000
  271          2.0285         35.0000         37.0000          4.0000          0.0000
  272          2.0285         36.0000         37.0000          4.0000          0.0000
  258          3.0037         34.0000         37.0000          1.0000          0.0000
  259          3.0037         35.0000         37.0000          1.0000          0.0000
  260          3.0037         36.0000         37.0000          1.0000          0.0000
  262          3.0037         34.0000         37.0000          2.0000          0.0000
  263          3.0037         35.0000         37.0000          2.0000          0.0000
  264          3.0037         36.0000         37.0000          2.0000          0.0000
  266          3.0037         34.0000         37.0000          3.0000          0.0000
  267          3.0037         35.0000         37.0000          3.0000          0.0000
  268          3.0037         36.0000         37.0000          3.0000          0.0000
  270          3.0037         34.0000         37.0000          4.0000          0.0000
  271          3.0037         35.0000         37.0000          4.0000          0.0000
  272          3.0037         36.0000         37.0000          4.0000          0.0000
  258          3.0037         34.0000         37.0000          1.0000          0.0000
  259          3.0037         35.0000         37.0000          1.0000          0.0000
  260          3.0037         36.0000         37.0000          1.0000          0.0000
  262          3.0037         34.0000         37.0000          2.0000          0.0000
  263          3.0037         35.0000         37.0000          2.0000          0.0000
  264          3.0037         36.0000         37.0000          2.0000          0.0000
  266          3.0037         34.0000         37.0000          3.0000          0.0000
  267          3.0037         35.0000         37.0000          3.0000          0.0000
  268          3.0037         36.0000         37.0000          3.0000          0.0000
  270          3.0037         34.0000         37.0000          4.0000          0.0000
  271          3.0037         35.0000         37.0000          4.0000          0.0000
  272          3.0037         36.0000         37.0000          4.0000          0.0000
  258          4.0179         34.0000         37.0000          1.0000          0.0000
  259          4.0179         35.0000         37.0000          1.0000          0.0000
  260          4.0179         36.0000         37.0000          1.0000          0.0000
  262          4.0179         34.0000         37.0000          2.0000          0.0000
  263          4.0179         35.0000         37.0000          2.0000          0.0000
  264          4.0179         36.0000         37.0000          2.0000          0.0000
  266          4.0179         34.0000         37.0000          3.0000          0.0000
  267          4.0179         35.0000         37.0000          3.0000          0.0000
  268          4.0179         36.0000         37.0000          3.0000          0.0000
  270          4.0179         34.0000         37.0000          4.0000          0.0000
  271          4.0179         35.0000         37.0000          4.0000          0.0000
  272          4.0179         36.0000         37.0000          4.0000          0.0000
  258          4.0179         34.0000         37.0000          1.0000          0.0000
  259          4.0179         35.0000         37.0000          1.0000          0.0000
  260          4.0179         36.0000         37.0000          1.0000          0.0000
  262          4.0179         34.0000         37.0000          2.0000          0.0000
  263          4.0179         35.0000         37.0000          2.0000          0.0000
  264          4.0179         36.0000         37.0000          2.0000          0.0000
  266          4.0179         34.0000         37.0000          3.0000          0.0000
  267          4.0179         35.0000         37.0000          3.0000          0.0000
  268          4.0179         36.0000         37.0000          3.0000          0.0000
  270          4.0179         34.0000         37.0000          4.0000          0.0000
  271          4.0179         35.0000         37.0000          4.0000          0.0000
  272          4.0179         36.0000         37.0000          4.0000          0.0000
  258          5.0321         34.0000         37.0000          1.0000          0.0000
  259          5.0321         35.0000         37.0000          1.0000          0.0000
  260          5.0321         36.0000         37.0000          1.0000          0.0000
  262          5.0321         34.0000         37.0000          2.0000          0.0000
  263          5.0321         35.0000         37.0000          2.0000          0.0000
  264          5.0321         36.0000         37.0000          2.0000          0.0000
  266          5.0321         34.0000         37.0000          3.0000          0.0000
  267          5.0321         35.0000         37.0000          3.0000          0.0000
  268          5.0321         36.0000         37.0000          3.0000          0.0000
  270          5.0321         34.0000         37.0000          4.0000          0.0000
  271          5.0321         35.0000         37.0000          4.0000          0.0000
  272          5.0321         36.0000         37.0000          4.0000          0.0000
  258          5.0321         34.0000         37.0000          1.0000          0.0000
  259          5.0321         35.0000         37.0000          1.0000          0.0000
  260          5.0321         36.0000         37.0000          1.0000          0.0000
  262          5.0321         34.0000         37.0000          2.0000          0.0000
  263          5.0321         35.0000         37.0000          2.0000          0.0000
  264          5.0321         36.0000         37.0000          2.0000          0.0000
  266          5.0321         34.0000         37.0000          3.0000          0.0000
  267          5.0321         35.0000         37.0000          3.0000          0.0000
  268          5.0321         36.0000         37.0000          3.0000          0.0000
  270          5.0321         34.0000         37.0000          4.0000          0.0000
  271          5.0321         35.0000         37.0000          4.0000          0.0000
  272          5.0321         36.0000         37.0000          4.0000          0.0000
  258          6.0269         34.0000         37.0000          1.0000          0.0000
  259          6.0269         35.0000         37.0000          1.0000          0.0000
  260          6.0269         36.0000         37.0000          1.0000          0.0000
  262          6.0269         34.0000         37.0000          2.0000          0.0000
  263          6.0269         35.0000         37.0000          2.0000          0.0000
  264          6.0269         36.0000         37.0000          2.0000          0.0000
  266          6.0269         34.0000         37.0000          3.0000          0.0000
  267          6.0269         35.0000         37.0000          3.0000          0.0000
  268          6.0269         36.0000         37.0000          3.0000          0.0000
  270          6.0269         34.0000         37.0000          4.0000          0.0000
  271          6.0269         35.0000         37.0000          4.0000          0.0000
  272          6.0269         36.0000         37.0000          4.0000          0.0000
  258          6.0269         34.0000         37.0000          1.0000          0.0000
  259          6.0269         35.0000         37.0000          1.0000          0.0000
  260          6.0269         36.0000         37.0000          1.0000          0.0000
  262          6.0269         34.0000         37.0000          2.0000          0.0000
  263          6.0269         35.0000         37.0000          2.0000          0.0000
  264          6.0269         36.0000         37.0000          2.0000          0.0000
  266          6.0269         34.0000         37.0000          3.0000          0.0000
  267          6.0269         35.0000         37.0000          3.0000          0.0000
  268          6.0269         36.0000         37.0000          3.0000          0.0000
  270          6.0269         34.0000         37.0000          4.0000          0.0000
  271          6.0269         35.0000         37.0000          4.0000          0.0000
  272          6.0269         36.0000         37.0000          4.0000          0.0000
  258          7.0411         34.0000         37.0000          1.0000          0.0915
  259          7.0411         35.0000         37.0000          1.0000          0.0915
  260          7.0411         36.0000         37.0000          1.0000          0.0920
  262          7.0411         34.0000         37.0000          2.0000          0.0969
  263          7.0411         35.0000         37.0000          2.0000          0.0969
  264          7.0411         36.0000         37.0000          2.0000          0.0971
  266          7.0411         34.0000         37.0000          3.0000          0.1017
  267          7.0411         35.0000         37.0000          3.0000          0.1017
  268          7.0411         36.0000         37.0000          3.0000          0.1018
  270          7.0411         34.0000         37.0000          4.0000          0.1063
  271          7.0411         35.0000         37.0000          4.0000          0.1063
  272          7.0411         36.0000         37.0000          4.0000          0.1064
  258          7.0411         34.0000         37.0000          1.0000          0.0915
  259          7.0411         35.0000         37.0000          1.0000          0.0915
  260          7.0411         36.0000         37.0000          1.0000          0.0920
  262          7.0411         34.0000         37.0000          2.0000          0.0969
  263          7.0411         35.0000         37.0000          2.0000          0.0969
  264          7.0411         36.0000         37.0000          2.0000          0.0971
  266          7.0411         34.0000         37.0000          3.0000          0.1017
  267          7.0411         35.0000         37.0000          3.0000          0.1017
  268          7.0411         36.0000         37.0000          3.0000          0.1018
  270          7.0411         34.0000         37.0000          4.0000          0.1063
  271          7.0411         35.0000         37.0000          4.0000          0.1063
  272          7.0411         36.0000         37.0000          4.0000          0.1064
  258          8.0046         34.0000         37.0000          1.0000          2.4857
  259          8.0046         35.0000         37.0000          1.0000          2.4860
  260          8.0046         36.0000         37.0000          1.0000          2.4976
  262          8.0046         34.0000         37.0000          2.0000          2.6184
  263          8.0046         35.0000         37.0000          2.0000          2.6185
  264          8.0046         36.0000         37.0000          2.0000          2.6241
  266          8.0046         34.0000         37.0000          3.0000          2.7384
  267          8.0046         35.0000         37.0000          3.0000          2.7384
  268          8.0046         36.0000         37.0000          3.0000          2.7399
  270          8.0046         34.0000         37.0000          4.0000          2.8519
  271          8.0046         35.0000         37.0000          4.0000          2.8519
  272          8.0046         36.0000         37.0000          4.0000          2.8541
  258          8.0046         34.0000         37.0000          1.0000          2.4854
  259          8.0046         35.0000         37.0000          1.0000          2.4858
  260          8.0046         36.0000         37.0000          1.0000          2.4974
  262          8.0046         34.0000         37.0000          2.0000          2.6183
  263          8.0046         35.0000         37.0000          2.0000          2.6184
  264          8.0046         36.0000         37.0000          2.0000          2.6239
  266          8.0046         34.0000         37.0000          3.0000          2.7383
  267          8.0046         35.0000         37.0000          3.0000          2.7383
  268          8.0046         36.0000         37.0000          3.0000          2.7398
  270          8.0046         34.0000         37.0000          4.0000          2.8518
  271          8.0046         35.0000         37.0000          4.0000          2.8519
  272          8.0046         36.0000         37.0000          4.0000          2.8540
  258          8.0046         34.0000         37.0000          1.0000          2.4852
  259          8.0046         35.0000         37.0000          1.0000          2.4855
  260          8.0046         36.0000         37.0000          1.0000          2.4971
  262          8.0046         34.0000         37.0000          2.0000          2.6181
  263          8.0046         35.0000         37.0000          2.0000          2.6182
  264          8.0046         36.0000         37.0000          2.0000          2.6238
  266          8.0046         34.0000         37.0000          3.0000          2.7382
  267          8.0046         35.0000         37.0000          3.0000          2.7382
  268          8.0046         36.0000         37.0000          3.0000          2.7397
  270          8.0046         34.0000         37.0000          4.0000          2.8517
  271          8.0046         35.0000         37.0000          4.0000          2.8518
  272          8.0046         36.0000         37.0000          4.0000          2.8539
  258          9.0117         34.0000         37.0000          1.0000         20.7358
  259          9.0117         35.0000         37.0000          1.0000         20.7379
  260          9.0117         36.0000         37.0000          1.0000         20.7934
  262          9.0117         34.0000         37.0000          2.0000         21.3742
  263          9.0117         35.0000         37.0000          2.0000         21.3742
  264          9.0117         36.0000         37.0000          2.0000         21.4003
  266          9.0117         34.0000         37.0000          3.0000         21.9532
  267          9.0117         35.0000         37.0000          3.0000         21.9525
  268          9.0117         36.0000         37.0000          3.0000         21.9585
  270          9.0117         34.0000         37.0000          4.0000         22.5023
  271          9.0117         35.0000         37.0000          4.0000         22.5011
  272          9.0117         36.0000         37.0000          4.0000         22.5106
  258          9.0117         34.0000         37.0000          1.0000         20.7341
  259          9.0117         35.0000         37.0000          1.0000         20.7361
  260          9.0117         36.0000         37.0000          1.0000         20.7918
  262          9.0117         34.0000         37.0000          2.0000         21.3732
  263          9.0117         35.0000         37.0000          2.0000         21.3731
  264          9.0117         36.0000         37.0000          2.0000         21.3994
  266          9.0117         34.0000         37.0000          3.0000         21.9525
  267          9.0117         35.0000         37.0000          3.0000         21.9517
  268          9.0117         36.0000         37.0000          3.0000         21.9578
  270          9.0117         34.0000         37.0000          4.0000         22.5017
  271          9.0117         35.0000         37.0000          4.0000         22.5005
  272          9.0117         36.0000         37.0000          4.0000         22.5100
  258          9.0117         34.0000         37.0000          1.0000         20.7324
  259          9.0117         35.0000         37.0000          1.0000         20.7343
  260          9.0117         36.0000         37.0000          1.0000         20.7901
  262          9.0117         34.0000         37.0000          2.0000         21.3722
  263          9.0117         35.0000         37.0000          2.0000         21.3721
  264          9.0117         36.0000         37.0000          2.0000         21.3984
  266          9.0117         34.0000         37.0000          3.0000         21.9517
  267          9.0117         35.0000         37.0000          3.0000         21.9510
  268          9.0117         36.0000         37.0000          3.0000         21.9571
  270          9.0117         34.0000         37.0000          4.0000         22.5011
  271          9.0117         35.0000         37.0000          4.0000         22.4999
  272          9.0117         36.0000         37.0000          4.0000         22.5094
  258         10.0022         34.0000         37.0000          1.0000         37.8811
  259         10.0022         35.0000         37.0000          1.0000         37.8854
  260         10.0022         36.0000         37.0000          1.0000         37.9792
  262         10.0022         34.0000         37.0000          2.0000         38.9415
  263         10.0022         35.0000         37.0000          2.0000         38.9420
  264         10.0022         36.0000         37.0000          2.0000         38.9868
  266         10.0022         34.0000         37.0000          3.0000         39.9020
  267         10.0022         35.0000         37.0000          3.0000         39.9020
  268         10.0022         36.0000         37.0000          3.0000         39.9131
  270         10.0022         34.0000         37.0000          4.0000         40.8132
  271         10.0022         35.0000         37.0000          4.0000         40.8125
  272         10.0022         36.0000         37.0000          4.0000         40.8296
  258         10.0022         34.0000         37.0000          1.0000         37.8776
  259         10.0022         35.0000         37.0000          1.0000         37.8817
  260         10.0022         36.0000         37.0000          1.0000         37.9759
  262         10.0022         34.0000         37.0000          2.0000         38.9394
  263         10.0022         35.0000         37.0000          2.0000         38.9400
  264         10.0022         36.0000         37.0000          2.0000         38.9849
  266         10.0022         34.0000         37.0000          3.0000         39.9005
  267         10.0022         35.0000         37.0000          3.0000         39.9005
  268         10.0022         36.0000         37.0000          3.0000         39.9117
  270         10.0022         34.0000         37.0000          4.0000         40.8120
  271         10.0022         35.0000         37.0000          4.0000         40.8114
  272         10.0022         36.0000         37.0000          4.0000         40.8284
  258         10.0022         34.0000         37.0000          1.0000         37.8741
  259         10.0022         35.0000         37.0000          1.0000         37.8781
  260         10.0022         36.0000         37.0000          1.0000         37.9727
  262         10.0022         34.0000         37.0000          2.0000         38.9374
  263         10.0022         35.0000         37.0000          2.0000         38.9379
  264         10.0022         36.0000         37.0000          2.0000         38.9830
  266         10.0022         34.0000         37.0000          3.0000         39.8991
  267         10.0022         35.0000         37.0000          3.0000         39.8990
  268         10.0022         36.0000         37.0000          3.0000         39.9103
  270         10.0022         34.0000         37.0000          4.0000         40.8109
  271         10.0022         35.0000         37.0000          4.0000         40.8102
  272         10.0022         36.0000         37.0000          4.0000         40.8273
  258         11.0065         34.0000         37.0000          1.0000         44.7443
  259         11.0065         35.0000         37.0000          1.0000         44.7499
  260         11.0065         36.0000         37.0000          1.0000         44.8905
  262         11.0065         34.0000         37.0000          2.0000         46.3275
  263         11.0065         35.0000         37.0000          2.0000         46.3289
  264         11.0065         36.0000         37.0000          2.0000         46.3961
  266         11.0065         34.0000         37.0000          3.0000         47.7587
  267         11.0065         35.0000         37.0000          3.0000         47.7594
  268         11.0065         36.0000         37.0000          3.0000         47.7769
  270         11.0065         34.0000         37.0000          4.0000         49.1147
  271         11.0065         35.0000         37.0000          4.0000         49.1146
  272         11.0065         36.0000         37.0000          4.0000         49.1406
  258         11.0065         34.0000         37.0000          1.0000         44.7396
  259         11.0065         35.0000         37.0000          1.0000         44.7450
  260         11.0065         36.0000         37.0000          1.0000         44.8861
  262         11.0065         34.0000         37.0000          2.0000         46.3248
  263         11.0065         35.0000         37.0000          2.0000         46.3261
  264         11.0065         36.0000         37.0000          2.0000         46.3935
  266         11.0065         34.0000         37.0000          3.0000         47.7567
  267         11.0065         35.0000         37.0000          3.0000         47.7574
  268         11.0065         36.0000         37.0000          3.0000         47.7750
  270         11.0065         34.0000         37.0000          4.0000         49.1132
  271         11.0065         35.0000         37.0000          4.0000         49.1130
  272         11.0065         36.0000         37.0000          4.0000         49.1390
  258         11.0065         34.0000         37.0000          1.0000         44.7349
  259         11.0065         35.0000         37.0000          1.0000         44.7401
  260         11.0065         36.0000         37.0000          1.0000         44.8818
  262         11.0065         34.0000         37.0000          2.0000         46.3220
  263         11.0065         35.0000         37.0000          2.0000         46.3233
  264         11.0065         36.0000         37.0000          2.0000         46.3909
  266         11.0065         34.0000         37.0000          3.0000         47.7548
  267         11.0065         35.0000         37.0000          3.0000         47.7554
  268         11.0065         36.0000         37.0000          3.0000         47.7731
  270         11.0065         34.0000         37.0000          4.0000         49.1116
  271         11.0065         35.0000         37.0000          4.0000         49.1114
  272         11.0065         36.0000         37.0000          4.0000         49.1375
  258         12.0044         34.0000         37.0000          1.0000         56.5704
  259         12.0044         35.0000         37.0000          1.0000         56.5834
  260         12.0044         36.0000         37.0000          1.0000         56.7327
  262         12.0044         34.0000         37.0000          2.0000         58.1932
  263         12.0044         35.0000         37.0000          2.0000         58.1987
  264         12.0044         36.0000         37.0000          2.0000         58.2722
  266         12.0044         34.0000         37.0000          3.0000         59.6601
  267         12.0044         35.0000         37.0000          3.0000         59.6621
  268         12.0044         36.0000         37.0000          3.0000         59.6853
  270         12.0044         34.0000         37.0000          4.0000         61.0493
  271         12.0044         35.0000         37.0000          4.0000         61.0515
  272         12.0044         36.0000         37.0000          4.0000         61.0823
  258         12.0044         34.0000         37.0000          1.0000         56.5643
  259         12.0044         35.0000         37.0000          1.0000         56.5769
  260         12.0044         36.0000         37.0000          1.0000         56.7270
  262         12.0044         34.0000         37.0000          2.0000         58.1897
  263         12.0044         35.0000         37.0000          2.0000         58.1951
  264         12.0044         36.0000         37.0000          2.0000         58.2689
  266         12.0044         34.0000         37.0000          3.0000         59.6576
  267         12.0044         35.0000         37.0000          3.0000         59.6596
  268         12.0044         36.0000         37.0000          3.0000         59.6829
  270         12.0044         34.0000         37.0000          4.0000         61.0473
  271         12.0044         35.0000         37.0000          4.0000         61.0495
  272         12.0044         36.0000         37.0000          4.0000         61.0804
  258         12.0044         34.0000         37.0000          1.0000         56.5582
  259         12.0044         35.0000         37.0000          1.0000         56.5705
  260         12.0044         36.0000         37.0000          1.0000         56.7214
  262         12.0044         34.0000         37.0000          2.0000         58.1861
  263         12.0044         35.0000         37.0000          2.0000         58.1915
  264         12.0044         36.0000         37.0000          2.0000         58.2655
  266         12.0044         34.0000         37.0000          3.0000         59.6551
  267         12.0044         35.0000         37.0000          3.0000         59.6571
  268         12.0044         36.0000         37.0000          3.0000         59.6804
  270         12.0044         34.0000         37.0000          4.0000         61.0452
  271         12.0044         35.0000         37.0000          4.0000         61.0474
  272         12.0044         36.0000         37.0000          4.0000         61.0784
  258         12.0044         34.0000         37.0000          1.0000         56.5521
  259         12.0044         35.0000         37.0000          1.0000         56.5641
  260         12.0044         36.0000         37.0000          1.0000         56.7157
  262         12.0044         34.0000         37.0000          2.0000         58.1826
  263         12.0044         35.0000         37.0000          2.0000         58.1878
  264         12.0044         36.0000         37.0000          2.0000         58.2622
  266         12.0044         34.0000         37.0000          3.0000         59.6526
  267         12.0044         35.0000         37.0000          3.0000         59.6545
  268         12.0044         36.0000         37.0000          3.0000         59.6780
  270         12.0044         34.0000         37.0000          4.0000         61.0432
  271         12.0044         35.0000         37.0000          4.0000         61.0454
  272         12.0044         36.0000         37.0000          4.0000         61.0764
  258         13.0152         34.0000         37.0000          1.0000         60.7245
  259         13.0152         35.0000         37.0000          1.0000         60.7380
  260         13.0152         36.0000         37.0000          1.0000         60.8833
  262         13.0152         34.0000         37.0000          2.0000         62.2898
  263         13.0152         35.0000         37.0000          2.0000         62.2953
  264         13.0152         36.0000         37.0000          2.0000         62.3673
  266         13.0152         34.0000         37.0000          3.0000         63.7047
  267         13.0152         35.0000         37.0000          3.0000         63.7063
  268         13.0152         36.0000         37.0000          3.0000         63.7297
  270         13.0152         34.0000         37.0000          4.0000         65.0446
  271         13.0152         35.0000         37.0000          4.0000         65.0465
  272         13.0152         36.0000         37.0000          4.0000         65.0776
  258         13.0152         34.0000         37.0000          1.0000         60.7177
  259         13.0152         35.0000         37.0000          1.0000         60.7309
  260         13.0152         36.0000         37.0000          1.0000         60.8771
  262         13.0152         34.0000         37.0000          2.0000         62.2860
  263         13.0152         35.0000         37.0000          2.0000         62.2914
  264         13.0152         36.0000         37.0000          2.0000         62.3637
  266         13.0152         34.0000         37.0000          3.0000         63.7020
  267         13.0152         35.0000         37.0000          3.0000         63.7035
  268         13.0152         36.0000         37.0000          3.0000         63.7271
  270         13.0152         34.0000         37.0000          4.0000         65.0424
  271         13.0152         35.0000         37.0000          4.0000         65.0443
  272         13.0152         36.0000         37.0000          4.0000         65.0754
  258         14.0195         34.0000         37.0000          1.0000         50.5879
  259         14.0195         35.0000         37.0000          1.0000         50.5975
  260         14.0195         36.0000         37.0000          1.0000         50.7595
  262         14.0195         34.0000         37.0000          2.0000         52.3848
  263         14.0195         35.0000         37.0000          2.0000         52.3887
  264         14.0195         36.0000         37.0000          2.0000         52.4674
  266         14.0195         34.0000         37.0000          3.0000         54.0080
  267         14.0195         35.0000         37.0000          3.0000         54.0097
  268         14.0195         36.0000         37.0000          3.0000         54.0330
  270         14.0195         34.0000         37.0000          4.0000         55.5450
  271         14.0195         35.0000         37.0000          4.0000         55.5465
  272         14.0195         36.0000         37.0000          4.0000         55.5788
  258         14.0195         34.0000         37.0000          1.0000         50.5822
  259         14.0195         35.0000         37.0000          1.0000         50.5916
  260         14.0195         36.0000         37.0000          1.0000         50.7543
  262         14.0195         34.0000         37.0000          2.0000         52.3815
  263         14.0195         35.0000         37.0000          2.0000         52.3854
  264         14.0195         36.0000         37.0000          2.0000         52.4642
  266         14.0195         34.0000         37.0000          3.0000         54.0056
  267         14.0195         35.0000         37.0000          3.0000         54.0073
  268         14.0195         36.0000         37.0000          3.0000         54.0307
  270         14.0195         34.0000         37.0000          4.0000         55.5431
  271         14.0195         35.0000         37.0000          4.0000         55.5446
  272         14.0195         36.0000         37.0000          4.0000         55.5769
  258         14.0195         34.0000         37.0000          1.0000         50.5765
  259         14.0195         35.0000         37.0000          1.0000         50.5856
  260         14.0195         36.0000         37.0000          1.0000         50.7490
  262         14.0195         34.0000         37.0000          2.0000         52.3782
  263         14.0195         35.0000         37.0000          2.0000         52.3820
  264         14.0195         36.0000         37.0000          2.0000         52.4611
  266         14.0195         34.0000         37.0000          3.0000         54.0033
  267         14.0195         35.0000         37.0000          3.0000         54.0049
  268         14.0195         36.0000         37.0000          3.0000         54.0285
  270         14.0195         34.0000         37.0000          4.0000         55.5412
  271         14.0195         35.0000         37.0000          4.0000         55.5427
  272         14.0195         36.0000         37.0000          4.0000         55.5751
  258         15.0076         34.0000         37.0000          1.0000         58.5333
  259         15.0076         35.0000         37.0000          1.0000         58.5472
  260         15.0076         36.0000         37.0000          1.0000         58.6836
  262         15.0076         34.0000         37.0000          2.0000         59.9955
  263         15.0076         35.0000         37.0000          2.0000         60.0014
  264         15.0076         36.0000         37.0000          2.0000         60.0693
  266         15.0076         34.0000         37.0000          3.0000         61.3176
  267         15.0076         35.0000         37.0000          3.0000         61.3197
  268         15.0076         36.0000         37.0000          3.0000         61.3421
  270         15.0076         34.0000         37.0000          4.0000         62.5698
  271         15.0076         35.0000         37.0000          4.0000         62.5721
  272         15.0076         36.0000         37.0000          4.0000         62.6015
  258         15.0076         34.0000         37.0000          1.0000         58.5269
  259         15.0076         35.0000         37.0000          1.0000         58.5406
  260         15.0076         36.0000         37.0000          1.0000         58.6777
  262         15.0076         34.0000         37.0000          2.0000         59.9919
  263         15.0076         35.0000         37.0000          2.0000         59.9977
  264         15.0076         36.0000         37.0000          2.0000         60.0659
  266         15.0076         34.0000         37.0000          3.0000         61.3151
  267         15.0076         35.0000         37.0000          3.0000         61.3170
  268         15.0076         36.0000         37.0000          3.0000         61.3396
  270         15.0076         34.0000         37.0000          4.0000         62.5678
  271         15.0076         35.0000         37.0000          4.0000         62.5701
  272         15.0076         36.0000         37.0000          4.0000         62.5995
  258         15.0076         34.0000         37.0000          1.0000         58.5206
  259         15.0076         35.0000         37.0000          1.0000         58.5339
  260         15.0076         36.0000         37.0000          1.0000         58.6719
  262         15.0076         34.0000         37.0000          2.0000         59.9883
  263         15.0076         35.0000         37.0000          2.0000         59.9940
  264         15.0076         36.0000         37.0000          2.0000         60.0624
  266         15.0076         34.0000         37.0000          3.0000         61.3125
  267         15.0076         35.0000         37.0000          3.0000         61.3144
  268         15.0076         36.0000         37.0000          3.0000         61.3371
  270         15.0076         34.0000         37.0000          4.0000         62.5657
  271         15.0076         35.0000         37.0000          4.0000         62.5680
  272         15.0076         36.0000         37.0000          4.0000         62.5974
  258         16.0022         34.0000         37.0000          1.0000         51.7534
  259         16.0022         35.0000         37.0000          1.0000         51.7668
  260         16.0022         36.0000         37.0000          1.0000         51.8854
  262         16.0022         34.0000         37.0000          2.0000         53.0268
  263         16.0022         35.0000         37.0000          2.0000         53.0325
  264         16.0022         36.0000         37.0000          2.0000         53.0920
  266         16.0022         34.0000         37.0000          3.0000         54.1792
  267         16.0022         35.0000         37.0000          3.0000         54.1815
  268         16.0022         36.0000         37.0000          3.0000         54.2012
  270         16.0022         34.0000         37.0000          4.0000         55.2711
  271         16.0022         35.0000         37.0000          4.0000         55.2734
  272         16.0022         36.0000         37.0000          4.0000         55.2991
  258         16.0022         34.0000         37.0000          1.0000         51.7481
  259         16.0022         35.0000         37.0000          1.0000         51.7612
  260         16.0022         36.0000         37.0000          1.0000         51.8806
  262         16.0022         34.0000         37.0000          2.0000         53.0237
  263         16.0022         35.0000         37.0000          2.0000         53.0294
  264         16.0022         36.0000         37.0000          2.0000         53.0891
  266         16.0022         34.0000         37.0000          3.0000         54.1771
  267         16.0022         35.0000         37.0000          3.0000         54.1793
  268         16.0022         36.0000         37.0000          3.0000         54.1991
  270         16.0022         34.0000         37.0000          4.0000         55.2694
  271         16.0022         35.0000         37.0000          4.0000         55.2716
  272         16.0022         36.0000         37.0000          4.0000         55.2974
  258         16.0022         34.0000         37.0000          1.0000         51.7429
  259         16.0022         35.0000         37.0000          1.0000         51.7557
  260         16.0022         36.0000         37.0000          1.0000         51.8757
  262         16.0022         34.0000         37.0000          2.0000         53.0207
  263         16.0022         35.0000         37.0000          2.0000         53.0263
  264         16.0022         36.0000         37.0000          2.0000         53.0862
  266         16.0022         34.0000         37.0000          3.0000         54.1749
  267         16.0022         35.0000         37.0000          3.0000         54.1771
  268         16.0022         36.0000         37.0000          3.0000         54.1970
  270         16.0022         34.0000         37.0000          4.0000         55.2677
  271         16.0022         35.0000         37.0000          4.0000         55.2699
  272         16.0022         36.0000         37.0000          4.0000         55.2957
  258         17.0105         34.0000         37.0000          1.0000         29.5198
  259         17.0105         35.0000         37.0000          1.0000         29.5262
  260         17.0105         36.0000         37.0000          1.0000         29.6274
  262         17.0105         34.0000         37.0000          2.0000         30.6510
  263         17.0105         35.0000         37.0000          2.0000         30.6538
  264         17.0105         36.0000         37.0000          2.0000         30.7030
  266         17.0105         34.0000         37.0000          3.0000         31.6740
  267         17.0105         35.0000         37.0000          3.0000         31.6754
  268         17.0105         36.0000         37.0000          3.0000         31.6898
  270         17.0105         34.0000         37.0000          4.0000         32.6426
  271         17.0105         35.0000         37.0000          4.0000         32.6438
  272         17.0105         36.0000         37.0000          4.0000         32.6639
  258         17.0105         34.0000         37.0000          1.0000         29.5169
  259         17.0105         35.0000         37.0000          1.0000         29.5231
  260         17.0105         36.0000         37.0000          1.0000         29.6246
  262         17.0105         34.0000         37.0000          2.0000         30.6492
  263         17.0105         35.0000         37.0000          2.0000         30.6520
  264         17.0105         36.0000         37.0000          2.0000         30.7013
  266         17.0105         34.0000         37.0000          3.0000         31.6728
  267         17.0105         35.0000         37.0000          3.0000         31.6741
  268         17.0105         36.0000         37.0000          3.0000         31.6886
  270         17.0105         34.0000         37.0000          4.0000         32.6416
  271         17.0105         35.0000         37.0000          4.0000         32.6427
  272         17.0105         36.0000         37.0000          4.0000         32.6629
  258         17.0105         34.0000         37.0000          1.0000         29.5139
  259         17.0105         35.0000         37.0000          1.0000         29.5200
  260         17.0105         36.0000         37.0000          1.0000         29.6219
  262         17.0105         34.0000         37.0000          2.0000         30.6475
  263         17.0105         35.0000         37.0000          2.0000         30.6502
  264         17.0105         36.0000         37.0000          2.0000         30.6997
  266         17.0105         34.0000         37.0000          3.0000         31.6715
  267         17.0105         35.0000         37.0000          3.0000         31.6729
  268         17.0105         36.0000         37.0000          3.0000         31.6874
  270         17.0105         34.0000         37.0000          4.0000         32.6406
  271         17.0105         35.0000         37.0000          4.0000         32.6417
  272         17.0105         36.0000         37.0000          4.0000         32.6619
  258         18.0036         34.0000         37.0000          1.0000         22.4061
  259         18.0036         35.0000         37.0000          1.0000         22.4120
  260         18.0036         36.0000         37.0000          1.0000         22.4746
  262         18.0036         34.0000         37.0000          2.0000         23.1022
  263         18.0036         35.0000         37.0000          2.0000         23.1051
  264         18.0036         36.0000         37.0000          2.0000         23.1362
  266         18.0036         34.0000         37.0000          3.0000         23.7332
  267         18.0036         35.0000         37.0000          3.0000         23.7350
  268         18.0036         36.0000         37.0000          3.0000         23.7449
  270         18.0036         34.0000         37.0000          4.0000         24.3311
  271         18.0036         35.0000         37.0000          4.0000         24.3328
  272         18.0036         36.0000         37.0000          4.0000         24.3463
  258         18.0036         34.0000         37.0000          1.0000         22.4042
  259         18.0036         35.0000         37.0000          1.0000         22.4101
  260         18.0036         36.0000         37.0000          1.0000         22.4729
  262         18.0036         34.0000         37.0000          2.0000         23.1011
  263         18.0036         35.0000         37.0000          2.0000         23.1040
  264         18.0036         36.0000         37.0000          2.0000         23.1352
  266         18.0036         34.0000         37.0000          3.0000         23.7324
  267         18.0036         35.0000         37.0000          3.0000         23.7342
  268         18.0036         36.0000         37.0000          3.0000         23.7441
  270         18.0036         34.0000         37.0000          4.0000         24.3304
  271         18.0036         35.0000         37.0000          4.0000         24.3321
  272         18.0036         36.0000         37.0000          4.0000         24.3456
  258         18.0036         34.0000         37.0000          1.0000         22.4023
  259         18.0036         35.0000         37.0000          1.0000         22.4081
  260         18.0036         36.0000         37.0000          1.0000         22.4711
  262         18.0036         34.0000         37.0000          2.0000         23.0999
  263         18.0036         35.0000         37.0000          2.0000         23.1028
  264         18.0036         36.0000         37.0000          2.0000         23.1341
  266         18.0036         34.0000         37.0000          3.0000         23.7315
  267         18.0036         35.0000         37.0000          3.0000         23.7333
  268         18.0036         36.0000         37.0000          3.0000         23.7433
  270         18.0036         34.0000         37.0000          4.0000         24.3298
  271         18.0036         35.0000         37.0000          4.0000         24.3315
  272         18.0036         36.0000         37.0000          4.0000         24.3450
  258         19.0092         34.0000         37.0000          1.0000          4.5449
  259         19.0092         35.0000         37.0000          1.0000          4.5458
  260         19.0092         36.0000         37.0000          1.0000          4.5635
  262         19.0092         34.0000         37.0000          2.0000          4.7484
  263         19.0092         35.0000         37.0000          2.0000          4.7488
  264         19.0092         36.0000         37.0000          2.0000          4.7573
  266         19.0092         34.0000         37.0000          3.0000          4.9326
  267         19.0092         35.0000         37.0000          3.0000          4.9328
  268         19.0092         36.0000         37.0000          3.0000          4.9352
  270         19.0092         34.0000         37.0000          4.0000          5.1071
  271         19.0092         35.0000         37.0000          4.0000          5.1073
  272         19.0092         36.0000         37.0000          4.0000          5.1107
  258         19.0092         34.0000         37.0000          1.0000          4.5445
  259         19.0092         35.0000         37.0000          1.0000          4.5453
  260         19.0092         36.0000         37.0000          1.0000          4.5631
  262         19.0092         34.0000         37.0000          2.0000          4.7482
  263         19.0092         35.0000         37.0000          2.0000          4.7485
  264         19.0092         36.0000         37.0000          2.0000          4.7571
  266         19.0092         34.0000         37.0000          3.0000          4.9325
  267         19.0092         35.0000         37.0000          3.0000          4.9327
  268         19.0092         36.0000         37.0000          3.0000          4.9350
  270         19.0092         34.0000         37.0000          4.0000          5.1069
  271         19.0092         35.0000         37.0000          4.0000          5.1071
  272         19.0092         36.0000         37.0000          4.0000          5.1105
  258         20.0022         34.0000         37.0000          1.0000          0.0000
  259         20.0022         35.0000         37.0000          1.0000          0.0000
  260         20.0022         36.0000         37.0000          1.0000          0.0000
  262         20.0022         34.0000         37.0000          2.0000          0.0000
  263         20.0022         35.0000         37.0000          2.0000          0.0000
  264         20.0022         36.0000         37.0000          2.0000          0.0000
  266         20.0022         34.0000         37.0000          3.0000          0.0000
  267         20.0022         35.0000         37.0000          3.0000          0.0000
  268         20.0022         36.0000         37.0000          3.0000          0.0000
  270         20.0022         34.0000         37.0000          4.0000          0.0000
  271         20.0022         35.0000         37.0000          4.0000          0.0000
  272         20.0022         36.0000         37.0000          4.0000          0.0000
  258         20.0022         34.0000         37.0000          1.0000          0.0000
  259         20.0022         35.0000         37.0000          1.0000          0.0000
  260         20.0022         36.0000         37.0000          1.0000          0.0000
  262         20.0022         34.0000         37.0000          2.0000          0.0000
  263         20.0022         35.0000         37.0000          2.0000          0.0000
  264         20.0022         36.0000         37.0000          2.0000          0.0000
  266         20.0022         34.0000         37.0000          3.0000          0.0000
  267         20.0022         35.0000         37.0000          3.0000          0.0000
  268         20.0022         36.0000         37.0000          3.0000          0.0000
  270         20.0022         34.0000         37.0000          4.0000          0.0000
  271         20.0022         35.0000         37.0000          4.0000          0.0000
  272         20.0022         36.0000         37.0000          4.0000          0.0000
  258         21.0060         34.0000         37.0000          1.0000          0.0000
  259         21.0060         35.0000         37.0000          1.0000          0.0000
  260         21.0060         36.0000         37.0000          1.0000          0.0000
  262         21.0060         34.0000         37.0000          2.0000          0.0000
  263         21.0060         35.0000         37.0000          2.0000          0.0000
  264         21.0060         36.0000         37.0000          2.0000          0.0000
  266         21.0060         34.0000         37.0000          3.0000          0.0000
  267         21.0060         35.0000         37.0000          3.0000          0.0000
  268         21.0060         36.0000         37.0000          3.0000          0.0000
  270         21.0060         34.0000         37.0000          4.0000          0.0000
  271         21.0060         35.0000         37.0000          4.0000          0.0000
  272         21.0060         36.0000         37.0000          4.0000          0.0000
  258         21.0060         34.0000         37.0000          1.0000          0.0000
  259         21.0060         35.0000         37.0000          1.0000          0.0000
  260         21.0060         36.0000         37.0000          1.0000          0.0000
  262         21.0060         34.0000         37.0000          2.0000          0.0000
  263         21.0060         35.0000         37.0000          2.0000          0.0000
  264         21.0060         36.0000         37.0000          2.0000          0.0000
  266         21.0060         34.0000         37.0000          3.0000          0.0000
  267         21.0060         35.0000         37.0000          3.0000          0.0000
  268         21.0060         36.0000         37.0000          3.0000          0.0000
  270         21.0060         34.0000         37.0000          4.0000          0.0000
  271         21.0060         35.0000         37.0000          4.0000          0.0000
  272         21.0060         36.0000         37.0000          4.0000          0.0000
  258         22.0097         34.0000         37.0000          1.0000          0.0000
  259         22.0097         35.0000         37.0000          1.0000          0.0000
  260         22.0097         36.0000         37.0000          1.0000          0.0000
  262         22.0097         34.0000         37.0000          2.0000          0.0000
  263         22.0097         35.0000         37.0000          2.0000          0.0000
  264         22.0097         36.0000         37.0000          2.0000          0.0000
  266         22.0097         34.0000         37.0000          3.0000          0.0000
  267         22.0097         35.0000         37.0000          3.0000          0.0000
  268         22.0097         36.0000         37.0000          3.0000          0.0000
  270         22.0097         34.0000         37.0000          4.0000          0.0000
  271         22.0097         35.0000         37.0000          4.0000          0.0000
  272         22.0097         36.0000         37.0000          4.0000          0.0000
  258         22.0097         34.0000         37.0000          1.0000          0.0000
  259         22.0097         35.0000         37.0000          1.0000          0.0000
  260         22.0097         36.0000         37.0000          1.0000          0.0000
  262         22.0097         34.0000         37.0000          2.0000          0.0000
  263         22.0097         35.0000         37.0000          2.0000          0.0000
  264         22.0097         36.0000         37.0000          2.0000          0.0000
  266         22.0097         34.0000         37.0000          3.0000          0.0000
  267         22.0097         35.0000         37.0000          3.0000          0.0000
  268         22.0097         36.0000         37.0000          3.0000          0.0000
  270         22.0097         34.0000         37.0000          4.0000          0.0000
  271         22.0097         35.0000         37.0000          4.0000          0.0000
  272         22.0097         36.0000         37.0000          4.0000          0.0000
  258         23.0112         34.0000         37.0000          1.0000          0.0000
  259         23.0112         35.0000         37.0000          1.0000          0.0000
  260         23.0112         36.0000         37.0000          1.0000          0.0000
  262         23.0112         34.0000         37.0000          2.0000          0.0000
  263         23.0112         35.0000         37.0000          2.0000          0.0000
  264         23.0112         36.0000         37.0000          2.0000          0.0000
  266         23.0112         34.0000         37.0000          3.0000          0.0000
  267         23.0112         35.0000         37.0000          3.0000          0.0000
  268         23.0112         36.0000         37.0000          3.0000          0.0000
  270         23.0112         34.0000         37.0000          4.0000          0.0000
  271         23.0112         35.0000         37.0000          4.0000          0.0000
  272         23.0112         36.0000         37.0000          4.0000          0.0000
  258         23.0112         34.0000         37.0000          1.0000          0.0000
  259         23.0112         35.0000         37.0000          1.0000          0.0000
  260         23.0112         36.0000         37.0000          1.0000          0.0000
  262         23.0112         34.0000         37.0000          2.0000          0.0000
  263         23.0112         35.0000         37.0000          2.0000          0.0000
  264         23.0112         36.0000         37.0000          2.0000          0.0000
  266         23.0112         34.0000         37.0000          3.0000          0.0000
  267         23.0112         35.0000         37.0000          3.0000          0.0000
  268         23.0112         36.0000         37.0000          3.0000          0.0000
  270         23.0112         34.0000         37.0000          4.0000          0.0000
  271         23.0112         35.0000         37.0000          4.0000          0.0000
  272         23.0112         36.0000         37.0000          4.0000          0.0000
