  257          1.0142         33.0000         37.0000          1.0000          0.0000
  261          1.0142         33.0000         37.0000          2.0000          0.0000
  265          1.0142         33.0000         37.0000          3.0000          0.0000
  269          1.0142         33.0000         37.0000          4.0000          0.0000
  257          1.0142         33.0000         37.0000          1.0000          0.0000
  261          1.0142         33.0000         37.0000          2.0000          0.0000
  265          1.0142         33.0000         37.0000          3.0000          0.0000
  269          1.0142         33.0000         37.0000          4.0000          0.0000
  257          2.0285         33.0000         37.0000          1.0000          0.0000
  261          2.0285         33.0000         37.0000          2.0000          0.0000
  265          2.0285         33.0000         37.0000          3.0000          0.0000
  269          2.0285         33.0000         37.0000          4.0000          0.0000
  257          2.0285         33.0000         37.0000          1.0000          0.0000
  261          2.0285         33.0000         37.0000          2.0000          0.0000
  265          2.0285         33.0000         37.0000          3.0000          0.0000
  269          2.0285         33.0000         37.0000          4.0000          0.0000
  257          3.0037         33.0000         37.0000          1.0000          0.0000
  261          3.0037         33.0000         37.0000          2.0000          0.0000
  265          3.0037         33.0000         37.0000          3.0000          0.0000
  269          3.0037         33.0000         37.0000          4.0000          0.0000
  257          3.0037         33.0000         37.0000          1.0000          0.0000
  261          3.0037         33.0000         37.0000          2.0000          0.0000
  265          3.0037         33.0000         37.0000          3.0000          0.0000
  269          3.0037         33.0000         37.0000          4.0000          0.0000
  257          4.0179         33.0000         37.0000          1.0000          0.0000
  261          4.0179         33.0000         37.0000          2.0000          0.0000
  265          4.0179         33.0000         37.0000          3.0000          0.0000
  269          4.0179         33.0000         37.0000          4.0000          0.0000
  257          4.0179         33.0000         37.0000          1.0000          0.0000
  261          4.0179         33.0000         37.0000          2.0000          0.0000
  265          4.0179         33.0000         37.0000          3.0000          0.0000
  269          4.0179         33.0000         37.0000          4.0000          0.0000
  257          5.0321         33.0000         37.0000          1.0000          0.0000
  261          5.0321         33.0000         37.0000          2.0000          0.0000
  265          5.0321         33.0000         37.0000          3.0000          0.0000
  269          5.0321         33.0000         37.0000          4.0000          0.0000
  257          5.0321         33.0000         37.0000          1.0000          0.0000
  261          5.0321         33.0000         37.0000          2.0000          0.0000
  265          5.0321         33.0000         37.0000          3.0000          0.0000
  269          5.0321         33.0000         37.0000          4.0000          0.0000
  257          6.0269         33.0000         37.0000          1.0000          0.0000
  261          6.0269         33.0000         37.0000          2.0000          0.0000
  265          6.0269         33.0000         37.0000          3.0000          0.0000
  269          6.0269         33.0000         37.0000          4.0000          0.0000
  257          6.0269         33.0000         37.0000          1.0000          0.0000
  261          6.0269         33.0000         37.0000          2.0000          0.0000
  265          6.0269         33.0000         37.0000          3.0000          0.0000
  269          6.0269         33.0000         37.0000          4.0000          0.0000
  257          7.0411         33.0000         37.0000          1.0000          0.0578
  261          7.0411         33.0000         37.0000          2.0000          0.0611
  265          7.0411         33.0000         37.0000          3.0000          0.0640
  269          7.0411         33.0000         37.0000          4.0000          0.0669
  257          7.0411         33.0000         37.0000          1.0000          0.0578
  261          7.0411         33.0000         37.0000          2.0000          0.0611
  265          7.0411         33.0000         37.0000          3.0000          0.0640
  269          7.0411         33.0000         37.0000          4.0000          0.0669
  257          8.0046         33.0000         37.0000          1.0000          1.4670
  261          8.0046         33.0000         37.0000          2.0000          1.5470
  265          8.0046         33.0000         37.0000          3.0000          1.6199
  269          8.0046         33.0000         37.0000          4.0000          1.6918
  257          8.0046         33.0000         37.0000          1.0000          1.4669
  261          8.0046         33.0000         37.0000          2.0000          1.5469
  265          8.0046         33.0000         37.0000          3.0000          1.6199
  269          8.0046         33.0000         37.0000          4.0000          1.6917
  257          8.0046         33.0000         37.0000          1.0000          1.4668
  261          8.0046         33.0000         37.0000          2.0000          1.5468
  265          8.0046         33.0000         37.0000          3.0000          1.6198
  269          8.0046         33.0000         37.0000          4.0000          1.6917
  257          9.0117         33.0000         37.0000          1.0000          8.7329
  261          9.0117         33.0000         37.0000          2.0000          9.1197
  265          9.0117         33.0000         37.0000          3.0000          9.4722
  269          9.0117         33.0000         37.0000          4.0000          9.8198
  257          9.0117         33.0000         37.0000          1.0000          8.7320
  261          9.0117         33.0000         37.0000          2.0000          9.1191
  265          9.0117         33.0000         37.0000          3.0000          9.4718
  269          9.0117         33.0000         37.0000          4.0000          9.8195
  257          9.0117         33.0000         37.0000          1.0000          8.7312
  261          9.0117         33.0000         37.0000          2.0000          9.1186
  265          9.0117         33.0000         37.0000          3.0000          9.4713
  269          9.0117         33.0000         37.0000          4.0000          9.8191
  257         10.0022         33.0000         37.0000          1.0000         15.4110
  261         10.0022         33.0000         37.0000          2.0000         16.0536
  265         10.0022         33.0000         37.0000          3.0000         16.6382
  269         10.0022         33.0000         37.0000          4.0000         17.2150
  257         10.0022         33.0000         37.0000          1.0000         15.4092
  261         10.0022         33.0000         37.0000          2.0000         16.0525
  265         10.0022         33.0000         37.0000          3.0000         16.6374
  269         10.0022         33.0000         37.0000          4.0000         17.2143
  257         10.0022         33.0000         37.0000          1.0000         15.4075
  261         10.0022         33.0000         37.0000          2.0000         16.0513
  265         10.0022         33.0000         37.0000          3.0000         16.6365
  269         10.0022         33.0000         37.0000          4.0000         17.2136
  257         11.0065         33.0000         37.0000          1.0000         20.8146
  261         11.0065         33.0000         37.0000          2.0000         21.7711
  265         11.0065         33.0000         37.0000          3.0000         22.6417
  269         11.0065         33.0000         37.0000          4.0000         23.5000
  257         11.0065         33.0000         37.0000          1.0000         20.8123
  261         11.0065         33.0000         37.0000          2.0000         21.7696
  265         11.0065         33.0000         37.0000          3.0000         22.6406
  269         11.0065         33.0000         37.0000          4.0000         23.4990
  257         11.0065         33.0000         37.0000          1.0000         20.8099
  261         11.0065         33.0000         37.0000          2.0000         21.7680
  265         11.0065         33.0000         37.0000          3.0000         22.6394
  269         11.0065         33.0000         37.0000          4.0000         23.4980
  257         12.0044         33.0000         37.0000          1.0000         23.8091
  261         12.0044         33.0000         37.0000          2.0000         24.7913
  265         12.0044         33.0000         37.0000          3.0000         25.6831
  269         12.0044         33.0000         37.0000          4.0000         26.5630
  257         12.0044         33.0000         37.0000          1.0000         23.8061
  261         12.0044         33.0000         37.0000          2.0000         24.7893
  265         12.0044         33.0000         37.0000          3.0000         25.6816
  269         12.0044         33.0000         37.0000          4.0000         26.5618
  257         12.0044         33.0000         37.0000          1.0000         23.8031
  261         12.0044         33.0000         37.0000          2.0000         24.7873
  265         12.0044         33.0000         37.0000          3.0000         25.6801
  269         12.0044         33.0000         37.0000          4.0000         26.5606
  257         12.0044         33.0000         37.0000          1.0000         23.8001
  261         12.0044         33.0000         37.0000          2.0000         24.7853
  265         12.0044         33.0000         37.0000          3.0000         25.6786
  269         12.0044         33.0000         37.0000          4.0000         26.5594
  257         13.0152         33.0000         37.0000          1.0000         24.4403
  261         13.0152         33.0000         37.0000          2.0000         25.3888
  265         13.0152         33.0000         37.0000          3.0000         26.2490
  269         13.0152         33.0000         37.0000          4.0000         27.0980
  257         13.0152         33.0000         37.0000          1.0000         24.4370
  261         13.0152         33.0000         37.0000          2.0000         25.3866
  265         13.0152         33.0000         37.0000          3.0000         26.2473
  269         13.0152         33.0000         37.0000          4.0000         27.0966
  257         14.0195         33.0000         37.0000          1.0000         23.8011
  261         14.0195         33.0000         37.0000          2.0000         24.8863
  265         14.0195         33.0000         37.0000          3.0000         25.8734
  269         14.0195         33.0000         37.0000          4.0000         26.8464
  257         14.0195         33.0000         37.0000          1.0000         23.7983
  261         14.0195         33.0000         37.0000          2.0000         24.8844
  265         14.0195         33.0000         37.0000          3.0000         25.8720
  269         14.0195         33.0000         37.0000          4.0000         26.8452
  257         14.0195         33.0000         37.0000          1.0000         23.7955
  261         14.0195         33.0000         37.0000          2.0000         24.8826
  265         14.0195         33.0000         37.0000          3.0000         25.8706
  269         14.0195         33.0000         37.0000          4.0000         26.8441
  257         15.0076         33.0000         37.0000          1.0000         23.1290
  261         15.0076         33.0000         37.0000          2.0000         24.0154
  265         15.0076         33.0000         37.0000          3.0000         24.8192
  269         15.0076         33.0000         37.0000          4.0000         25.6126
  257         15.0076         33.0000         37.0000          1.0000         23.1259
  261         15.0076         33.0000         37.0000          2.0000         24.0134
  265         15.0076         33.0000         37.0000          3.0000         24.8176
  269         15.0076         33.0000         37.0000          4.0000         25.6113
  257         15.0076         33.0000         37.0000          1.0000         23.1228
  261         15.0076         33.0000         37.0000          2.0000         24.0113
  265         15.0076         33.0000         37.0000          3.0000         24.8161
  269         15.0076         33.0000         37.0000          4.0000         25.6101
  257         16.0022         33.0000         37.0000          1.0000         20.1052
  261         16.0022         33.0000         37.0000          2.0000         20.8775
  265         16.0022         33.0000         37.0000          3.0000         21.5781
  269         16.0022         33.0000         37.0000          4.0000         22.2699
  257         16.0022         33.0000         37.0000          1.0000         20.1026
  261         16.0022         33.0000         37.0000          2.0000         20.8758
  265         16.0022         33.0000         37.0000          3.0000         21.5768
  269         16.0022         33.0000         37.0000          4.0000         22.2689
  257         16.0022         33.0000         37.0000          1.0000         20.1000
  261         16.0022         33.0000         37.0000          2.0000         20.8741
  265         16.0022         33.0000         37.0000          3.0000         21.5756
  269         16.0022         33.0000         37.0000          4.0000         22.2678
  257         17.0105         33.0000         37.0000          1.0000         14.2551
  261         17.0105         33.0000         37.0000          2.0000         14.9381
  265         17.0105         33.0000         37.0000          3.0000         15.5602
  269         17.0105         33.0000         37.0000          4.0000         16.1735
  257         17.0105         33.0000         37.0000          1.0000         14.2537
  261         17.0105         33.0000         37.0000          2.0000         14.9372
  265         17.0105         33.0000         37.0000          3.0000         15.5595
  269         17.0105         33.0000         37.0000          4.0000         16.1729
  257         17.0105         33.0000         37.0000          1.0000         14.2522
  261         17.0105         33.0000         37.0000          2.0000         14.9362
  265         17.0105         33.0000         37.0000          3.0000         15.5587
  269         17.0105         33.0000         37.0000          4.0000         16.1723
  257         18.0036         33.0000         37.0000          1.0000          9.4928
  261         18.0036         33.0000         37.0000          2.0000          9.9142
  265         18.0036         33.0000         37.0000          3.0000         10.2980
  269         18.0036         33.0000         37.0000          4.0000         10.6766
  257         18.0036         33.0000         37.0000          1.0000          9.4919
  261         18.0036         33.0000         37.0000          2.0000          9.9136
  265         18.0036         33.0000         37.0000          3.0000         10.2975
  269         18.0036         33.0000         37.0000          4.0000         10.6762
  257         18.0036         33.0000         37.0000          1.0000          9.4909
  261         18.0036         33.0000         37.0000          2.0000          9.9130
  265         18.0036         33.0000         37.0000          3.0000         10.2970
  269         18.0036         33.0000         37.0000          4.0000         10.6758
  257         19.0092         33.0000         37.0000          1.0000          2.3737
  261         19.0092         33.0000         37.0000          2.0000          2.4965
  265         19.0092         33.0000         37.0000          3.0000          2.6085
  269         19.0092         33.0000         37.0000          4.0000          2.7189
  257         19.0092         33.0000         37.0000          1.0000          2.3735
  261         19.0092         33.0000         37.0000          2.0000          2.4963
  265         19.0092         33.0000         37.0000          3.0000          2.6084
  269         19.0092         33.0000         37.0000          4.0000          2.7188
  257         20.0022         33.0000         37.0000          1.0000          0.0000
  261         20.0022         33.0000         37.0000          2.0000          0.0000
  265         20.0022         33.0000         37.0000          3.0000          0.0000
  269         20.0022         33.0000         37.0000          4.0000          0.0000
  257         20.0022         33.0000         37.0000          1.0000          0.0000
  261         20.0022         33.0000         37.0000          2.0000          0.0000
  265         20.0022         33.0000         37.0000          3.0000          0.0000
  269         20.0022         33.0000         37.0000          4.0000          0.0000
  257         21.0060         33.0000         37.0000          1.0000          0.0000
  261         21.0060         33.0000         37.0000          2.0000          0.0000
  265         21.0060         33.0000         37.0000          3.0000          0.0000
  269         21.0060         33.0000         37.0000          4.0000          0.0000
  257         21.0060         33.0000         37.0000          1.0000          0.0000
  261         21.0060         33.0000         37.0000          2.0000          0.0000
  265         21.0060         33.0000         37.0000          3.0000          0.0000
  269         21.0060         33.0000         37.0000          4.0000          0.0000
  257         22.0097         33.0000         37.0000          1.0000          0.0000
  261         22.0097         33.0000         37.0000          2.0000          0.0000
  265         22.0097         33.0000         37.0000          3.0000          0.0000
  269         22.0097         33.0000         37.0000          4.0000          0.0000
  257         22.0097         33.0000         37.0000          1.0000          0.0000
  261         22.0097         33.0000         37.0000          2.0000          0.0000
  265         22.0097         33.0000         37.0000          3.0000          0.0000
  269         22.0097         33.0000         37.0000          4.0000          0.0000
  257         23.0112         33.0000         37.0000          1.0000          0.0000
  261         23.0112         33.0000         37.0000          2.0000          0.0000
  265         23.0112         33.0000         37.0000          3.0000          0.0000
  269         23.0112         33.0000         37.0000          4.0000          0.0000
  257         23.0112         33.0000         37.0000          1.0000          0.0000
  261         23.0112         33.0000         37.0000          2.0000          0.0000
  265         23.0112         33.0000         37.0000          3.0000          0.0000
  269         23.0112         33.0000         37.0000          4.0000          0.0000
