  274          1.0142         37.0000         34.0000          1.0000         -5.4809
  275          1.0142         37.0000         35.0000          1.0000         -5.5233
  276          1.0142         37.0000         36.0000          1.0000         -5.5482
  278          1.0142         37.0000         34.0000          2.0000         -5.7471
  279          1.0142         37.0000         35.0000          2.0000         -5.7575
  280          1.0142         37.0000         36.0000          2.0000         -5.7634
  282          1.0142         37.0000         34.0000          3.0000         -5.9920
  283          1.0142         37.0000         35.0000          3.0000         -5.9952
  284          1.0142         37.0000         36.0000          3.0000         -5.9961
  286          1.0142         37.0000         34.0000          4.0000         -6.2343
  287          1.0142         37.0000         35.0000          4.0000         -6.2363
  288          1.0142         37.0000         36.0000          4.0000         -6.2404
  274          1.0142         37.0000         34.0000          1.0000         -5.4798
  275          1.0142         37.0000         35.0000          1.0000         -5.5218
  276          1.0142         37.0000         36.0000          1.0000         -5.5479
  278          1.0142         37.0000         34.0000          2.0000         -5.7495
  279          1.0142         37.0000         35.0000          2.0000         -5.7598
  280          1.0142         37.0000         36.0000          2.0000         -5.7661
  282          1.0142         37.0000         34.0000          3.0000         -5.9957
  283          1.0142         37.0000         35.0000          3.0000         -5.9988
  284          1.0142         37.0000         36.0000          3.0000         -5.9999
  286          1.0142         37.0000         34.0000          4.0000         -6.2384
  287          1.0142         37.0000         35.0000          4.0000         -6.2404
  288          1.0142         37.0000         36.0000          4.0000         -6.2446
  274          2.0285         37.0000         34.0000          1.0000         -6.0064
  275          2.0285         37.0000         35.0000          1.0000         -6.0517
  276          2.0285         37.0000         36.0000          1.0000         -6.0889
  278          2.0285         37.0000         34.0000          2.0000         -6.3169
  279          2.0285         37.0000         35.0000          2.0000         -6.3290
  280          2.0285         37.0000         36.0000          2.0000         -6.3413
  282          2.0285         37.0000         34.0000          3.0000         -6.5864
  283          2.0285         37.0000         35.0000          3.0000         -6.5904
  284          2.0285         37.0000         36.0000          3.0000         -6.5941
  286          2.0285         37.0000         34.0000          4.0000         -6.8476
  287          2.0285         37.0000         35.0000          4.0000         -6.8500
  288          2.0285         37.0000         36.0000          4.0000         -6.8557
  274          2.0285         37.0000         34.0000          1.0000         -6.0071
  275          2.0285         37.0000         35.0000          1.0000         -6.0520
  276          2.0285         37.0000         36.0000          1.0000         -6.0907
  278          2.0285         37.0000         34.0000          2.0000         -6.3220
  279          2.0285         37.0000         35.0000          2.0000         -6.3340
  280          2.0285         37.0000         36.0000          2.0000         -6.3468
  282          2.0285         37.0000         34.0000          3.0000         -6.5930
  283          2.0285         37.0000         35.0000          3.0000         -6.5969
  284          2.0285         37.0000         36.0000          3.0000         -6.6009
  286          2.0285         37.0000         34.0000          4.0000         -6.8547
  287          2.0285         37.0000         35.0000          4.0000         -6.8572
  288          2.0285         37.0000         36.0000          4.0000         -6.8630
  274          3.0037         37.0000         34.0000          1.0000         -4.4815
  275          3.0037         37.0000         35.0000          1.0000         -4.5218
  276          3.0037         37.0000         36.0000          1.0000         -4.5591
  278          3.0037         37.0000         34.0000          2.0000         -4.7386
  279          3.0037         37.0000         35.0000          2.0000         -4.7499
  280          3.0037         37.0000         36.0000          2.0000         -4.7636
  282          3.0037         37.0000         34.0000          3.0000         -4.9506
  283          3.0037         37.0000         35.0000          3.0000         -4.9545
  284          3.0037         37.0000         36.0000          3.0000         -4.9594
  286          3.0037         37.0000         34.0000          4.0000         -5.1433
  287          3.0037         37.0000         35.0000          4.0000         -5.1456
  288          3.0037         37.0000         36.0000          4.0000         -5.1510
  274          3.0037         37.0000         34.0000          1.0000         -4.4815
  275          3.0037         37.0000         35.0000          1.0000         -4.5215
  276          3.0037         37.0000         36.0000          1.0000         -4.5596
  278          3.0037         37.0000         34.0000          2.0000         -4.7410
  279          3.0037         37.0000         35.0000          2.0000         -4.7524
  280          3.0037         37.0000         36.0000          2.0000         -4.7664
  282          3.0037         37.0000         34.0000          3.0000         -4.9539
  283          3.0037         37.0000         35.0000          3.0000         -4.9578
  284          3.0037         37.0000         36.0000          3.0000         -4.9628
  286          3.0037         37.0000         34.0000          4.0000         -5.1470
  287          3.0037         37.0000         35.0000          4.0000         -5.1493
  288          3.0037         37.0000         36.0000          4.0000         -5.1547
  274          4.0179         37.0000         34.0000          1.0000         -4.8065
  275          4.0179         37.0000         35.0000          1.0000         -4.8500
  276          4.0179         37.0000         36.0000          1.0000         -4.8940
  278          4.0179         37.0000         34.0000          2.0000         -5.0766
  279          4.0179         37.0000         35.0000          2.0000         -5.0894
  280          4.0179         37.0000         36.0000          2.0000         -5.1065
  282          4.0179         37.0000         34.0000          3.0000         -5.2903
  283          4.0179         37.0000         35.0000          3.0000         -5.2948
  284          4.0179         37.0000         36.0000          3.0000         -5.3013
  286          4.0179         37.0000         34.0000          4.0000         -5.4813
  287          4.0179         37.0000         35.0000          4.0000         -5.4839
  288          4.0179         37.0000         36.0000          4.0000         -5.4901
  274          4.0179         37.0000         34.0000          1.0000         -4.8087
  275          4.0179         37.0000         35.0000          1.0000         -4.8520
  276          4.0179         37.0000         36.0000          1.0000         -4.8969
  278          4.0179         37.0000         34.0000          2.0000         -5.0814
  279          4.0179         37.0000         35.0000          2.0000         -5.0941
  280          4.0179         37.0000         36.0000          2.0000         -5.1116
  282          4.0179         37.0000         34.0000          3.0000         -5.2960
  283          4.0179         37.0000         35.0000          3.0000         -5.3005
  284          4.0179         37.0000         36.0000          3.0000         -5.3071
  286          4.0179         37.0000         34.0000          4.0000         -5.4874
  287          4.0179         37.0000         35.0000          4.0000         -5.4900
  288          4.0179         37.0000         36.0000          4.0000         -5.4962
  274          5.0321         37.0000         34.0000          1.0000         -4.8891
  275          5.0321         37.0000         35.0000          1.0000         -4.9339
  276          5.0321         37.0000         36.0000          1.0000         -4.9836
  278          5.0321         37.0000         34.0000          2.0000         -5.1708
  279          5.0321         37.0000         35.0000          2.0000         -5.1844
  280          5.0321         37.0000         36.0000          2.0000         -5.2045
  282          5.0321         37.0000         34.0000          3.0000         -5.3864
  283          5.0321         37.0000         35.0000          3.0000         -5.3913
  284          5.0321         37.0000         36.0000          3.0000         -5.3991
  286          5.0321         37.0000         34.0000          4.0000         -5.5760
  287          5.0321         37.0000         35.0000          4.0000         -5.5788
  288          5.0321         37.0000         36.0000          4.0000         -5.5856
  274          5.0321         37.0000         34.0000          1.0000         -4.8880
  275          5.0321         37.0000         35.0000          1.0000         -4.9327
  276          5.0321         37.0000         36.0000          1.0000         -4.9831
  278          5.0321         37.0000         34.0000          2.0000         -5.1721
  279          5.0321         37.0000         35.0000          2.0000         -5.1856
  280          5.0321         37.0000         36.0000          2.0000         -5.2060
  282          5.0321         37.0000         34.0000          3.0000         -5.3884
  283          5.0321         37.0000         35.0000          3.0000         -5.3933
  284          5.0321         37.0000         36.0000          3.0000         -5.4013
  286          5.0321         37.0000         34.0000          4.0000         -5.5784
  287          5.0321         37.0000         35.0000          4.0000         -5.5812
  288          5.0321         37.0000         36.0000          4.0000         -5.5880
  274          6.0269         37.0000         34.0000          1.0000         -4.5320
  275          6.0269         37.0000         35.0000          1.0000         -4.5764
  276          6.0269         37.0000         36.0000          1.0000         -4.6275
  278          6.0269         37.0000         34.0000          2.0000         -4.8007
  279          6.0269         37.0000         35.0000          2.0000         -4.8145
  280          6.0269         37.0000         36.0000          2.0000         -4.8356
  282          6.0269         37.0000         34.0000          3.0000         -4.9998
  283          6.0269         37.0000         35.0000          3.0000         -5.0048
  284          6.0269         37.0000         36.0000          3.0000         -5.0133
  286          6.0269         37.0000         34.0000          4.0000         -5.1719
  287          6.0269         37.0000         35.0000          4.0000         -5.1747
  288          6.0269         37.0000         36.0000          4.0000         -5.1815
  274          6.0269         37.0000         34.0000          1.0000         -4.5326
  275          6.0269         37.0000         35.0000          1.0000         -4.5768
  276          6.0269         37.0000         36.0000          1.0000         -4.6286
  278          6.0269         37.0000         34.0000          2.0000         -4.8037
  279          6.0269         37.0000         35.0000          2.0000         -4.8173
  280          6.0269         37.0000         36.0000          2.0000         -4.8387
  282          6.0269         37.0000         34.0000          3.0000         -5.0035
  283          6.0269         37.0000         35.0000          3.0000         -5.0085
  284          6.0269         37.0000         36.0000          3.0000         -5.0171
  286          6.0269         37.0000         34.0000          4.0000         -5.1759
  287          6.0269         37.0000         35.0000          4.0000         -5.1787
  288          6.0269         37.0000         36.0000          4.0000         -5.1856
  274          7.0411         37.0000         34.0000          1.0000         -4.1638
  275          7.0411         37.0000         35.0000          1.0000         -4.2074
  276          7.0411         37.0000         36.0000          1.0000         -4.2593
  278          7.0411         37.0000         34.0000          2.0000         -4.4207
  279          7.0411         37.0000         35.0000          2.0000         -4.4344
  280          7.0411         37.0000         36.0000          2.0000         -4.4563
  282          7.0411         37.0000         34.0000          3.0000         -4.6053
  283          7.0411         37.0000         35.0000          3.0000         -4.6104
  284          7.0411         37.0000         36.0000          3.0000         -4.6193
  286          7.0411         37.0000         34.0000          4.0000         -4.7623
  287          7.0411         37.0000         35.0000          4.0000         -4.7651
  288          7.0411         37.0000         36.0000          4.0000         -4.7719
  274          7.0411         37.0000         34.0000          1.0000         -4.1180
  275          7.0411         37.0000         35.0000          1.0000         -4.1612
  276          7.0411         37.0000         36.0000          1.0000         -4.2131
  278          7.0411         37.0000         34.0000          2.0000         -4.3739
  279          7.0411         37.0000         35.0000          2.0000         -4.3875
  280          7.0411         37.0000         36.0000          2.0000         -4.4093
  282          7.0411         37.0000         34.0000          3.0000         -4.5573
  283          7.0411         37.0000         35.0000          3.0000         -4.5623
  284          7.0411         37.0000         36.0000          3.0000         -4.5713
  286          7.0411         37.0000         34.0000          4.0000         -4.7131
  287          7.0411         37.0000         35.0000          4.0000         -4.7159
  288          7.0411         37.0000         36.0000          4.0000         -4.7227
  274          8.0046         37.0000         34.0000          1.0000         -0.5245
  275          8.0046         37.0000         35.0000          1.0000         -0.4619
  276          8.0046         37.0000         36.0000          1.0000         -0.3908
  278          8.0046         37.0000         34.0000          2.0000         -0.5434
  279          8.0046         37.0000         35.0000          2.0000         -0.4640
  280          8.0046         37.0000         36.0000          2.0000         -0.3834
  282          8.0046         37.0000         34.0000          3.0000         -0.5375
  283          8.0046         37.0000         35.0000          3.0000         -0.4535
  284          8.0046         37.0000         36.0000          3.0000         -0.3702
  286          8.0046         37.0000         34.0000          4.0000         -0.3508
  287          8.0046         37.0000         35.0000          4.0000         -0.3521
  288          8.0046         37.0000         36.0000          4.0000         -0.3537
  274          8.0046         37.0000         34.0000          1.0000         -0.4753
  275          8.0046         37.0000         35.0000          1.0000         -0.3977
  276          8.0046         37.0000         36.0000          1.0000         -0.3168
  278          8.0046         37.0000         34.0000          2.0000         -0.4927
  279          8.0046         37.0000         35.0000          2.0000         -0.3999
  280          8.0046         37.0000         36.0000          2.0000         -0.3108
  282          8.0046         37.0000         34.0000          3.0000         -0.4862
  283          8.0046         37.0000         35.0000          3.0000         -0.3896
  284          8.0046         37.0000         36.0000          3.0000         -0.2987
  286          8.0046         37.0000         34.0000          4.0000         -0.2812
  287          8.0046         37.0000         35.0000          4.0000         -0.2822
  288          8.0046         37.0000         36.0000          4.0000         -0.2836
  274          8.0046         37.0000         34.0000          1.0000         -0.4693
  275          8.0046         37.0000         35.0000          1.0000         -0.3914
  276          8.0046         37.0000         36.0000          1.0000         -0.3111
  278          8.0046         37.0000         34.0000          2.0000         -0.4877
  279          8.0046         37.0000         35.0000          2.0000         -0.3952
  280          8.0046         37.0000         36.0000          2.0000         -0.3067
  282          8.0046         37.0000         34.0000          3.0000         -0.4819
  283          8.0046         37.0000         35.0000          3.0000         -0.3858
  284          8.0046         37.0000         36.0000          3.0000         -0.2953
  286          8.0046         37.0000         34.0000          4.0000         -0.2782
  287          8.0046         37.0000         35.0000          4.0000         -0.2792
  288          8.0046         37.0000         36.0000          4.0000         -0.2806
  274          9.0117         37.0000         34.0000          1.0000         37.6351
  275          9.0117         37.0000         35.0000          1.0000         37.6972
  276          9.0117         37.0000         36.0000          1.0000         37.7961
  278          9.0117         37.0000         34.0000          2.0000         38.4986
  279          9.0117         37.0000         35.0000          2.0000         38.5690
  280          9.0117         37.0000         36.0000          2.0000         38.6789
  282          9.0117         37.0000         34.0000          3.0000         39.4741
  283          9.0117         37.0000         35.0000          3.0000         39.5291
  284          9.0117         37.0000         36.0000          3.0000         39.6035
  286          9.0117         37.0000         34.0000          4.0000         40.4945
  287          9.0117         37.0000         35.0000          4.0000         40.5314
  288          9.0117         37.0000         36.0000          4.0000         40.5963
  274          9.0117         37.0000         34.0000          1.0000         37.8805
  275          9.0117         37.0000         35.0000          1.0000         37.9443
  276          9.0117         37.0000         36.0000          1.0000         38.0442
  278          9.0117         37.0000         34.0000          2.0000         38.7411
  279          9.0117         37.0000         35.0000          2.0000         38.8132
  280          9.0117         37.0000         36.0000          2.0000         38.9247
  282          9.0117         37.0000         34.0000          3.0000         39.7169
  283          9.0117         37.0000         35.0000          3.0000         39.7730
  284          9.0117         37.0000         36.0000          3.0000         39.8489
  286          9.0117         37.0000         34.0000          4.0000         40.7386
  287          9.0117         37.0000         35.0000          4.0000         40.7762
  288          9.0117         37.0000         36.0000          4.0000         40.8421
  274          9.0117         37.0000         34.0000          1.0000         37.8933
  275          9.0117         37.0000         35.0000          1.0000         37.9580
  276          9.0117         37.0000         36.0000          1.0000         38.0568
  278          9.0117         37.0000         34.0000          2.0000         38.7485
  279          9.0117         37.0000         35.0000          2.0000         38.8210
  280          9.0117         37.0000         36.0000          2.0000         38.9323
  282          9.0117         37.0000         34.0000          3.0000         39.7217
  283          9.0117         37.0000         35.0000          3.0000         39.7780
  284          9.0117         37.0000         36.0000          3.0000         39.8539
  286          9.0117         37.0000         34.0000          4.0000         40.7416
  287          9.0117         37.0000         35.0000          4.0000         40.7794
  288          9.0117         37.0000         36.0000          4.0000         40.8453
  274         10.0022         37.0000         34.0000          1.0000        103.5381
  275         10.0022         37.0000         35.0000          1.0000        103.7021
  276         10.0022         37.0000         36.0000          1.0000        103.9178
  278         10.0022         37.0000         34.0000          2.0000        105.8379
  279         10.0022         37.0000         35.0000          2.0000        105.9199
  280         10.0022         37.0000         36.0000          2.0000        106.0678
  282         10.0022         37.0000         34.0000          3.0000        108.0443
  283         10.0022         37.0000         35.0000          3.0000        108.0925
  284         10.0022         37.0000         36.0000          3.0000        108.1661
  286         10.0022         37.0000         34.0000          4.0000        110.3511
  287         10.0022         37.0000         35.0000          4.0000        110.3826
  288         10.0022         37.0000         36.0000          4.0000        110.4636
  274         10.0022         37.0000         34.0000          1.0000        103.7392
  275         10.0022         37.0000         35.0000          1.0000        103.9048
  276         10.0022         37.0000         36.0000          1.0000        104.1205
  278         10.0022         37.0000         34.0000          2.0000        106.0351
  279         10.0022         37.0000         35.0000          2.0000        106.1179
  280         10.0022         37.0000         36.0000          2.0000        106.2662
  282         10.0022         37.0000         34.0000          3.0000        108.2391
  283         10.0022         37.0000         35.0000          3.0000        108.2878
  284         10.0022         37.0000         36.0000          3.0000        108.3618
  286         10.0022         37.0000         34.0000          4.0000        110.5435
  287         10.0022         37.0000         35.0000          4.0000        110.5754
  288         10.0022         37.0000         36.0000          4.0000        110.6568
  274         10.0022         37.0000         34.0000          1.0000        103.7541
  275         10.0022         37.0000         35.0000          1.0000        103.9203
  276         10.0022         37.0000         36.0000          1.0000        104.1348
  278         10.0022         37.0000         34.0000          2.0000        106.0456
  279         10.0022         37.0000         35.0000          2.0000        106.1287
  280         10.0022         37.0000         36.0000          2.0000        106.2766
  282         10.0022         37.0000         34.0000          3.0000        108.2475
  283         10.0022         37.0000         35.0000          3.0000        108.2963
  284         10.0022         37.0000         36.0000          3.0000        108.3702
  286         10.0022         37.0000         34.0000          4.0000        110.5506
  287         10.0022         37.0000         35.0000          4.0000        110.5825
  288         10.0022         37.0000         36.0000          4.0000        110.6639
  274         11.0065         37.0000         34.0000          1.0000        142.3157
  275         11.0065         37.0000         35.0000          1.0000        142.5335
  276         11.0065         37.0000         36.0000          1.0000        143.0125
  278         11.0065         37.0000         34.0000          2.0000        146.7886
  279         11.0065         37.0000         35.0000          2.0000        146.8756
  280         11.0065         37.0000         36.0000          2.0000        147.1225
  282         11.0065         37.0000         34.0000          3.0000        150.7388
  283         11.0065         37.0000         35.0000          3.0000        150.7808
  284         11.0065         37.0000         36.0000          3.0000        150.8706
  286         11.0065         37.0000         34.0000          4.0000        154.7066
  287         11.0065         37.0000         35.0000          4.0000        154.7309
  288         11.0065         37.0000         36.0000          4.0000        154.8318
  274         11.0065         37.0000         34.0000          1.0000        142.4884
  275         11.0065         37.0000         35.0000          1.0000        142.7075
  276         11.0065         37.0000         36.0000          1.0000        143.1865
  278         11.0065         37.0000         34.0000          2.0000        146.9584
  279         11.0065         37.0000         35.0000          2.0000        147.0458
  280         11.0065         37.0000         36.0000          2.0000        147.2927
  282         11.0065         37.0000         34.0000          3.0000        150.9053
  283         11.0065         37.0000         35.0000          3.0000        150.9475
  284         11.0065         37.0000         36.0000          3.0000        151.0373
  286         11.0065         37.0000         34.0000          4.0000        154.8695
  287         11.0065         37.0000         35.0000          4.0000        154.8939
  288         11.0065         37.0000         36.0000          4.0000        154.9947
  274         11.0065         37.0000         34.0000          1.0000        142.5051
  275         11.0065         37.0000         35.0000          1.0000        142.7246
  276         11.0065         37.0000         36.0000          1.0000        143.2029
  278         11.0065         37.0000         34.0000          2.0000        146.9722
  279         11.0065         37.0000         35.0000          2.0000        147.0597
  280         11.0065         37.0000         36.0000          2.0000        147.3063
  282         11.0065         37.0000         34.0000          3.0000        150.9176
  283         11.0065         37.0000         35.0000          3.0000        150.9599
  284         11.0065         37.0000         36.0000          3.0000        151.0495
  286         11.0065         37.0000         34.0000          4.0000        154.8806
  287         11.0065         37.0000         35.0000          4.0000        154.9051
  288         11.0065         37.0000         36.0000          4.0000        155.0059
  274         12.0044         37.0000         34.0000          1.0000        135.2627
  275         12.0044         37.0000         35.0000          1.0000        135.6345
  276         12.0044         37.0000         36.0000          1.0000        137.1128
  278         12.0044         37.0000         34.0000          2.0000        142.9966
  279         12.0044         37.0000         35.0000          2.0000        143.2412
  280         12.0044         37.0000         36.0000          2.0000        144.1065
  282         12.0044         37.0000         34.0000          3.0000        148.5482
  283         12.0044         37.0000         35.0000          3.0000        148.6661
  284         12.0044         37.0000         36.0000          3.0000        148.9915
  286         12.0044         37.0000         34.0000          4.0000        153.3061
  287         12.0044         37.0000         35.0000          4.0000        153.3618
  288         12.0044         37.0000         36.0000          4.0000        153.5590
  274         12.0044         37.0000         34.0000          1.0000        129.7341
  275         12.0044         37.0000         35.0000          1.0000        130.1896
  276         12.0044         37.0000         36.0000          1.0000        132.4424
  278         12.0044         37.0000         34.0000          2.0000        139.8454
  279         12.0044         37.0000         35.0000          2.0000        140.2117
  280         12.0044         37.0000         36.0000          2.0000        141.5751
  282         12.0044         37.0000         34.0000          3.0000        146.4927
  283         12.0044         37.0000         35.0000          3.0000        146.6705
  284         12.0044         37.0000         36.0000          3.0000        147.1896
  286         12.0044         37.0000         34.0000          4.0000        151.7165
  287         12.0044         37.0000         35.0000          4.0000        151.7985
  288         12.0044         37.0000         36.0000          4.0000        152.0700
  274         12.0044         37.0000         34.0000          1.0000        129.4088
  275         12.0044         37.0000         35.0000          1.0000        129.8633
  276         12.0044         37.0000         36.0000          1.0000        132.1967
  278         12.0044         37.0000         34.0000          2.0000        139.7598
  279         12.0044         37.0000         35.0000          2.0000        140.1318
  280         12.0044         37.0000         36.0000          2.0000        141.5392
  282         12.0044         37.0000         34.0000          3.0000        146.5145
  283         12.0044         37.0000         35.0000          3.0000        146.6956
  284         12.0044         37.0000         36.0000          3.0000        147.2318
  286         12.0044         37.0000         34.0000          4.0000        151.7860
  287         12.0044         37.0000         35.0000          4.0000        151.8695
  288         12.0044         37.0000         36.0000          4.0000        152.1478
  274         12.0044         37.0000         34.0000          1.0000        129.3984
  275         12.0044         37.0000         35.0000          1.0000        129.8526
  276         12.0044         37.0000         36.0000          1.0000        132.1892
  278         12.0044         37.0000         34.0000          2.0000        139.7554
  279         12.0044         37.0000         35.0000          2.0000        140.1271
  280         12.0044         37.0000         36.0000          2.0000        141.5348
  282         12.0044         37.0000         34.0000          3.0000        146.5111
  283         12.0044         37.0000         35.0000          3.0000        146.6920
  284         12.0044         37.0000         36.0000          3.0000        147.2283
  286         12.0044         37.0000         34.0000          4.0000        151.7828
  287         12.0044         37.0000         35.0000          4.0000        151.8662
  288         12.0044         37.0000         36.0000          4.0000        152.1446
  274         13.0152         37.0000         34.0000          1.0000        138.7204
  275         13.0152         37.0000         35.0000          1.0000        139.2771
  276         13.0152         37.0000         36.0000          1.0000        142.6345
  278         13.0152         37.0000         34.0000          2.0000        150.8889
  279         13.0152         37.0000         35.0000          2.0000        151.1419
  280         13.0152         37.0000         36.0000          2.0000        152.1712
  282         13.0152         37.0000         34.0000          3.0000        156.8530
  283         13.0152         37.0000         35.0000          3.0000        156.9534
  284         13.0152         37.0000         36.0000          3.0000        157.2684
  286         13.0152         37.0000         34.0000          4.0000        161.5807
  287         13.0152         37.0000         35.0000          4.0000        161.6259
  288         13.0152         37.0000         36.0000          4.0000        161.8060
  274         13.0152         37.0000         34.0000          1.0000        138.6947
  275         13.0152         37.0000         35.0000          1.0000        139.2515
  276         13.0152         37.0000         36.0000          1.0000        142.6017
  278         13.0152         37.0000         34.0000          2.0000        150.8443
  279         13.0152         37.0000         35.0000          2.0000        151.0972
  280         13.0152         37.0000         36.0000          2.0000        152.1243
  282         13.0152         37.0000         34.0000          3.0000        156.8039
  283         13.0152         37.0000         35.0000          3.0000        156.9042
  284         13.0152         37.0000         36.0000          3.0000        157.2184
  286         13.0152         37.0000         34.0000          4.0000        161.5309
  287         13.0152         37.0000         35.0000          4.0000        161.5761
  288         13.0152         37.0000         36.0000          4.0000        161.7558
  274         14.0195         37.0000         34.0000          1.0000        158.0402
  275         14.0195         37.0000         35.0000          1.0000        158.3351
  276         14.0195         37.0000         36.0000          1.0000        160.3221
  278         14.0195         37.0000         34.0000          2.0000        168.9519
  279         14.0195         37.0000         35.0000          2.0000        169.0895
  280         14.0195         37.0000         36.0000          2.0000        169.8526
  282         14.0195         37.0000         34.0000          3.0000        175.6925
  283         14.0195         37.0000         35.0000          3.0000        175.7555
  284         14.0195         37.0000         36.0000          3.0000        175.9937
  286         14.0195         37.0000         34.0000          4.0000        181.4986
  287         14.0195         37.0000         35.0000          4.0000        181.5304
  288         14.0195         37.0000         36.0000          4.0000        181.7003
  274         14.0195         37.0000         34.0000          1.0000        158.9580
  275         14.0195         37.0000         35.0000          1.0000        159.2570
  276         14.0195         37.0000         36.0000          1.0000        161.2712
  278         14.0195         37.0000         34.0000          2.0000        169.9374
  279         14.0195         37.0000         35.0000          2.0000        170.0767
  280         14.0195         37.0000         36.0000          2.0000        170.8503
  282         14.0195         37.0000         34.0000          3.0000        176.6848
  283         14.0195         37.0000         35.0000          3.0000        176.7487
  284         14.0195         37.0000         36.0000          3.0000        176.9911
  286         14.0195         37.0000         34.0000          4.0000        182.4784
  287         14.0195         37.0000         35.0000          4.0000        182.5107
  288         14.0195         37.0000         36.0000          4.0000        182.6821
  274         14.0195         37.0000         34.0000          1.0000        159.0267
  275         14.0195         37.0000         35.0000          1.0000        159.3280
  276         14.0195         37.0000         36.0000          1.0000        161.3393
  278         14.0195         37.0000         34.0000          2.0000        169.9954
  279         14.0195         37.0000         35.0000          2.0000        170.1354
  280         14.0195         37.0000         36.0000          2.0000        170.9081
  282         14.0195         37.0000         34.0000          3.0000        176.7372
  283         14.0195         37.0000         35.0000          3.0000        176.8014
  284         14.0195         37.0000         36.0000          3.0000        177.0434
  286         14.0195         37.0000         34.0000          4.0000        182.5267
  287         14.0195         37.0000         35.0000          4.0000        182.5591
  288         14.0195         37.0000         36.0000          4.0000        182.7303
  274         15.0076         37.0000         34.0000          1.0000        105.2035
  275         15.0076         37.0000         35.0000          1.0000        105.5836
  276         15.0076         37.0000         36.0000          1.0000        108.0726
  278         15.0076         37.0000         34.0000          2.0000        116.5080
  279         15.0076         37.0000         35.0000          2.0000        116.7927
  280         15.0076         37.0000         36.0000          2.0000        118.0683
  282         15.0076         37.0000         34.0000          3.0000        122.2966
  283         15.0076         37.0000         35.0000          3.0000        122.4352
  284         15.0076         37.0000         36.0000          3.0000        122.8942
  286         15.0076         37.0000         34.0000          4.0000        126.4479
  287         15.0076         37.0000         35.0000          4.0000        126.5118
  288         15.0076         37.0000         36.0000          4.0000        126.7404
  274         15.0076         37.0000         34.0000          1.0000        104.2230
  275         15.0076         37.0000         35.0000          1.0000        104.6009
  276         15.0076         37.0000         36.0000          1.0000        107.0552
  278         15.0076         37.0000         34.0000          2.0000        115.4267
  279         15.0076         37.0000         35.0000          2.0000        115.7101
  280         15.0076         37.0000         36.0000          2.0000        116.9719
  282         15.0076         37.0000         34.0000          3.0000        121.1826
  283         15.0076         37.0000         35.0000          3.0000        121.3205
  284         15.0076         37.0000         36.0000          3.0000        121.7740
  286         15.0076         37.0000         34.0000          4.0000        125.3257
  287         15.0076         37.0000         35.0000          4.0000        125.3892
  288         15.0076         37.0000         36.0000          4.0000        125.6153
  274         15.0076         37.0000         34.0000          1.0000        104.1544
  275         15.0076         37.0000         35.0000          1.0000        104.5300
  276         15.0076         37.0000         36.0000          1.0000        106.9863
  278         15.0076         37.0000         34.0000          2.0000        115.3689
  279         15.0076         37.0000         35.0000          2.0000        115.6515
  280         15.0076         37.0000         36.0000          2.0000        116.9140
  282         15.0076         37.0000         34.0000          3.0000        121.1316
  283         15.0076         37.0000         35.0000          3.0000        121.2692
  284         15.0076         37.0000         36.0000          3.0000        121.7230
  286         15.0076         37.0000         34.0000          4.0000        125.2804
  287         15.0076         37.0000         35.0000          4.0000        125.3437
  288         15.0076         37.0000         36.0000          4.0000        125.5700
  274         16.0022         37.0000         34.0000          1.0000        107.0332
  275         16.0022         37.0000         35.0000          1.0000        107.5725
  276         16.0022         37.0000         36.0000          1.0000        110.5329
  278         16.0022         37.0000         34.0000          2.0000        117.8046
  279         16.0022         37.0000         35.0000          2.0000        118.3207
  280         16.0022         37.0000         36.0000          2.0000        120.2066
  282         16.0022         37.0000         34.0000          3.0000        124.3455
  283         16.0022         37.0000         35.0000          3.0000        124.6205
  284         16.0022         37.0000         36.0000          3.0000        125.4192
  286         16.0022         37.0000         34.0000          4.0000        129.1071
  287         16.0022         37.0000         35.0000          4.0000        129.2389
  288         16.0022         37.0000         36.0000          4.0000        129.6328
  274         16.0022         37.0000         34.0000          1.0000        107.0070
  275         16.0022         37.0000         35.0000          1.0000        107.5458
  276         16.0022         37.0000         36.0000          1.0000        110.4979
  278         16.0022         37.0000         34.0000          2.0000        117.7594
  279         16.0022         37.0000         35.0000          2.0000        118.2744
  280         16.0022         37.0000         36.0000          2.0000        120.1554
  282         16.0022         37.0000         34.0000          3.0000        124.2920
  283         16.0022         37.0000         35.0000          3.0000        124.5660
  284         16.0022         37.0000         36.0000          3.0000        125.3624
  286         16.0022         37.0000         34.0000          4.0000        129.0502
  287         16.0022         37.0000         35.0000          4.0000        129.1813
  288         16.0022         37.0000         36.0000          4.0000        129.5737
  274         16.0022         37.0000         34.0000          1.0000        107.0059
  275         16.0022         37.0000         35.0000          1.0000        107.5447
  276         16.0022         37.0000         36.0000          1.0000        110.4964
  278         16.0022         37.0000         34.0000          2.0000        117.7573
  279         16.0022         37.0000         35.0000          2.0000        118.2723
  280         16.0022         37.0000         36.0000          2.0000        120.1531
  282         16.0022         37.0000         34.0000          3.0000        124.2895
  283         16.0022         37.0000         35.0000          3.0000        124.5636
  284         16.0022         37.0000         36.0000          3.0000        125.3598
  286         16.0022         37.0000         34.0000          4.0000        129.0475
  287         16.0022         37.0000         35.0000          4.0000        129.1787
  288         16.0022         37.0000         36.0000          4.0000        129.5711
  274         17.0105         37.0000         34.0000          1.0000         91.2753
  275         17.0105         37.0000         35.0000          1.0000         91.5941
  276         17.0105         37.0000         36.0000          1.0000         93.2828
  278         17.0105         37.0000         34.0000          2.0000         98.2861
  279         17.0105         37.0000         35.0000          2.0000         98.5942
  280         17.0105         37.0000         36.0000          2.0000         99.6726
  282         17.0105         37.0000         34.0000          3.0000        103.1768
  283         17.0105         37.0000         35.0000          3.0000        103.3589
  284         17.0105         37.0000         36.0000          3.0000        103.8408
  286         17.0105         37.0000         34.0000          4.0000        107.2398
  287         17.0105         37.0000         35.0000          4.0000        107.3370
  288         17.0105         37.0000         36.0000          4.0000        107.6086
  274         17.0105         37.0000         34.0000          1.0000         91.8098
  275         17.0105         37.0000         35.0000          1.0000         92.1312
  276         17.0105         37.0000         36.0000          1.0000         93.8337
  278         17.0105         37.0000         34.0000          2.0000         98.8496
  279         17.0105         37.0000         35.0000          2.0000         99.1587
  280         17.0105         37.0000         36.0000          2.0000        100.2422
  282         17.0105         37.0000         34.0000          3.0000        103.7430
  283         17.0105         37.0000         35.0000          3.0000        103.9258
  284         17.0105         37.0000         36.0000          3.0000        104.4099
  286         17.0105         37.0000         34.0000          4.0000        107.7995
  287         17.0105         37.0000         35.0000          4.0000        107.8973
  288         17.0105         37.0000         36.0000          4.0000        108.1700
  274         17.0105         37.0000         34.0000          1.0000         91.8507
  275         17.0105         37.0000         35.0000          1.0000         92.1734
  276         17.0105         37.0000         36.0000          1.0000         93.8740
  278         17.0105         37.0000         34.0000          2.0000         98.8837
  279         17.0105         37.0000         35.0000          2.0000         99.1931
  280         17.0105         37.0000         36.0000          2.0000        100.2759
  282         17.0105         37.0000         34.0000          3.0000        103.7737
  283         17.0105         37.0000         35.0000          3.0000        103.9565
  284         17.0105         37.0000         36.0000          3.0000        104.4403
  286         17.0105         37.0000         34.0000          4.0000        107.8277
  287         17.0105         37.0000         35.0000          4.0000        107.9255
  288         17.0105         37.0000         36.0000          4.0000        108.1981
  274         18.0036         37.0000         34.0000          1.0000         55.3939
  275         18.0036         37.0000         35.0000          1.0000         55.5757
  276         18.0036         37.0000         36.0000          1.0000         56.5807
  278         18.0036         37.0000         34.0000          2.0000         59.3313
  279         18.0036         37.0000         35.0000          2.0000         59.5143
  280         18.0036         37.0000         36.0000          2.0000         60.1684
  282         18.0036         37.0000         34.0000          3.0000         62.0657
  283         18.0036         37.0000         35.0000          3.0000         62.1856
  284         18.0036         37.0000         36.0000          3.0000         62.4969
  286         18.0036         37.0000         34.0000          4.0000         64.3893
  287         18.0036         37.0000         35.0000          4.0000         64.4600
  288         18.0036         37.0000         36.0000          4.0000         64.6414
  274         18.0036         37.0000         34.0000          1.0000         54.9131
  275         18.0036         37.0000         35.0000          1.0000         55.0936
  276         18.0036         37.0000         36.0000          1.0000         56.0756
  278         18.0036         37.0000         34.0000          2.0000         58.7972
  279         18.0036         37.0000         35.0000          2.0000         58.9789
  280         18.0036         37.0000         36.0000          2.0000         59.6229
  282         18.0036         37.0000         34.0000          3.0000         61.5197
  283         18.0036         37.0000         35.0000          3.0000         61.6387
  284         18.0036         37.0000         36.0000          3.0000         61.9455
  286         18.0036         37.0000         34.0000          4.0000         63.8463
  287         18.0036         37.0000         35.0000          4.0000         63.9164
  288         18.0036         37.0000         36.0000          4.0000         64.0957
  274         18.0036         37.0000         34.0000          1.0000         54.8764
  275         18.0036         37.0000         35.0000          1.0000         55.0556
  276         18.0036         37.0000         36.0000          1.0000         56.0391
  278         18.0036         37.0000         34.0000          2.0000         58.7663
  279         18.0036         37.0000         35.0000          2.0000         58.9475
  280         18.0036         37.0000         36.0000          2.0000         59.5919
  282         18.0036         37.0000         34.0000          3.0000         61.4915
  283         18.0036         37.0000         35.0000          3.0000         61.6104
  284         18.0036         37.0000         36.0000          3.0000         61.9173
  286         18.0036         37.0000         34.0000          4.0000         63.8201
  287         18.0036         37.0000         35.0000          4.0000         63.8902
  288         18.0036         37.0000         36.0000          4.0000         64.0696
  274         19.0092         37.0000         34.0000          1.0000         16.5983
  275         19.0092         37.0000         35.0000          1.0000         16.6602
  276         19.0092         37.0000         36.0000          1.0000         17.0018
  278         19.0092         37.0000         34.0000          2.0000         17.7191
  279         19.0092         37.0000         35.0000          2.0000         17.7805
  280         19.0092         37.0000         36.0000          2.0000         17.9941
  282         19.0092         37.0000         34.0000          3.0000         18.3758
  283         19.0092         37.0000         35.0000          3.0000         18.4149
  284         19.0092         37.0000         36.0000          3.0000         18.5154
  286         19.0092         37.0000         34.0000          4.0000         18.8684
  287         19.0092         37.0000         35.0000          4.0000         18.8907
  288         19.0092         37.0000         36.0000          4.0000         18.9451
  274         19.0092         37.0000         34.0000          1.0000         16.5556
  275         19.0092         37.0000         35.0000          1.0000         16.6177
  276         19.0092         37.0000         36.0000          1.0000         16.9542
  278         19.0092         37.0000         34.0000          2.0000         17.6642
  279         19.0092         37.0000         35.0000          2.0000         17.7251
  280         19.0092         37.0000         36.0000          2.0000         17.9361
  282         19.0092         37.0000         34.0000          3.0000         18.3169
  283         19.0092         37.0000         35.0000          3.0000         18.3554
  284         19.0092         37.0000         36.0000          3.0000         18.4547
  286         19.0092         37.0000         34.0000          4.0000         18.8084
  287         19.0092         37.0000         35.0000          4.0000         18.8305
  288         19.0092         37.0000         36.0000          4.0000         18.8841
  274         20.0022         37.0000         34.0000          1.0000         -2.2031
  275         20.0022         37.0000         35.0000          1.0000         -2.1952
  276         20.0022         37.0000         36.0000          1.0000         -2.1073
  278         20.0022         37.0000         34.0000          2.0000         -2.2220
  279         20.0022         37.0000         35.0000          2.0000         -2.2048
  280         20.0022         37.0000         36.0000          2.0000         -2.1453
  282         20.0022         37.0000         34.0000          3.0000         -2.3832
  283         20.0022         37.0000         35.0000          3.0000         -2.3721
  284         20.0022         37.0000         36.0000          3.0000         -2.3415
  286         20.0022         37.0000         34.0000          4.0000         -2.6184
  287         20.0022         37.0000         35.0000          4.0000         -2.6127
  288         20.0022         37.0000         36.0000          4.0000         -2.6011
  274         20.0022         37.0000         34.0000          1.0000         -2.2332
  275         20.0022         37.0000         35.0000          1.0000         -2.2251
  276         20.0022         37.0000         36.0000          1.0000         -2.1400
  278         20.0022         37.0000         34.0000          2.0000         -2.2599
  279         20.0022         37.0000         35.0000          2.0000         -2.2427
  280         20.0022         37.0000         36.0000          2.0000         -2.1843
  282         20.0022         37.0000         34.0000          3.0000         -2.4239
  283         20.0022         37.0000         35.0000          3.0000         -2.4129
  284         20.0022         37.0000         36.0000          3.0000         -2.3827
  286         20.0022         37.0000         34.0000          4.0000         -2.6602
  287         20.0022         37.0000         35.0000          4.0000         -2.6546
  288         20.0022         37.0000         36.0000          4.0000         -2.6432
  274         21.0060         37.0000         34.0000          1.0000         -5.5045
  275         21.0060         37.0000         35.0000          1.0000         -5.5140
  276         21.0060         37.0000         36.0000          1.0000         -5.4715
  278         21.0060         37.0000         34.0000          2.0000         -5.7102
  279         21.0060         37.0000         35.0000          2.0000         -5.7029
  280         21.0060         37.0000         36.0000          2.0000         -5.6697
  282         21.0060         37.0000         34.0000          3.0000         -5.9990
  283         21.0060         37.0000         35.0000          3.0000         -5.9935
  284         21.0060         37.0000         36.0000          3.0000         -5.9749
  286         21.0060         37.0000         34.0000          4.0000         -6.3411
  287         21.0060         37.0000         35.0000          4.0000         -6.3388
  288         21.0060         37.0000         36.0000          4.0000         -6.3344
  274         21.0060         37.0000         34.0000          1.0000         -5.5191
  275         21.0060         37.0000         35.0000          1.0000         -5.5282
  276         21.0060         37.0000         36.0000          1.0000         -5.4880
  278         21.0060         37.0000         34.0000          2.0000         -5.7316
  279         21.0060         37.0000         35.0000          2.0000         -5.7242
  280         21.0060         37.0000         36.0000          2.0000         -5.6919
  282         21.0060         37.0000         34.0000          3.0000         -6.0226
  283         21.0060         37.0000         35.0000          3.0000         -6.0171
  284         21.0060         37.0000         36.0000          3.0000         -5.9989
  286         21.0060         37.0000         34.0000          4.0000         -6.3656
  287         21.0060         37.0000         35.0000          4.0000         -6.3632
  288         21.0060         37.0000         36.0000          4.0000         -6.3591
  274         22.0097         37.0000         34.0000          1.0000         -3.7299
  275         22.0097         37.0000         35.0000          1.0000         -3.7484
  276         22.0097         37.0000         36.0000          1.0000         -3.7347
  278         22.0097         37.0000         34.0000          2.0000         -3.9197
  279         22.0097         37.0000         35.0000          2.0000         -3.9193
  280         22.0097         37.0000         36.0000          2.0000         -3.9044
  282         22.0097         37.0000         34.0000          3.0000         -4.1461
  283         22.0097         37.0000         35.0000          3.0000         -4.1443
  284         22.0097         37.0000         36.0000          3.0000         -4.1352
  286         22.0097         37.0000         34.0000          4.0000         -4.3875
  287         22.0097         37.0000         35.0000          4.0000         -4.3870
  288         22.0097         37.0000         36.0000          4.0000         -4.3861
  274         22.0097         37.0000         34.0000          1.0000         -3.7421
  275         22.0097         37.0000         35.0000          1.0000         -3.7606
  276         22.0097         37.0000         36.0000          1.0000         -3.7480
  278         22.0097         37.0000         34.0000          2.0000         -3.9351
  279         22.0097         37.0000         35.0000          2.0000         -3.9348
  280         22.0097         37.0000         36.0000          2.0000         -3.9203
  282         22.0097         37.0000         34.0000          3.0000         -4.1628
  283         22.0097         37.0000         35.0000          3.0000         -4.1610
  284         22.0097         37.0000         36.0000          3.0000         -4.1521
  286         22.0097         37.0000         34.0000          4.0000         -4.4048
  287         22.0097         37.0000         35.0000          4.0000         -4.4043
  288         22.0097         37.0000         36.0000          4.0000         -4.4035
  274         23.0112         37.0000         34.0000          1.0000         -4.2317
  275         23.0112         37.0000         35.0000          1.0000         -4.2598
  276         23.0112         37.0000         36.0000          1.0000         -4.2573
  278         23.0112         37.0000         34.0000          2.0000         -4.4406
  279         23.0112         37.0000         35.0000          2.0000         -4.4438
  280         23.0112         37.0000         36.0000          2.0000         -4.4347
  282         23.0112         37.0000         34.0000          3.0000         -4.6682
  283         23.0112         37.0000         35.0000          3.0000         -4.6679
  284         23.0112         37.0000         36.0000          3.0000         -4.6616
  286         23.0112         37.0000         34.0000          4.0000         -4.9001
  287         23.0112         37.0000         35.0000          4.0000         -4.9004
  288         23.0112         37.0000         36.0000          4.0000         -4.9009
  274         23.0112         37.0000         34.0000          1.0000         -4.2368
  275         23.0112         37.0000         35.0000          1.0000         -4.2648
  276         23.0112         37.0000         36.0000          1.0000         -4.2633
  278         23.0112         37.0000         34.0000          2.0000         -4.4485
  279         23.0112         37.0000         35.0000          2.0000         -4.4517
  280         23.0112         37.0000         36.0000          2.0000         -4.4429
  282         23.0112         37.0000         34.0000          3.0000         -4.6770
  283         23.0112         37.0000         35.0000          3.0000         -4.6767
  284         23.0112         37.0000         36.0000          3.0000         -4.6706
  286         23.0112         37.0000         34.0000          4.0000         -4.9093
  287         23.0112         37.0000         35.0000          4.0000         -4.9095
  288         23.0112         37.0000         36.0000          4.0000         -4.9101
