  305          1.0142         32.0000         33.0000          1.0000          6.0300
  309          1.0142         32.0000         33.0000          2.0000          6.0076
  313          1.0142         32.0000         33.0000          3.0000          5.9871
  317          1.0142         32.0000         33.0000          4.0000          6.0279
  305          1.0142         32.0000         33.0000          1.0000          6.0220
  309          1.0142         32.0000         33.0000          2.0000          5.9991
  313          1.0142         32.0000         33.0000          3.0000          5.9784
  317          1.0142         32.0000         33.0000          4.0000          6.0191
  305          2.0285         32.0000         33.0000          1.0000          7.3107
  309          2.0285         32.0000         33.0000          2.0000          7.2568
  313          2.0285         32.0000         33.0000          3.0000          7.2160
  317          2.0285         32.0000         33.0000          4.0000          7.2512
  305          2.0285         32.0000         33.0000          1.0000          7.3028
  309          2.0285         32.0000         33.0000          2.0000          7.2483
  313          2.0285         32.0000         33.0000          3.0000          7.2073
  317          2.0285         32.0000         33.0000          4.0000          7.2424
  305          3.0037         32.0000         33.0000          1.0000          4.3329
  309          3.0037         32.0000         33.0000          2.0000          4.2684
  313          3.0037         32.0000         33.0000          3.0000          4.2260
  317          3.0037         32.0000         33.0000          4.0000          4.2271
  305          3.0037         32.0000         33.0000          1.0000          4.3326
  309          3.0037         32.0000         33.0000          2.0000          4.2677
  313          3.0037         32.0000         33.0000          3.0000          4.2250
  317          3.0037         32.0000         33.0000          4.0000          4.2260
  305          4.0179         32.0000         33.0000          1.0000          3.6242
  309          4.0179         32.0000         33.0000          2.0000          3.5421
  313          4.0179         32.0000         33.0000          3.0000          3.4912
  317          4.0179         32.0000         33.0000          4.0000          3.4821
  305          4.0179         32.0000         33.0000          1.0000          3.6158
  309          4.0179         32.0000         33.0000          2.0000          3.5333
  313          4.0179         32.0000         33.0000          3.0000          3.4823
  317          4.0179         32.0000         33.0000          4.0000          3.4730
  305          5.0321         32.0000         33.0000          1.0000          3.1664
  309          5.0321         32.0000         33.0000          2.0000          3.0675
  313          5.0321         32.0000         33.0000          3.0000          3.0078
  317          5.0321         32.0000         33.0000          4.0000          2.9884
  305          5.0321         32.0000         33.0000          1.0000          3.1595
  309          5.0321         32.0000         33.0000          2.0000          3.0604
  313          5.0321         32.0000         33.0000          3.0000          3.0006
  317          5.0321         32.0000         33.0000          4.0000          2.9810
  305          6.0269         32.0000         33.0000          1.0000          2.9586
  309          6.0269         32.0000         33.0000          2.0000          2.8506
  313          6.0269         32.0000         33.0000          3.0000          2.7876
  317          6.0269         32.0000         33.0000          4.0000          2.7636
  305          6.0269         32.0000         33.0000          1.0000          2.9498
  309          6.0269         32.0000         33.0000          2.0000          2.8415
  313          6.0269         32.0000         33.0000          3.0000          2.7784
  317          6.0269         32.0000         33.0000          4.0000          2.7543
  305          7.0411         32.0000         33.0000          1.0000          2.8068
  309          7.0411         32.0000         33.0000          2.0000          2.6898
  313          7.0411         32.0000         33.0000          3.0000          2.6231
  317          7.0411         32.0000         33.0000          4.0000          2.5942
  305          7.0411         32.0000         33.0000          1.0000          2.8130
  309          7.0411         32.0000         33.0000          2.0000          2.6963
  313          7.0411         32.0000         33.0000          3.0000          2.6298
  317          7.0411         32.0000         33.0000          4.0000          2.6010
  305          8.0046         32.0000         33.0000          1.0000          3.4493
  309          8.0046         32.0000         33.0000          2.0000          3.3766
  313          8.0046         32.0000         33.0000          3.0000          3.3477
  317          8.0046         32.0000         33.0000          4.0000          3.3545
  305          8.0046         32.0000         33.0000          1.0000          3.4684
  309          8.0046         32.0000         33.0000          2.0000          3.3965
  313          8.0046         32.0000         33.0000          3.0000          3.3682
  317          8.0046         32.0000         33.0000          4.0000          3.3753
  305          8.0046         32.0000         33.0000          1.0000          3.4721
  309          8.0046         32.0000         33.0000          2.0000          3.4001
  313          8.0046         32.0000         33.0000          3.0000          3.3716
  317          8.0046         32.0000         33.0000          4.0000          3.3785
  305          9.0117         32.0000         33.0000          1.0000          9.6798
  309          9.0117         32.0000         33.0000          2.0000         10.0461
  313          9.0117         32.0000         33.0000          3.0000         10.3406
  317          9.0117         32.0000         33.0000          4.0000         10.6485
  305          9.0117         32.0000         33.0000          1.0000          9.7211
  309          9.0117         32.0000         33.0000          2.0000         10.0910
  313          9.0117         32.0000         33.0000          3.0000         10.3870
  317          9.0117         32.0000         33.0000          4.0000         10.6955
  305          9.0117         32.0000         33.0000          1.0000          9.7257
  309          9.0117         32.0000         33.0000          2.0000         10.0955
  313          9.0117         32.0000         33.0000          3.0000         10.3913
  317          9.0117         32.0000         33.0000          4.0000         10.6996
  305         10.0022         32.0000         33.0000          1.0000         24.0247
  309         10.0022         32.0000         33.0000          2.0000         25.6523
  313         10.0022         32.0000         33.0000          3.0000         26.8351
  317         10.0022         32.0000         33.0000          4.0000         27.9156
  305         10.0022         32.0000         33.0000          1.0000         24.0731
  309         10.0022         32.0000         33.0000          2.0000         25.7046
  313         10.0022         32.0000         33.0000          3.0000         26.8887
  317         10.0022         32.0000         33.0000          4.0000         27.9693
  305         10.0022         32.0000         33.0000          1.0000         24.0769
  309         10.0022         32.0000         33.0000          2.0000         25.7079
  313         10.0022         32.0000         33.0000          3.0000         26.8918
  317         10.0022         32.0000         33.0000          4.0000         27.9722
  305         11.0065         32.0000         33.0000          1.0000         37.6515
  309         11.0065         32.0000         33.0000          2.0000         40.9094
  313         11.0065         32.0000         33.0000          3.0000         43.1347
  317         11.0065         32.0000         33.0000          4.0000         45.0655
  305         11.0065         32.0000         33.0000          1.0000         37.7151
  309         11.0065         32.0000         33.0000          2.0000         40.9802
  313         11.0065         32.0000         33.0000          3.0000         43.2069
  317         11.0065         32.0000         33.0000          4.0000         45.1363
  305         11.0065         32.0000         33.0000          1.0000         37.7199
  309         11.0065         32.0000         33.0000          2.0000         40.9844
  313         11.0065         32.0000         33.0000          3.0000         43.2106
  317         11.0065         32.0000         33.0000          4.0000         45.1398
  305         12.0044         32.0000         33.0000          1.0000         71.5121
  309         12.0044         32.0000         33.0000          2.0000         75.6835
  313         12.0044         32.0000         33.0000          3.0000         78.2985
  317         12.0044         32.0000         33.0000          4.0000         80.5364
  305         12.0044         32.0000         33.0000          1.0000         74.0822
  309         12.0044         32.0000         33.0000          2.0000         77.0484
  313         12.0044         32.0000         33.0000          3.0000         79.1423
  317         12.0044         32.0000         33.0000          4.0000         81.1542
  305         12.0044         32.0000         33.0000          1.0000         74.2123
  309         12.0044         32.0000         33.0000          2.0000         77.1017
  313         12.0044         32.0000         33.0000          3.0000         79.1625
  317         12.0044         32.0000         33.0000          4.0000         81.1587
  305         12.0044         32.0000         33.0000          1.0000         74.2175
  309         12.0044         32.0000         33.0000          2.0000         77.1035
  313         12.0044         32.0000         33.0000          3.0000         79.1631
  317         12.0044         32.0000         33.0000          4.0000         81.1588
  305         13.0152         32.0000         33.0000          1.0000         71.9334
  309         13.0152         32.0000         33.0000          2.0000         75.6822
  313         13.0152         32.0000         33.0000          3.0000         78.0788
  317         13.0152         32.0000         33.0000          4.0000         80.2431
  305         13.0152         32.0000         33.0000          1.0000         71.9150
  309         13.0152         32.0000         33.0000          2.0000         75.6592
  313         13.0152         32.0000         33.0000          3.0000         78.0545
  317         13.0152         32.0000         33.0000          4.0000         80.2186
  305         14.0195         32.0000         33.0000          1.0000         83.1530
  309         14.0195         32.0000         33.0000          2.0000         87.3069
  313         14.0195         32.0000         33.0000          3.0000         90.2422
  317         14.0195         32.0000         33.0000          4.0000         92.9625
  305         14.0195         32.0000         33.0000          1.0000         83.6322
  309         14.0195         32.0000         33.0000          2.0000         87.8042
  313         14.0195         32.0000         33.0000          3.0000         90.7332
  317         14.0195         32.0000         33.0000          4.0000         93.4392
  305         14.0195         32.0000         33.0000          1.0000         83.6624
  309         14.0195         32.0000         33.0000          2.0000         87.8296
  313         14.0195         32.0000         33.0000          3.0000         90.7561
  317         14.0195         32.0000         33.0000          4.0000         93.4605
  305         15.0076         32.0000         33.0000          1.0000         75.8073
  309         15.0076         32.0000         33.0000          2.0000         78.2959
  313         15.0076         32.0000         33.0000          3.0000         79.9516
  317         15.0076         32.0000         33.0000          4.0000         81.5808
  305         15.0076         32.0000         33.0000          1.0000         75.3315
  309         15.0076         32.0000         33.0000          2.0000         77.7878
  313         15.0076         32.0000         33.0000          3.0000         79.4381
  317         15.0076         32.0000         33.0000          4.0000         81.0713
  305         15.0076         32.0000         33.0000          1.0000         75.3015
  309         15.0076         32.0000         33.0000          2.0000         77.7608
  313         15.0076         32.0000         33.0000          3.0000         79.4132
  317         15.0076         32.0000         33.0000          4.0000         81.0480
  305         16.0022         32.0000         33.0000          1.0000        106.3953
  309         16.0022         32.0000         33.0000          2.0000        108.9320
  313         16.0022         32.0000         33.0000          3.0000        110.6580
  317         16.0022         32.0000         33.0000          4.0000        112.4065
  305         16.0022         32.0000         33.0000          1.0000        106.3699
  309         16.0022         32.0000         33.0000          2.0000        108.9041
  313         16.0022         32.0000         33.0000          3.0000        110.6299
  317         16.0022         32.0000         33.0000          4.0000        112.3790
  305         16.0022         32.0000         33.0000          1.0000        106.3688
  309         16.0022         32.0000         33.0000          2.0000        108.9026
  313         16.0022         32.0000         33.0000          3.0000        110.6284
  317         16.0022         32.0000         33.0000          4.0000        112.3774
  305         17.0105         32.0000         33.0000          1.0000         90.0352
  309         17.0105         32.0000         33.0000          2.0000         92.5750
  313         17.0105         32.0000         33.0000          3.0000         94.3927
  317         17.0105         32.0000         33.0000          4.0000         96.2213
  305         17.0105         32.0000         33.0000          1.0000         90.3095
  309         17.0105         32.0000         33.0000          2.0000         92.8640
  313         17.0105         32.0000         33.0000          3.0000         94.6806
  317         17.0105         32.0000         33.0000          4.0000         96.5030
  305         17.0105         32.0000         33.0000          1.0000         90.3279
  309         17.0105         32.0000         33.0000          2.0000         92.8801
  313         17.0105         32.0000         33.0000          3.0000         94.6953
  317         17.0105         32.0000         33.0000          4.0000         96.5168
  305         18.0036         32.0000         33.0000          1.0000         79.6979
  309         18.0036         32.0000         33.0000          2.0000         81.3944
  313         18.0036         32.0000         33.0000          3.0000         82.5881
  317         18.0036         32.0000         33.0000          4.0000         83.9049
  305         18.0036         32.0000         33.0000          1.0000         79.4159
  309         18.0036         32.0000         33.0000          2.0000         81.0981
  313         18.0036         32.0000         33.0000          3.0000         82.2936
  317         18.0036         32.0000         33.0000          4.0000         83.6176
  305         18.0036         32.0000         33.0000          1.0000         79.3978
  309         18.0036         32.0000         33.0000          2.0000         81.0823
  313         18.0036         32.0000         33.0000          3.0000         82.2792
  317         18.0036         32.0000         33.0000          4.0000         83.6041
  305         19.0092         32.0000         33.0000          1.0000         44.6129
  309         19.0092         32.0000         33.0000          2.0000         45.6098
  313         19.0092         32.0000         33.0000          3.0000         46.2702
  317         19.0092         32.0000         33.0000          4.0000         49.2702
  305         19.0092         32.0000         33.0000          1.0000         44.5849
  309         19.0092         32.0000         33.0000          2.0000         45.5789
  313         19.0092         32.0000         33.0000          3.0000         46.2260
  317         19.0092         32.0000         33.0000          4.0000         49.2370
  305         20.0022         32.0000         33.0000          1.0000         22.6669
  309         20.0022         32.0000         33.0000          2.0000         23.0656
  313         20.0022         32.0000         33.0000          3.0000         23.5449
  317         20.0022         32.0000         33.0000          4.0000         24.0119
  305         20.0022         32.0000         33.0000          1.0000         22.6396
  309         20.0022         32.0000         33.0000          2.0000         23.0363
  313         20.0022         32.0000         33.0000          3.0000         23.5156
  317         20.0022         32.0000         33.0000          4.0000         23.9818
  305         21.0060         32.0000         33.0000          1.0000         18.8283
  309         21.0060         32.0000         33.0000          2.0000         19.0881
  313         21.0060         32.0000         33.0000          3.0000         19.3417
  317         21.0060         32.0000         33.0000          4.0000         19.6053
  305         21.0060         32.0000         33.0000          1.0000         18.8137
  309         21.0060         32.0000         33.0000          2.0000         19.0720
  313         21.0060         32.0000         33.0000          3.0000         19.3252
  317         21.0060         32.0000         33.0000          4.0000         19.5889
  305         22.0097         32.0000         33.0000          1.0000         10.3962
  309         22.0097         32.0000         33.0000          2.0000         10.4981
  313         22.0097         32.0000         33.0000          3.0000         10.5993
  317         22.0097         32.0000         33.0000          4.0000         10.6871
  305         22.0097         32.0000         33.0000          1.0000         10.3857
  309         22.0097         32.0000         33.0000          2.0000         10.4867
  313         22.0097         32.0000         33.0000          3.0000         10.5875
  317         22.0097         32.0000         33.0000          4.0000         10.6752
  305         23.0112         32.0000         33.0000          1.0000          7.0674
  309         23.0112         32.0000         33.0000          2.0000          7.1101
  313         23.0112         32.0000         33.0000          3.0000          7.1638
  317         23.0112         32.0000         33.0000          4.0000          7.1968
  305         23.0112         32.0000         33.0000          1.0000          7.0563
  309         23.0112         32.0000         33.0000          2.0000          7.0983
  313         23.0112         32.0000         33.0000          3.0000          7.1517
  317         23.0112         32.0000         33.0000          4.0000          7.1845
