  274          1.0142         37.0000         34.0000          1.0000        299.5966
  275          1.0142         37.0000         35.0000          1.0000        299.5810
  276          1.0142         37.0000         36.0000          1.0000        299.5719
  278          1.0142         37.0000         34.0000          2.0000        299.4995
  279          1.0142         37.0000         35.0000          2.0000        299.4957
  280          1.0142         37.0000         36.0000          2.0000        299.4936
  282          1.0142         37.0000         34.0000          3.0000        299.4109
  283          1.0142         37.0000         35.0000          3.0000        299.4098
  284          1.0142         37.0000         36.0000          3.0000        299.4094
  286          1.0142         37.0000         34.0000          4.0000        299.3281
  287          1.0142         37.0000         35.0000          4.0000        299.3274
  288          1.0142         37.0000         36.0000          4.0000        299.3259
  274          1.0142         37.0000         34.0000          1.0000        299.5991
  275          1.0142         37.0000         35.0000          1.0000        299.5837
  276          1.0142         37.0000         36.0000          1.0000        299.5740
  278          1.0142         37.0000         34.0000          2.0000        299.5001
  279          1.0142         37.0000         35.0000          2.0000        299.4964
  280          1.0142         37.0000         36.0000          2.0000        299.4940
  282          1.0142         37.0000         34.0000          3.0000        299.4109
  283          1.0142         37.0000         35.0000          3.0000        299.4098
  284          1.0142         37.0000         36.0000          3.0000        299.4093
  286          1.0142         37.0000         34.0000          4.0000        299.3278
  287          1.0142         37.0000         35.0000          4.0000        299.3271
  288          1.0142         37.0000         36.0000          4.0000        299.3256
  274          2.0285         37.0000         34.0000          1.0000        299.3983
  275          2.0285         37.0000         35.0000          1.0000        299.3837
  276          2.0285         37.0000         36.0000          1.0000        299.3717
  278          2.0285         37.0000         34.0000          2.0000        299.2987
  279          2.0285         37.0000         35.0000          2.0000        299.2948
  280          2.0285         37.0000         36.0000          2.0000        299.2909
  282          2.0285         37.0000         34.0000          3.0000        299.2129
  283          2.0285         37.0000         35.0000          3.0000        299.2117
  284          2.0285         37.0000         36.0000          3.0000        299.2105
  286          2.0285         37.0000         34.0000          4.0000        299.1352
  287          2.0285         37.0000         35.0000          4.0000        299.1344
  288          2.0285         37.0000         36.0000          4.0000        299.1326
  274          2.0285         37.0000         34.0000          1.0000        299.3997
  275          2.0285         37.0000         35.0000          1.0000        299.3852
  276          2.0285         37.0000         36.0000          1.0000        299.3727
  278          2.0285         37.0000         34.0000          2.0000        299.2984
  279          2.0285         37.0000         35.0000          2.0000        299.2945
  280          2.0285         37.0000         36.0000          2.0000        299.2904
  282          2.0285         37.0000         34.0000          3.0000        299.2120
  283          2.0285         37.0000         35.0000          3.0000        299.2108
  284          2.0285         37.0000         36.0000          3.0000        299.2095
  286          2.0285         37.0000         34.0000          4.0000        299.1340
  287          2.0285         37.0000         35.0000          4.0000        299.1333
  288          2.0285         37.0000         36.0000          4.0000        299.1314
  274          3.0037         37.0000         34.0000          1.0000        299.0404
  275          3.0037         37.0000         35.0000          1.0000        299.0235
  276          3.0037         37.0000         36.0000          1.0000        299.0081
  278          3.0037         37.0000         34.0000          2.0000        298.9341
  279          3.0037         37.0000         35.0000          2.0000        298.9294
  280          3.0037         37.0000         36.0000          2.0000        298.9238
  282          3.0037         37.0000         34.0000          3.0000        298.8473
  283          3.0037         37.0000         35.0000          3.0000        298.8457
  284          3.0037         37.0000         36.0000          3.0000        298.8437
  286          3.0037         37.0000         34.0000          4.0000        298.7695
  287          3.0037         37.0000         35.0000          4.0000        298.7686
  288          3.0037         37.0000         36.0000          4.0000        298.7664
  274          3.0037         37.0000         34.0000          1.0000        299.0426
  275          3.0037         37.0000         35.0000          1.0000        299.0260
  276          3.0037         37.0000         36.0000          1.0000        299.0099
  278          3.0037         37.0000         34.0000          2.0000        298.9344
  279          3.0037         37.0000         35.0000          2.0000        298.9297
  280          3.0037         37.0000         36.0000          2.0000        298.9239
  282          3.0037         37.0000         34.0000          3.0000        298.8469
  283          3.0037         37.0000         35.0000          3.0000        298.8453
  284          3.0037         37.0000         36.0000          3.0000        298.8432
  286          3.0037         37.0000         34.0000          4.0000        298.7688
  287          3.0037         37.0000         35.0000          4.0000        298.7678
  288          3.0037         37.0000         36.0000          4.0000        298.7656
  274          4.0179         37.0000         34.0000          1.0000        298.8175
  275          4.0179         37.0000         35.0000          1.0000        298.7996
  276          4.0179         37.0000         36.0000          1.0000        298.7817
  278          4.0179         37.0000         34.0000          2.0000        298.7076
  279          4.0179         37.0000         35.0000          2.0000        298.7024
  280          4.0179         37.0000         36.0000          2.0000        298.6955
  282          4.0179         37.0000         34.0000          3.0000        298.6216
  283          4.0179         37.0000         35.0000          3.0000        298.6197
  284          4.0179         37.0000         36.0000          3.0000        298.6171
  286          4.0179         37.0000         34.0000          4.0000        298.5456
  287          4.0179         37.0000         35.0000          4.0000        298.5446
  288          4.0179         37.0000         36.0000          4.0000        298.5422
  274          4.0179         37.0000         34.0000          1.0000        298.8199
  275          4.0179         37.0000         35.0000          1.0000        298.8022
  276          4.0179         37.0000         36.0000          1.0000        298.7836
  278          4.0179         37.0000         34.0000          2.0000        298.7081
  279          4.0179         37.0000         35.0000          2.0000        298.7030
  280          4.0179         37.0000         36.0000          2.0000        298.6958
  282          4.0179         37.0000         34.0000          3.0000        298.6214
  283          4.0179         37.0000         35.0000          3.0000        298.6196
  284          4.0179         37.0000         36.0000          3.0000        298.6169
  286          4.0179         37.0000         34.0000          4.0000        298.5452
  287          4.0179         37.0000         35.0000          4.0000        298.5442
  288          4.0179         37.0000         36.0000          4.0000        298.5417
  274          5.0321         37.0000         34.0000          1.0000        298.5840
  275          5.0321         37.0000         35.0000          1.0000        298.5656
  276          5.0321         37.0000         36.0000          1.0000        298.5455
  278          5.0321         37.0000         34.0000          2.0000        298.4699
  279          5.0321         37.0000         35.0000          2.0000        298.4644
  280          5.0321         37.0000         36.0000          2.0000        298.4564
  282          5.0321         37.0000         34.0000          3.0000        298.3835
  283          5.0321         37.0000         35.0000          3.0000        298.3816
  284          5.0321         37.0000         36.0000          3.0000        298.3784
  286          5.0321         37.0000         34.0000          4.0000        298.3085
  287          5.0321         37.0000         35.0000          4.0000        298.3075
  288          5.0321         37.0000         36.0000          4.0000        298.3048
  274          5.0321         37.0000         34.0000          1.0000        298.5870
  275          5.0321         37.0000         35.0000          1.0000        298.5688
  276          5.0321         37.0000         36.0000          1.0000        298.5481
  278          5.0321         37.0000         34.0000          2.0000        298.4711
  279          5.0321         37.0000         35.0000          2.0000        298.4657
  280          5.0321         37.0000         36.0000          2.0000        298.4574
  282          5.0321         37.0000         34.0000          3.0000        298.3840
  283          5.0321         37.0000         35.0000          3.0000        298.3821
  284          5.0321         37.0000         36.0000          3.0000        298.3789
  286          5.0321         37.0000         34.0000          4.0000        298.3087
  287          5.0321         37.0000         35.0000          4.0000        298.3076
  288          5.0321         37.0000         36.0000          4.0000        298.3049
  274          6.0269         37.0000         34.0000          1.0000        298.4876
  275          6.0269         37.0000         35.0000          1.0000        298.4690
  276          6.0269         37.0000         36.0000          1.0000        298.4479
  278          6.0269         37.0000         34.0000          2.0000        298.3767
  279          6.0269         37.0000         35.0000          2.0000        298.3711
  280          6.0269         37.0000         36.0000          2.0000        298.3624
  282          6.0269         37.0000         34.0000          3.0000        298.2955
  283          6.0269         37.0000         35.0000          3.0000        298.2934
  284          6.0269         37.0000         36.0000          3.0000        298.2900
  286          6.0269         37.0000         34.0000          4.0000        298.2262
  287          6.0269         37.0000         35.0000          4.0000        298.2251
  288          6.0269         37.0000         36.0000          4.0000        298.2223
  274          6.0269         37.0000         34.0000          1.0000        298.4902
  275          6.0269         37.0000         35.0000          1.0000        298.4718
  276          6.0269         37.0000         36.0000          1.0000        298.4501
  278          6.0269         37.0000         34.0000          2.0000        298.3775
  279          6.0269         37.0000         35.0000          2.0000        298.3719
  280          6.0269         37.0000         36.0000          2.0000        298.3630
  282          6.0269         37.0000         34.0000          3.0000        298.2955
  283          6.0269         37.0000         35.0000          3.0000        298.2935
  284          6.0269         37.0000         36.0000          3.0000        298.2900
  286          6.0269         37.0000         34.0000          4.0000        298.2260
  287          6.0269         37.0000         35.0000          4.0000        298.2248
  288          6.0269         37.0000         36.0000          4.0000        298.2221
  274          7.0411         37.0000         34.0000          1.0000        298.3918
  275          7.0411         37.0000         35.0000          1.0000        298.3732
  276          7.0411         37.0000         36.0000          1.0000        298.3514
  278          7.0411         37.0000         34.0000          2.0000        298.2846
  279          7.0411         37.0000         35.0000          2.0000        298.2788
  280          7.0411         37.0000         36.0000          2.0000        298.2698
  282          7.0411         37.0000         34.0000          3.0000        298.2086
  283          7.0411         37.0000         35.0000          3.0000        298.2064
  284          7.0411         37.0000         36.0000          3.0000        298.2028
  286          7.0411         37.0000         34.0000          4.0000        298.1449
  287          7.0411         37.0000         35.0000          4.0000        298.1437
  288          7.0411         37.0000         36.0000          4.0000        298.1409
  274          7.0411         37.0000         34.0000          1.0000        298.3988
  275          7.0411         37.0000         35.0000          1.0000        298.3804
  276          7.0411         37.0000         36.0000          1.0000        298.3583
  278          7.0411         37.0000         34.0000          2.0000        298.2900
  279          7.0411         37.0000         35.0000          2.0000        298.2842
  280          7.0411         37.0000         36.0000          2.0000        298.2751
  282          7.0411         37.0000         34.0000          3.0000        298.2129
  283          7.0411         37.0000         35.0000          3.0000        298.2108
  284          7.0411         37.0000         36.0000          3.0000        298.2071
  286          7.0411         37.0000         34.0000          4.0000        298.1485
  287          7.0411         37.0000         35.0000          4.0000        298.1473
  288          7.0411         37.0000         36.0000          4.0000        298.1445
  274          8.0046         37.0000         34.0000          1.0000        300.1951
  275          8.0046         37.0000         35.0000          1.0000        300.2526
  276          8.0046         37.0000         36.0000          1.0000        300.3155
  278          8.0046         37.0000         34.0000          2.0000        300.1836
  279          8.0046         37.0000         35.0000          2.0000        300.2525
  280          8.0046         37.0000         36.0000          2.0000        300.3220
  282          8.0046         37.0000         34.0000          3.0000        300.1890
  283          8.0046         37.0000         35.0000          3.0000        300.2611
  284          8.0046         37.0000         36.0000          3.0000        300.3326
  286          8.0046         37.0000         34.0000          4.0000        300.3479
  287          8.0046         37.0000         35.0000          4.0000        300.3470
  288          8.0046         37.0000         36.0000          4.0000        300.3458
  274          8.0046         37.0000         34.0000          1.0000        300.2094
  275          8.0046         37.0000         35.0000          1.0000        300.2665
  276          8.0046         37.0000         36.0000          1.0000        300.3289
  278          8.0046         37.0000         34.0000          2.0000        300.1967
  279          8.0046         37.0000         35.0000          2.0000        300.2645
  280          8.0046         37.0000         36.0000          2.0000        300.3333
  282          8.0046         37.0000         34.0000          3.0000        300.2011
  283          8.0046         37.0000         35.0000          3.0000        300.2720
  284          8.0046         37.0000         36.0000          3.0000        300.3428
  286          8.0046         37.0000         34.0000          4.0000        300.3569
  287          8.0046         37.0000         35.0000          4.0000        300.3561
  288          8.0046         37.0000         36.0000          4.0000        300.3550
  274          8.0046         37.0000         34.0000          1.0000        300.2110
  275          8.0046         37.0000         35.0000          1.0000        300.2687
  276          8.0046         37.0000         36.0000          1.0000        300.3311
  278          8.0046         37.0000         34.0000          2.0000        300.1976
  279          8.0046         37.0000         35.0000          2.0000        300.2656
  280          8.0046         37.0000         36.0000          2.0000        300.3344
  282          8.0046         37.0000         34.0000          3.0000        300.2017
  283          8.0046         37.0000         35.0000          3.0000        300.2727
  284          8.0046         37.0000         36.0000          3.0000        300.3435
  286          8.0046         37.0000         34.0000          4.0000        300.3575
  287          8.0046         37.0000         35.0000          4.0000        300.3567
  288          8.0046         37.0000         36.0000          4.0000        300.3556
  274          9.0117         37.0000         34.0000          1.0000        313.4436
  275          9.0117         37.0000         35.0000          1.0000        313.4588
  276          9.0117         37.0000         36.0000          1.0000        313.4831
  278          9.0117         37.0000         34.0000          2.0000        313.6553
  279          9.0117         37.0000         35.0000          2.0000        313.6724
  280          9.0117         37.0000         36.0000          2.0000        313.6992
  282          9.0117         37.0000         34.0000          3.0000        313.8925
  283          9.0117         37.0000         35.0000          3.0000        313.9058
  284          9.0117         37.0000         36.0000          3.0000        313.9238
  286          9.0117         37.0000         34.0000          4.0000        314.1343
  287          9.0117         37.0000         35.0000          4.0000        314.1431
  288          9.0117         37.0000         36.0000          4.0000        314.1588
  274          9.0117         37.0000         34.0000          1.0000        313.4532
  275          9.0117         37.0000         35.0000          1.0000        313.4688
  276          9.0117         37.0000         36.0000          1.0000        313.4932
  278          9.0117         37.0000         34.0000          2.0000        313.6615
  279          9.0117         37.0000         35.0000          2.0000        313.6790
  280          9.0117         37.0000         36.0000          2.0000        313.7061
  282          9.0117         37.0000         34.0000          3.0000        313.8965
  283          9.0117         37.0000         35.0000          3.0000        313.9101
  284          9.0117         37.0000         36.0000          3.0000        313.9284
  286          9.0117         37.0000         34.0000          4.0000        314.1366
  287          9.0117         37.0000         35.0000          4.0000        314.1456
  288          9.0117         37.0000         36.0000          4.0000        314.1614
  274          9.0117         37.0000         34.0000          1.0000        313.4544
  275          9.0117         37.0000         35.0000          1.0000        313.4702
  276          9.0117         37.0000         36.0000          1.0000        313.4941
  278          9.0117         37.0000         34.0000          2.0000        313.6619
  279          9.0117         37.0000         35.0000          2.0000        313.6795
  280          9.0117         37.0000         36.0000          2.0000        313.7064
  282          9.0117         37.0000         34.0000          3.0000        313.8968
  283          9.0117         37.0000         35.0000          3.0000        313.9104
  284          9.0117         37.0000         36.0000          3.0000        313.9286
  286          9.0117         37.0000         34.0000          4.0000        314.1368
  287          9.0117         37.0000         35.0000          4.0000        314.1459
  288          9.0117         37.0000         36.0000          4.0000        314.1616
  274         10.0022         37.0000         34.0000          1.0000        324.0634
  275         10.0022         37.0000         35.0000          1.0000        324.0918
  276         10.0022         37.0000         36.0000          1.0000        324.1294
  278         10.0022         37.0000         34.0000          2.0000        324.4626
  279         10.0022         37.0000         35.0000          2.0000        324.4768
  280         10.0022         37.0000         36.0000          2.0000        324.5024
  282         10.0022         37.0000         34.0000          3.0000        324.8429
  283         10.0022         37.0000         35.0000          3.0000        324.8511
  284         10.0022         37.0000         36.0000          3.0000        324.8638
  286         10.0022         37.0000         34.0000          4.0000        325.1977
  287         10.0022         37.0000         35.0000          4.0000        325.2031
  288         10.0022         37.0000         36.0000          4.0000        325.2170
  274         10.0022         37.0000         34.0000          1.0000        324.0755
  275         10.0022         37.0000         35.0000          1.0000        324.1042
  276         10.0022         37.0000         36.0000          1.0000        324.1416
  278         10.0022         37.0000         34.0000          2.0000        324.4725
  279         10.0022         37.0000         35.0000          2.0000        324.4868
  280         10.0022         37.0000         36.0000          2.0000        324.5124
  282         10.0022         37.0000         34.0000          3.0000        324.8511
  283         10.0022         37.0000         35.0000          3.0000        324.8595
  284         10.0022         37.0000         36.0000          3.0000        324.8722
  286         10.0022         37.0000         34.0000          4.0000        325.2045
  287         10.0022         37.0000         35.0000          4.0000        325.2100
  288         10.0022         37.0000         36.0000          4.0000        325.2239
  274         10.0022         37.0000         34.0000          1.0000        324.0763
  275         10.0022         37.0000         35.0000          1.0000        324.1051
  276         10.0022         37.0000         36.0000          1.0000        324.1423
  278         10.0022         37.0000         34.0000          2.0000        324.4728
  279         10.0022         37.0000         35.0000          2.0000        324.4871
  280         10.0022         37.0000         36.0000          2.0000        324.5126
  282         10.0022         37.0000         34.0000          3.0000        324.8513
  283         10.0022         37.0000         35.0000          3.0000        324.8596
  284         10.0022         37.0000         36.0000          3.0000        324.8724
  286         10.0022         37.0000         34.0000          4.0000        325.2047
  287         10.0022         37.0000         35.0000          4.0000        325.2102
  288         10.0022         37.0000         36.0000          4.0000        325.2241
  274         11.0065         37.0000         34.0000          1.0000        328.4814
  275         11.0065         37.0000         35.0000          1.0000        328.5138
  276         11.0065         37.0000         36.0000          1.0000        328.5852
  278         11.0065         37.0000         34.0000          2.0000        329.1464
  279         11.0065         37.0000         35.0000          2.0000        329.1593
  280         11.0065         37.0000         36.0000          2.0000        329.1959
  282         11.0065         37.0000         34.0000          3.0000        329.7293
  283         11.0065         37.0000         35.0000          3.0000        329.7355
  284         11.0065         37.0000         36.0000          3.0000        329.7488
  286         11.0065         37.0000         34.0000          4.0000        330.2457
  287         11.0065         37.0000         35.0000          4.0000        330.2493
  288         11.0065         37.0000         36.0000          4.0000        330.2641
  274         11.0065         37.0000         34.0000          1.0000        328.5001
  275         11.0065         37.0000         35.0000          1.0000        328.5327
  276         11.0065         37.0000         36.0000          1.0000        328.6039
  278         11.0065         37.0000         34.0000          2.0000        329.1634
  279         11.0065         37.0000         35.0000          2.0000        329.1764
  280         11.0065         37.0000         36.0000          2.0000        329.2129
  282         11.0065         37.0000         34.0000          3.0000        329.7449
  283         11.0065         37.0000         35.0000          3.0000        329.7511
  284         11.0065         37.0000         36.0000          3.0000        329.7643
  286         11.0065         37.0000         34.0000          4.0000        330.2599
  287         11.0065         37.0000         35.0000          4.0000        330.2635
  288         11.0065         37.0000         36.0000          4.0000        330.2783
  274         11.0065         37.0000         34.0000          1.0000        328.5004
  275         11.0065         37.0000         35.0000          1.0000        328.5330
  276         11.0065         37.0000         36.0000          1.0000        328.6042
  278         11.0065         37.0000         34.0000          2.0000        329.1634
  279         11.0065         37.0000         35.0000          2.0000        329.1764
  280         11.0065         37.0000         36.0000          2.0000        329.2129
  282         11.0065         37.0000         34.0000          3.0000        329.7448
  283         11.0065         37.0000         35.0000          3.0000        329.7510
  284         11.0065         37.0000         36.0000          3.0000        329.7642
  286         11.0065         37.0000         34.0000          4.0000        330.2598
  287         11.0065         37.0000         35.0000          4.0000        330.2634
  288         11.0065         37.0000         36.0000          4.0000        330.2781
  274         12.0044         37.0000         34.0000          1.0000        326.2958
  275         12.0044         37.0000         35.0000          1.0000        326.3497
  276         12.0044         37.0000         36.0000          1.0000        326.5706
  278         12.0044         37.0000         34.0000          2.0000        327.4229
  279         12.0044         37.0000         35.0000          2.0000        327.4593
  280         12.0044         37.0000         36.0000          2.0000        327.5887
  282         12.0044         37.0000         34.0000          3.0000        328.2166
  283         12.0044         37.0000         35.0000          3.0000        328.2341
  284         12.0044         37.0000         36.0000          3.0000        328.2827
  286         12.0044         37.0000         34.0000          4.0000        328.8182
  287         12.0044         37.0000         35.0000          4.0000        328.8264
  288         12.0044         37.0000         36.0000          4.0000        328.8549
  274         12.0044         37.0000         34.0000          1.0000        325.9106
  275         12.0044         37.0000         35.0000          1.0000        325.9769
  276         12.0044         37.0000         36.0000          1.0000        326.3093
  278         12.0044         37.0000         34.0000          2.0000        327.3831
  279         12.0044         37.0000         35.0000          2.0000        327.4367
  280         12.0044         37.0000         36.0000          2.0000        327.6366
  282         12.0044         37.0000         34.0000          3.0000        328.3358
  283         12.0044         37.0000         35.0000          3.0000        328.3616
  284         12.0044         37.0000         36.0000          3.0000        328.4374
  286         12.0044         37.0000         34.0000          4.0000        329.0038
  287         12.0044         37.0000         35.0000          4.0000        329.0156
  288         12.0044         37.0000         36.0000          4.0000        329.0546
  274         12.0044         37.0000         34.0000          1.0000        325.9002
  275         12.0044         37.0000         35.0000          1.0000        325.9651
  276         12.0044         37.0000         36.0000          1.0000        326.2987
  278         12.0044         37.0000         34.0000          2.0000        327.3740
  279         12.0044         37.0000         35.0000          2.0000        327.4266
  280         12.0044         37.0000         36.0000          2.0000        327.6257
  282         12.0044         37.0000         34.0000          3.0000        328.3257
  283         12.0044         37.0000         35.0000          3.0000        328.3512
  284         12.0044         37.0000         36.0000          3.0000        328.4265
  286         12.0044         37.0000         34.0000          4.0000        328.9935
  287         12.0044         37.0000         35.0000          4.0000        329.0051
  288         12.0044         37.0000         36.0000          4.0000        329.0439
  274         12.0044         37.0000         34.0000          1.0000        325.8997
  275         12.0044         37.0000         35.0000          1.0000        325.9647
  276         12.0044         37.0000         36.0000          1.0000        326.2986
  278         12.0044         37.0000         34.0000          2.0000        327.3744
  279         12.0044         37.0000         35.0000          2.0000        327.4270
  280         12.0044         37.0000         36.0000          2.0000        327.6262
  282         12.0044         37.0000         34.0000          3.0000        328.3263
  283         12.0044         37.0000         35.0000          3.0000        328.3518
  284         12.0044         37.0000         36.0000          3.0000        328.4272
  286         12.0044         37.0000         34.0000          4.0000        328.9941
  287         12.0044         37.0000         35.0000          4.0000        329.0058
  288         12.0044         37.0000         36.0000          4.0000        329.0446
  274         13.0152         37.0000         34.0000          1.0000        326.2983
  275         13.0152         37.0000         35.0000          1.0000        326.3735
  276         13.0152         37.0000         36.0000          1.0000        326.8261
  278         13.0152         37.0000         34.0000          2.0000        327.9332
  279         13.0152         37.0000         35.0000          2.0000        327.9670
  280         13.0152         37.0000         36.0000          2.0000        328.1045
  282         13.0152         37.0000         34.0000          3.0000        328.7258
  283         13.0152         37.0000         35.0000          3.0000        328.7392
  284         13.0152         37.0000         36.0000          3.0000        328.7810
  286         13.0152         37.0000         34.0000          4.0000        329.2603
  287         13.0152         37.0000         35.0000          4.0000        329.2663
  288         13.0152         37.0000         36.0000          4.0000        329.2900
  274         13.0152         37.0000         34.0000          1.0000        326.2984
  275         13.0152         37.0000         35.0000          1.0000        326.3736
  276         13.0152         37.0000         36.0000          1.0000        326.8252
  278         13.0152         37.0000         34.0000          2.0000        327.9307
  279         13.0152         37.0000         35.0000          2.0000        327.9645
  280         13.0152         37.0000         36.0000          2.0000        328.1017
  282         13.0152         37.0000         34.0000          3.0000        328.7227
  283         13.0152         37.0000         35.0000          3.0000        328.7360
  284         13.0152         37.0000         36.0000          3.0000        328.7778
  286         13.0152         37.0000         34.0000          4.0000        329.2572
  287         13.0152         37.0000         35.0000          4.0000        329.2631
  288         13.0152         37.0000         36.0000          4.0000        329.2869
  274         14.0195         37.0000         34.0000          1.0000        326.0920
  275         14.0195         37.0000         35.0000          1.0000        326.1268
  276         14.0195         37.0000         36.0000          1.0000        326.3613
  278         14.0195         37.0000         34.0000          2.0000        327.3782
  279         14.0195         37.0000         35.0000          2.0000        327.3944
  280         14.0195         37.0000         36.0000          2.0000        327.4839
  282         14.0195         37.0000         34.0000          3.0000        328.1684
  283         14.0195         37.0000         35.0000          3.0000        328.1758
  284         14.0195         37.0000         36.0000          3.0000        328.2036
  286         14.0195         37.0000         34.0000          4.0000        328.7807
  287         14.0195         37.0000         35.0000          4.0000        328.7844
  288         14.0195         37.0000         36.0000          4.0000        328.8041
  274         14.0195         37.0000         34.0000          1.0000        326.1604
  275         14.0195         37.0000         35.0000          1.0000        326.1957
  276         14.0195         37.0000         36.0000          1.0000        326.4330
  278         14.0195         37.0000         34.0000          2.0000        327.4505
  279         14.0195         37.0000         35.0000          2.0000        327.4668
  280         14.0195         37.0000         36.0000          2.0000        327.5574
  282         14.0195         37.0000         34.0000          3.0000        328.2377
  283         14.0195         37.0000         35.0000          3.0000        328.2452
  284         14.0195         37.0000         36.0000          3.0000        328.2735
  286         14.0195         37.0000         34.0000          4.0000        328.8450
  287         14.0195         37.0000         35.0000          4.0000        328.8488
  288         14.0195         37.0000         36.0000          4.0000        328.8687
  274         14.0195         37.0000         34.0000          1.0000        326.1645
  275         14.0195         37.0000         35.0000          1.0000        326.2000
  276         14.0195         37.0000         36.0000          1.0000        326.4368
  278         14.0195         37.0000         34.0000          2.0000        327.4528
  279         14.0195         37.0000         35.0000          2.0000        327.4692
  280         14.0195         37.0000         36.0000          2.0000        327.5596
  282         14.0195         37.0000         34.0000          3.0000        328.2394
  283         14.0195         37.0000         35.0000          3.0000        328.2469
  284         14.0195         37.0000         36.0000          3.0000        328.2751
  286         14.0195         37.0000         34.0000          4.0000        328.8465
  287         14.0195         37.0000         35.0000          4.0000        328.8503
  288         14.0195         37.0000         36.0000          4.0000        328.8701
  274         15.0076         37.0000         34.0000          1.0000        326.7451
  275         15.0076         37.0000         35.0000          1.0000        326.8079
  276         15.0076         37.0000         36.0000          1.0000        327.2179
  278         15.0076         37.0000         34.0000          2.0000        328.5909
  279         15.0076         37.0000         35.0000          2.0000        328.6371
  280         15.0076         37.0000         36.0000          2.0000        328.8437
  282         15.0076         37.0000         34.0000          3.0000        329.5187
  283         15.0076         37.0000         35.0000          3.0000        329.5410
  284         15.0076         37.0000         36.0000          3.0000        329.6148
  286         15.0076         37.0000         34.0000          4.0000        330.1095
  287         15.0076         37.0000         35.0000          4.0000        330.1197
  288         15.0076         37.0000         36.0000          4.0000        330.1562
  274         15.0076         37.0000         34.0000          1.0000        326.6801
  275         15.0076         37.0000         35.0000          1.0000        326.7427
  276         15.0076         37.0000         36.0000          1.0000        327.1476
  278         15.0076         37.0000         34.0000          2.0000        328.5187
  279         15.0076         37.0000         35.0000          2.0000        328.5648
  280         15.0076         37.0000         36.0000          2.0000        328.7697
  282         15.0076         37.0000         34.0000          3.0000        329.4496
  283         15.0076         37.0000         35.0000          3.0000        329.4719
  284         15.0076         37.0000         36.0000          3.0000        329.5449
  286         15.0076         37.0000         34.0000          4.0000        330.0468
  287         15.0076         37.0000         35.0000          4.0000        330.0569
  288         15.0076         37.0000         36.0000          4.0000        330.0931
  274         15.0076         37.0000         34.0000          1.0000        326.6770
  275         15.0076         37.0000         35.0000          1.0000        326.7391
  276         15.0076         37.0000         36.0000          1.0000        327.1453
  278         15.0076         37.0000         34.0000          2.0000        328.5192
  279         15.0076         37.0000         35.0000          2.0000        328.5652
  280         15.0076         37.0000         36.0000          2.0000        328.7705
  282         15.0076         37.0000         34.0000          3.0000        329.4511
  283         15.0076         37.0000         35.0000          3.0000        329.4733
  284         15.0076         37.0000         36.0000          3.0000        329.5466
  286         15.0076         37.0000         34.0000          4.0000        330.0484
  287         15.0076         37.0000         35.0000          4.0000        330.0586
  288         15.0076         37.0000         36.0000          4.0000        330.0948
  274         16.0022         37.0000         34.0000          1.0000        322.9226
  275         16.0022         37.0000         35.0000          1.0000        322.9971
  276         16.0022         37.0000         36.0000          1.0000        323.4058
  278         16.0022         37.0000         34.0000          2.0000        324.4044
  279         16.0022         37.0000         35.0000          2.0000        324.4751
  280         16.0022         37.0000         36.0000          2.0000        324.7328
  282         16.0022         37.0000         34.0000          3.0000        325.2951
  283         16.0022         37.0000         35.0000          3.0000        325.3325
  284         16.0022         37.0000         36.0000          3.0000        325.4411
  286         16.0022         37.0000         34.0000          4.0000        325.8746
  287         16.0022         37.0000         35.0000          4.0000        325.8924
  288         16.0022         37.0000         36.0000          4.0000        325.9456
  274         16.0022         37.0000         34.0000          1.0000        322.9225
  275         16.0022         37.0000         35.0000          1.0000        322.9971
  276         16.0022         37.0000         36.0000          1.0000        323.4046
  278         16.0022         37.0000         34.0000          2.0000        324.4020
  279         16.0022         37.0000         35.0000          2.0000        324.4724
  280         16.0022         37.0000         36.0000          2.0000        324.7295
  282         16.0022         37.0000         34.0000          3.0000        325.2917
  283         16.0022         37.0000         35.0000          3.0000        325.3290
  284         16.0022         37.0000         36.0000          3.0000        325.4372
  286         16.0022         37.0000         34.0000          4.0000        325.8709
  287         16.0022         37.0000         35.0000          4.0000        325.8886
  288         16.0022         37.0000         36.0000          4.0000        325.9416
  274         16.0022         37.0000         34.0000          1.0000        322.9224
  275         16.0022         37.0000         35.0000          1.0000        322.9969
  276         16.0022         37.0000         36.0000          1.0000        323.4045
  278         16.0022         37.0000         34.0000          2.0000        324.4019
  279         16.0022         37.0000         35.0000          2.0000        324.4723
  280         16.0022         37.0000         36.0000          2.0000        324.7294
  282         16.0022         37.0000         34.0000          3.0000        325.2916
  283         16.0022         37.0000         35.0000          3.0000        325.3289
  284         16.0022         37.0000         36.0000          3.0000        325.4372
  286         16.0022         37.0000         34.0000          4.0000        325.8708
  287         16.0022         37.0000         35.0000          4.0000        325.8886
  288         16.0022         37.0000         36.0000          4.0000        325.9415
  274         17.0105         37.0000         34.0000          1.0000        319.1358
  275         17.0105         37.0000         35.0000          1.0000        319.1781
  276         17.0105         37.0000         36.0000          1.0000        319.4018
  278         17.0105         37.0000         34.0000          2.0000        320.0640
  279         17.0105         37.0000         35.0000          2.0000        320.1045
  280         17.0105         37.0000         36.0000          2.0000        320.2465
  282         17.0105         37.0000         34.0000          3.0000        320.7070
  283         17.0105         37.0000         35.0000          3.0000        320.7309
  284         17.0105         37.0000         36.0000          3.0000        320.7940
  286         17.0105         37.0000         34.0000          4.0000        321.1814
  287         17.0105         37.0000         35.0000          4.0000        321.1941
  288         17.0105         37.0000         36.0000          4.0000        321.2295
  274         17.0105         37.0000         34.0000          1.0000        319.1816
  275         17.0105         37.0000         35.0000          1.0000        319.2241
  276         17.0105         37.0000         36.0000          1.0000        319.4494
  278         17.0105         37.0000         34.0000          2.0000        320.1107
  279         17.0105         37.0000         35.0000          2.0000        320.1513
  280         17.0105         37.0000         36.0000          2.0000        320.2938
  282         17.0105         37.0000         34.0000          3.0000        320.7514
  283         17.0105         37.0000         35.0000          3.0000        320.7753
  284         17.0105         37.0000         36.0000          3.0000        320.8387
  286         17.0105         37.0000         34.0000          4.0000        321.2225
  287         17.0105         37.0000         35.0000          4.0000        321.2352
  288         17.0105         37.0000         36.0000          4.0000        321.2707
  274         17.0105         37.0000         34.0000          1.0000        319.1845
  275         17.0105         37.0000         35.0000          1.0000        319.2272
  276         17.0105         37.0000         36.0000          1.0000        319.4521
  278         17.0105         37.0000         34.0000          2.0000        320.1124
  279         17.0105         37.0000         35.0000          2.0000        320.1531
  280         17.0105         37.0000         36.0000          2.0000        320.2954
  282         17.0105         37.0000         34.0000          3.0000        320.7527
  283         17.0105         37.0000         35.0000          3.0000        320.7767
  284         17.0105         37.0000         36.0000          3.0000        320.8400
  286         17.0105         37.0000         34.0000          4.0000        321.2237
  287         17.0105         37.0000         35.0000          4.0000        321.2364
  288         17.0105         37.0000         36.0000          4.0000        321.2718
  274         18.0036         37.0000         34.0000          1.0000        313.3237
  275         18.0036         37.0000         35.0000          1.0000        313.3492
  276         18.0036         37.0000         36.0000          1.0000        313.4900
  278         18.0036         37.0000         34.0000          2.0000        313.8733
  279         18.0036         37.0000         35.0000          2.0000        313.8988
  280         18.0036         37.0000         36.0000          2.0000        313.9900
  282         18.0036         37.0000         34.0000          3.0000        314.2513
  283         18.0036         37.0000         35.0000          3.0000        314.2679
  284         18.0036         37.0000         36.0000          3.0000        314.3112
  286         18.0036         37.0000         34.0000          4.0000        314.5202
  287         18.0036         37.0000         35.0000          4.0000        314.5299
  288         18.0036         37.0000         36.0000          4.0000        314.5549
  274         18.0036         37.0000         34.0000          1.0000        313.2800
  275         18.0036         37.0000         35.0000          1.0000        313.3053
  276         18.0036         37.0000         36.0000          1.0000        313.4432
  278         18.0036         37.0000         34.0000          2.0000        313.8244
  279         18.0036         37.0000         35.0000          2.0000        313.8498
  280         18.0036         37.0000         36.0000          2.0000        313.9398
  282         18.0036         37.0000         34.0000          3.0000        314.2030
  283         18.0036         37.0000         35.0000          3.0000        314.2196
  284         18.0036         37.0000         36.0000          3.0000        314.2623
  286         18.0036         37.0000         34.0000          4.0000        314.4744
  287         18.0036         37.0000         35.0000          4.0000        314.4841
  288         18.0036         37.0000         36.0000          4.0000        314.5089
  274         18.0036         37.0000         34.0000          1.0000        313.2768
  275         18.0036         37.0000         35.0000          1.0000        313.3019
  276         18.0036         37.0000         36.0000          1.0000        313.4401
  278         18.0036         37.0000         34.0000          2.0000        313.8224
  279         18.0036         37.0000         35.0000          2.0000        313.8478
  280         18.0036         37.0000         36.0000          2.0000        313.9379
  282         18.0036         37.0000         34.0000          3.0000        314.2015
  283         18.0036         37.0000         35.0000          3.0000        314.2180
  284         18.0036         37.0000         36.0000          3.0000        314.2608
  286         18.0036         37.0000         34.0000          4.0000        314.4731
  287         18.0036         37.0000         35.0000          4.0000        314.4828
  288         18.0036         37.0000         36.0000          4.0000        314.5076
  274         19.0092         37.0000         34.0000          1.0000        306.7942
  275         19.0092         37.0000         35.0000          1.0000        306.8043
  276         19.0092         37.0000         36.0000          1.0000        306.8603
  278         19.0092         37.0000         34.0000          2.0000        306.9776
  279         19.0092         37.0000         35.0000          2.0000        306.9876
  280         19.0092         37.0000         36.0000          2.0000        307.0225
  282         19.0092         37.0000         34.0000          3.0000        307.0842
  283         19.0092         37.0000         35.0000          3.0000        307.0905
  284         19.0092         37.0000         36.0000          3.0000        307.1069
  286         19.0092         37.0000         34.0000          4.0000        307.1449
  287         19.0092         37.0000         35.0000          4.0000        307.1485
  288         19.0092         37.0000         36.0000          4.0000        307.1573
  274         19.0092         37.0000         34.0000          1.0000        306.7899
  275         19.0092         37.0000         35.0000          1.0000        306.8001
  276         19.0092         37.0000         36.0000          1.0000        306.8552
  278         19.0092         37.0000         34.0000          2.0000        306.9715
  279         19.0092         37.0000         35.0000          2.0000        306.9814
  280         19.0092         37.0000         36.0000          2.0000        307.0159
  282         19.0092         37.0000         34.0000          3.0000        307.0775
  283         19.0092         37.0000         35.0000          3.0000        307.0838
  284         19.0092         37.0000         36.0000          3.0000        307.1000
  286         19.0092         37.0000         34.0000          4.0000        307.1383
  287         19.0092         37.0000         35.0000          4.0000        307.1418
  288         19.0092         37.0000         36.0000          4.0000        307.1505
  274         20.0022         37.0000         34.0000          1.0000        302.8577
  275         20.0022         37.0000         35.0000          1.0000        302.8599
  276         20.0022         37.0000         36.0000          1.0000        302.8854
  278         20.0022         37.0000         34.0000          2.0000        302.8521
  279         20.0022         37.0000         35.0000          2.0000        302.8570
  280         20.0022         37.0000         36.0000          2.0000        302.8743
  282         20.0022         37.0000         34.0000          3.0000        302.8056
  283         20.0022         37.0000         35.0000          3.0000        302.8088
  284         20.0022         37.0000         36.0000          3.0000        302.8176
  286         20.0022         37.0000         34.0000          4.0000        302.7422
  287         20.0022         37.0000         35.0000          4.0000        302.7438
  288         20.0022         37.0000         36.0000          4.0000        302.7471
  274         20.0022         37.0000         34.0000          1.0000        302.8526
  275         20.0022         37.0000         35.0000          1.0000        302.8549
  276         20.0022         37.0000         36.0000          1.0000        302.8794
  278         20.0022         37.0000         34.0000          2.0000        302.8448
  279         20.0022         37.0000         35.0000          2.0000        302.8498
  280         20.0022         37.0000         36.0000          2.0000        302.8666
  282         20.0022         37.0000         34.0000          3.0000        302.7978
  283         20.0022         37.0000         35.0000          3.0000        302.8010
  284         20.0022         37.0000         36.0000          3.0000        302.8096
  286         20.0022         37.0000         34.0000          4.0000        302.7345
  287         20.0022         37.0000         35.0000          4.0000        302.7361
  288         20.0022         37.0000         36.0000          4.0000        302.7393
  274         21.0060         37.0000         34.0000          1.0000        301.5558
  275         21.0060         37.0000         35.0000          1.0000        301.5532
  276         21.0060         37.0000         36.0000          1.0000        301.5648
  278         21.0060         37.0000         34.0000          2.0000        301.4998
  279         21.0060         37.0000         35.0000          2.0000        301.5018
  280         21.0060         37.0000         36.0000          2.0000        301.5108
  282         21.0060         37.0000         34.0000          3.0000        301.4218
  283         21.0060         37.0000         35.0000          3.0000        301.4233
  284         21.0060         37.0000         36.0000          3.0000        301.4283
  286         21.0060         37.0000         34.0000          4.0000        301.3391
  287         21.0060         37.0000         35.0000          4.0000        301.3397
  288         21.0060         37.0000         36.0000          4.0000        301.3409
  274         21.0060         37.0000         34.0000          1.0000        301.5544
  275         21.0060         37.0000         35.0000          1.0000        301.5519
  276         21.0060         37.0000         36.0000          1.0000        301.5628
  278         21.0060         37.0000         34.0000          2.0000        301.4965
  279         21.0060         37.0000         35.0000          2.0000        301.4985
  280         21.0060         37.0000         36.0000          2.0000        301.5073
  282         21.0060         37.0000         34.0000          3.0000        301.4180
  283         21.0060         37.0000         35.0000          3.0000        301.4195
  284         21.0060         37.0000         36.0000          3.0000        301.4244
  286         21.0060         37.0000         34.0000          4.0000        301.3353
  287         21.0060         37.0000         35.0000          4.0000        301.3359
  288         21.0060         37.0000         36.0000          4.0000        301.3370
  274         22.0097         37.0000         34.0000          1.0000        300.5500
  275         22.0097         37.0000         35.0000          1.0000        300.5420
  276         22.0097         37.0000         36.0000          1.0000        300.5479
  278         22.0097         37.0000         34.0000          2.0000        300.4700
  279         22.0097         37.0000         35.0000          2.0000        300.4701
  280         22.0097         37.0000         36.0000          2.0000        300.4764
  282         22.0097         37.0000         34.0000          3.0000        300.3755
  283         22.0097         37.0000         35.0000          3.0000        300.3762
  284         22.0097         37.0000         36.0000          3.0000        300.3800
  286         22.0097         37.0000         34.0000          4.0000        300.2786
  287         22.0097         37.0000         35.0000          4.0000        300.2788
  288         22.0097         37.0000         36.0000          4.0000        300.2792
  274         22.0097         37.0000         34.0000          1.0000        300.5504
  275         22.0097         37.0000         35.0000          1.0000        300.5426
  276         22.0097         37.0000         36.0000          1.0000        300.5478
  278         22.0097         37.0000         34.0000          2.0000        300.4684
  279         22.0097         37.0000         35.0000          2.0000        300.4686
  280         22.0097         37.0000         36.0000          2.0000        300.4746
  282         22.0097         37.0000         34.0000          3.0000        300.3734
  283         22.0097         37.0000         35.0000          3.0000        300.3741
  284         22.0097         37.0000         36.0000          3.0000        300.3778
  286         22.0097         37.0000         34.0000          4.0000        300.2763
  287         22.0097         37.0000         35.0000          4.0000        300.2765
  288         22.0097         37.0000         36.0000          4.0000        300.2768
  274         23.0112         37.0000         34.0000          1.0000        300.0816
  275         23.0112         37.0000         35.0000          1.0000        300.0696
  276         23.0112         37.0000         36.0000          1.0000        300.0708
  278         23.0112         37.0000         34.0000          2.0000        299.9939
  279         23.0112         37.0000         35.0000          2.0000        299.9925
  280         23.0112         37.0000         36.0000          2.0000        299.9964
  282         23.0112         37.0000         34.0000          3.0000        299.8992
  283         23.0112         37.0000         35.0000          3.0000        299.8994
  284         23.0112         37.0000         36.0000          3.0000        299.9020
  286         23.0112         37.0000         34.0000          4.0000        299.8042
  287         23.0112         37.0000         35.0000          4.0000        299.8041
  288         23.0112         37.0000         36.0000          4.0000        299.8039
  274         23.0112         37.0000         34.0000          1.0000        300.0829
  275         23.0112         37.0000         35.0000          1.0000        300.0711
  276         23.0112         37.0000         36.0000          1.0000        300.0715
  278         23.0112         37.0000         34.0000          2.0000        299.9932
  279         23.0112         37.0000         35.0000          2.0000        299.9918
  280         23.0112         37.0000         36.0000          2.0000        299.9954
  282         23.0112         37.0000         34.0000          3.0000        299.8979
  283         23.0112         37.0000         35.0000          3.0000        299.8980
  284         23.0112         37.0000         36.0000          3.0000        299.9005
  286         23.0112         37.0000         34.0000          4.0000        299.8026
  287         23.0112         37.0000         35.0000          4.0000        299.8025
  288         23.0112         37.0000         36.0000          4.0000        299.8022
