  273          1.0142         37.0000         33.0000          1.0000        304.1437
  277          1.0142         37.0000         33.0000          2.0000        304.2210
  281          1.0142         37.0000         33.0000          3.0000        304.2397
  285          1.0142         37.0000         33.0000          4.0000        304.2326
  273          1.0142         37.0000         33.0000          1.0000        304.1437
  277          1.0142         37.0000         33.0000          2.0000        304.2207
  281          1.0142         37.0000         33.0000          3.0000        304.2392
  285          1.0142         37.0000         33.0000          4.0000        304.2322
  273          2.0285         37.0000         33.0000          1.0000        303.6153
  277          2.0285         37.0000         33.0000          2.0000        303.6743
  281          2.0285         37.0000         33.0000          3.0000        303.6845
  285          2.0285         37.0000         33.0000          4.0000        303.6725
  273          2.0285         37.0000         33.0000          1.0000        303.6148
  277          2.0285         37.0000         33.0000          2.0000        303.6735
  281          2.0285         37.0000         33.0000          3.0000        303.6837
  285          2.0285         37.0000         33.0000          4.0000        303.6716
  273          3.0037         37.0000         33.0000          1.0000        303.3149
  277          3.0037         37.0000         33.0000          2.0000        303.3614
  281          3.0037         37.0000         33.0000          3.0000        303.3663
  285          3.0037         37.0000         33.0000          4.0000        303.3513
  273          3.0037         37.0000         33.0000          1.0000        303.3148
  277          3.0037         37.0000         33.0000          2.0000        303.3611
  281          3.0037         37.0000         33.0000          3.0000        303.3658
  285          3.0037         37.0000         33.0000          4.0000        303.3508
  273          4.0179         37.0000         33.0000          1.0000        302.9691
  277          4.0179         37.0000         33.0000          2.0000        303.0026
  281          4.0179         37.0000         33.0000          3.0000        303.0016
  285          4.0179         37.0000         33.0000          4.0000        302.9833
  273          4.0179         37.0000         33.0000          1.0000        302.9690
  277          4.0179         37.0000         33.0000          2.0000        303.0022
  281          4.0179         37.0000         33.0000          3.0000        303.0011
  285          4.0179         37.0000         33.0000          4.0000        302.9828
  273          5.0321         37.0000         33.0000          1.0000        302.5996
  277          5.0321         37.0000         33.0000          2.0000        302.6198
  281          5.0321         37.0000         33.0000          3.0000        302.6126
  285          5.0321         37.0000         33.0000          4.0000        302.5905
  273          5.0321         37.0000         33.0000          1.0000        302.5998
  277          5.0321         37.0000         33.0000          2.0000        302.6197
  281          5.0321         37.0000         33.0000          3.0000        302.6124
  285          5.0321         37.0000         33.0000          4.0000        302.5903
  273          6.0269         37.0000         33.0000          1.0000        302.2942
  277          6.0269         37.0000         33.0000          2.0000        302.3050
  281          6.0269         37.0000         33.0000          3.0000        302.2944
  285          6.0269         37.0000         33.0000          4.0000        302.2711
  273          6.0269         37.0000         33.0000          1.0000        302.2942
  277          6.0269         37.0000         33.0000          2.0000        302.3047
  281          6.0269         37.0000         33.0000          3.0000        302.2941
  285          6.0269         37.0000         33.0000          4.0000        302.2707
  273          7.0411         37.0000         33.0000          1.0000        301.9928
  277          7.0411         37.0000         33.0000          2.0000        301.9949
  281          7.0411         37.0000         33.0000          3.0000        301.9811
  285          7.0411         37.0000         33.0000          4.0000        301.9564
  273          7.0411         37.0000         33.0000          1.0000        301.9960
  277          7.0411         37.0000         33.0000          2.0000        301.9979
  281          7.0411         37.0000         33.0000          3.0000        301.9839
  285          7.0411         37.0000         33.0000          4.0000        301.9591
  273          8.0046         37.0000         33.0000          1.0000        302.2559
  277          8.0046         37.0000         33.0000          2.0000        302.2767
  281          8.0046         37.0000         33.0000          3.0000        302.2806
  285          8.0046         37.0000         33.0000          4.0000        302.3532
  273          8.0046         37.0000         33.0000          1.0000        302.2614
  277          8.0046         37.0000         33.0000          2.0000        302.2822
  281          8.0046         37.0000         33.0000          3.0000        302.2859
  285          8.0046         37.0000         33.0000          4.0000        302.3568
  273          8.0046         37.0000         33.0000          1.0000        302.2618
  277          8.0046         37.0000         33.0000          2.0000        302.2825
  281          8.0046         37.0000         33.0000          3.0000        302.2862
  285          8.0046         37.0000         33.0000          4.0000        302.3571
  273          9.0117         37.0000         33.0000          1.0000        307.6684
  277          9.0117         37.0000         33.0000          2.0000        307.7544
  281          9.0117         37.0000         33.0000          3.0000        307.8254
  285          9.0117         37.0000         33.0000          4.0000        307.8902
  273          9.0117         37.0000         33.0000          1.0000        307.6772
  277          9.0117         37.0000         33.0000          2.0000        307.7624
  281          9.0117         37.0000         33.0000          3.0000        307.8327
  285          9.0117         37.0000         33.0000          4.0000        307.8969
  273          9.0117         37.0000         33.0000          1.0000        307.6776
  277          9.0117         37.0000         33.0000          2.0000        307.7625
  281          9.0117         37.0000         33.0000          3.0000        307.8327
  285          9.0117         37.0000         33.0000          4.0000        307.8969
  273         10.0022         37.0000         33.0000          1.0000        313.0645
  277         10.0022         37.0000         33.0000          2.0000        313.2262
  281         10.0022         37.0000         33.0000          3.0000        313.3502
  285         10.0022         37.0000         33.0000          4.0000        313.4594
  273         10.0022         37.0000         33.0000          1.0000        313.0733
  277         10.0022         37.0000         33.0000          2.0000        313.2344
  281         10.0022         37.0000         33.0000          3.0000        313.3579
  285         10.0022         37.0000         33.0000          4.0000        313.4666
  273         10.0022         37.0000         33.0000          1.0000        313.0737
  277         10.0022         37.0000         33.0000          2.0000        313.2347
  281         10.0022         37.0000         33.0000          3.0000        313.3581
  285         10.0022         37.0000         33.0000          4.0000        313.4668
  273         11.0065         37.0000         33.0000          1.0000        315.2391
  277         11.0065         37.0000         33.0000          2.0000        315.5085
  281         11.0065         37.0000         33.0000          3.0000        315.7132
  285         11.0065         37.0000         33.0000          4.0000        315.8903
  273         11.0065         37.0000         33.0000          1.0000        315.2496
  277         11.0065         37.0000         33.0000          2.0000        315.5188
  281         11.0065         37.0000         33.0000          3.0000        315.7230
  285         11.0065         37.0000         33.0000          4.0000        315.8996
  273         11.0065         37.0000         33.0000          1.0000        315.2500
  277         11.0065         37.0000         33.0000          2.0000        315.5190
  281         11.0065         37.0000         33.0000          3.0000        315.7232
  285         11.0065         37.0000         33.0000          4.0000        315.8998
  273         12.0044         37.0000         33.0000          1.0000        313.9150
  277         12.0044         37.0000         33.0000          2.0000        314.3496
  281         12.0044         37.0000         33.0000          3.0000        314.6282
  285         12.0044         37.0000         33.0000          4.0000        314.8407
  273         12.0044         37.0000         33.0000          1.0000        313.6657
  277         12.0044         37.0000         33.0000          2.0000        314.2739
  281         12.0044         37.0000         33.0000          3.0000        314.6278
  285         12.0044         37.0000         33.0000          4.0000        314.8724
  273         12.0044         37.0000         33.0000          1.0000        313.6571
  277         12.0044         37.0000         33.0000          2.0000        314.2699
  281         12.0044         37.0000         33.0000          3.0000        314.6256
  285         12.0044         37.0000         33.0000          4.0000        314.8712
  273         12.0044         37.0000         33.0000          1.0000        313.6568
  277         12.0044         37.0000         33.0000          2.0000        314.2699
  281         12.0044         37.0000         33.0000          3.0000        314.6257
  285         12.0044         37.0000         33.0000          4.0000        314.8713
  273         13.0152         37.0000         33.0000          1.0000        314.8377
  277         13.0152         37.0000         33.0000          2.0000        315.5326
  281         13.0152         37.0000         33.0000          3.0000        315.8374
  285         13.0152         37.0000         33.0000          4.0000        316.0382
  273         13.0152         37.0000         33.0000          1.0000        314.8358
  277         13.0152         37.0000         33.0000          2.0000        315.5298
  281         13.0152         37.0000         33.0000          3.0000        315.8345
  285         13.0152         37.0000         33.0000          4.0000        316.0353
  273         14.0195         37.0000         33.0000          1.0000        314.9191
  277         14.0195         37.0000         33.0000          2.0000        315.5260
  281         14.0195         37.0000         33.0000          3.0000        315.8531
  285         14.0195         37.0000         33.0000          4.0000        316.1003
  273         14.0195         37.0000         33.0000          1.0000        314.9669
  277         14.0195         37.0000         33.0000          2.0000        315.5764
  281         14.0195         37.0000         33.0000          3.0000        315.9026
  285         14.0195         37.0000         33.0000          4.0000        316.1478
  273         14.0195         37.0000         33.0000          1.0000        314.9695
  277         14.0195         37.0000         33.0000          2.0000        315.5785
  281         14.0195         37.0000         33.0000          3.0000        315.9045
  285         14.0195         37.0000         33.0000          4.0000        316.1495
  273         15.0076         37.0000         33.0000          1.0000        315.3902
  277         15.0076         37.0000         33.0000          2.0000        316.2687
  281         15.0076         37.0000         33.0000          3.0000        316.6563
  285         15.0076         37.0000         33.0000          4.0000        316.8938
  273         15.0076         37.0000         33.0000          1.0000        315.3360
  277         15.0076         37.0000         33.0000          2.0000        316.2110
  281         15.0076         37.0000         33.0000          3.0000        316.5997
  285         15.0076         37.0000         33.0000          4.0000        316.8396
  273         15.0076         37.0000         33.0000          1.0000        315.3341
  277         15.0076         37.0000         33.0000          2.0000        316.2101
  281         15.0076         37.0000         33.0000          3.0000        316.5992
  285         15.0076         37.0000         33.0000          4.0000        316.8393
  273         16.0022         37.0000         33.0000          1.0000        314.3538
  277         16.0022         37.0000         33.0000          2.0000        315.1285
  281         16.0022         37.0000         33.0000          3.0000        315.5231
  285         16.0022         37.0000         33.0000          4.0000        315.7701
  273         16.0022         37.0000         33.0000          1.0000        314.3518
  277         16.0022         37.0000         33.0000          2.0000        315.1256
  281         16.0022         37.0000         33.0000          3.0000        315.5200
  285         16.0022         37.0000         33.0000          4.0000        315.7669
  273         16.0022         37.0000         33.0000          1.0000        314.3517
  277         16.0022         37.0000         33.0000          2.0000        315.1255
  281         16.0022         37.0000         33.0000          3.0000        315.5199
  285         16.0022         37.0000         33.0000          4.0000        315.7668
  273         17.0105         37.0000         33.0000          1.0000        313.0229
  277         17.0105         37.0000         33.0000          2.0000        313.5876
  281         17.0105         37.0000         33.0000          3.0000        313.9084
  285         17.0105         37.0000         33.0000          4.0000        314.1296
  273         17.0105         37.0000         33.0000          1.0000        313.0524
  277         17.0105         37.0000         33.0000          2.0000        313.6180
  281         17.0105         37.0000         33.0000          3.0000        313.9382
  285         17.0105         37.0000         33.0000          4.0000        314.1581
  273         17.0105         37.0000         33.0000          1.0000        313.0542
  277         17.0105         37.0000         33.0000          2.0000        313.6195
  281         17.0105         37.0000         33.0000          3.0000        313.9394
  285         17.0105         37.0000         33.0000          4.0000        314.1592
  273         18.0036         37.0000         33.0000          1.0000        310.7053
  277         18.0036         37.0000         33.0000          2.0000        311.1094
  281         18.0036         37.0000         33.0000          3.0000        311.3308
  285         18.0036         37.0000         33.0000          4.0000        311.4731
  273         18.0036         37.0000         33.0000          1.0000        310.6760
  277         18.0036         37.0000         33.0000          2.0000        311.0780
  281         18.0036         37.0000         33.0000          3.0000        311.2996
  285         18.0036         37.0000         33.0000          4.0000        311.4431
  273         18.0036         37.0000         33.0000          1.0000        310.6743
  277         18.0036         37.0000         33.0000          2.0000        311.0766
  281         18.0036         37.0000         33.0000          3.0000        311.2984
  285         18.0036         37.0000         33.0000          4.0000        311.4419
  273         19.0092         37.0000         33.0000          1.0000        308.2311
  277         19.0092         37.0000         33.0000          2.0000        308.4934
  281         19.0092         37.0000         33.0000          3.0000        308.6231
  285         19.0092         37.0000         33.0000          4.0000        308.6945
  273         19.0092         37.0000         33.0000          1.0000        308.2275
  277         19.0092         37.0000         33.0000          2.0000        308.4894
  281         19.0092         37.0000         33.0000          3.0000        308.6190
  285         19.0092         37.0000         33.0000          4.0000        308.6904
  273         20.0022         37.0000         33.0000          1.0000        306.8641
  277         20.0022         37.0000         33.0000          2.0000        307.0573
  281         20.0022         37.0000         33.0000          3.0000        307.1368
  285         20.0022         37.0000         33.0000          4.0000        307.1683
  273         20.0022         37.0000         33.0000          1.0000        306.8605
  277         20.0022         37.0000         33.0000          2.0000        307.0533
  281         20.0022         37.0000         33.0000          3.0000        307.1327
  285         20.0022         37.0000         33.0000          4.0000        307.1643
  273         21.0060         37.0000         33.0000          1.0000        306.0490
  277         21.0060         37.0000         33.0000          2.0000        306.2043
  281         21.0060         37.0000         33.0000          3.0000        306.2620
  285         21.0060         37.0000         33.0000          4.0000        306.2781
  273         21.0060         37.0000         33.0000          1.0000        306.0471
  277         21.0060         37.0000         33.0000          2.0000        306.2021
  281         21.0060         37.0000         33.0000          3.0000        306.2597
  285         21.0060         37.0000         33.0000          4.0000        306.2758
  273         22.0097         37.0000         33.0000          1.0000        305.5809
  277         22.0097         37.0000         33.0000          2.0000        305.7172
  281         22.0097         37.0000         33.0000          3.0000        305.7635
  285         22.0097         37.0000         33.0000          4.0000        305.7727
  273         22.0097         37.0000         33.0000          1.0000        305.5798
  277         22.0097         37.0000         33.0000          2.0000        305.7157
  281         22.0097         37.0000         33.0000          3.0000        305.7620
  285         22.0097         37.0000         33.0000          4.0000        305.7712
  273         23.0112         37.0000         33.0000          1.0000        305.1282
  277         23.0112         37.0000         33.0000          2.0000        305.2452
  281         23.0112         37.0000         33.0000          3.0000        305.2823
  285         23.0112         37.0000         33.0000          4.0000        305.2863
  273         23.0112         37.0000         33.0000          1.0000        305.1276
  277         23.0112         37.0000         33.0000          2.0000        305.2443
  281         23.0112         37.0000         33.0000          3.0000        305.2813
  285         23.0112         37.0000         33.0000          4.0000        305.2853
