  258          1.0142         34.0000         37.0000          1.0000         -4.6140
  259          1.0142         35.0000         37.0000          1.0000         -4.6580
  260          1.0142         36.0000         37.0000          1.0000         -4.7270
  262          1.0142         34.0000         37.0000          2.0000         -4.9959
  263          1.0142         35.0000         37.0000          2.0000         -5.0118
  264          1.0142         36.0000         37.0000          2.0000         -5.0440
  266          1.0142         34.0000         37.0000          3.0000         -5.2812
  267          1.0142         35.0000         37.0000          3.0000         -5.2880
  268          1.0142         36.0000         37.0000          3.0000         -5.3006
  270          1.0142         34.0000         37.0000          4.0000         -5.5327
  271          1.0142         35.0000         37.0000          4.0000         -5.5365
  272          1.0142         36.0000         37.0000          4.0000         -5.5457
  258          1.0142         34.0000         37.0000          1.0000         -4.6154
  259          1.0142         35.0000         37.0000          1.0000         -4.6592
  260          1.0142         36.0000         37.0000          1.0000         -4.7290
  262          1.0142         34.0000         37.0000          2.0000         -4.9999
  263          1.0142         35.0000         37.0000          2.0000         -5.0156
  264          1.0142         36.0000         37.0000          2.0000         -5.0481
  266          1.0142         34.0000         37.0000          3.0000         -5.2860
  267          1.0142         35.0000         37.0000          3.0000         -5.2927
  268          1.0142         36.0000         37.0000          3.0000         -5.3054
  270          1.0142         34.0000         37.0000          4.0000         -5.5378
  271          1.0142         35.0000         37.0000          4.0000         -5.5416
  272          1.0142         36.0000         37.0000          4.0000         -5.5509
  258          2.0285         34.0000         37.0000          1.0000         -5.0776
  259          2.0285         35.0000         37.0000          1.0000         -5.1234
  260          2.0285         36.0000         37.0000          1.0000         -5.1964
  262          2.0285         34.0000         37.0000          2.0000         -5.4767
  263          2.0285         35.0000         37.0000          2.0000         -5.4931
  264          2.0285         36.0000         37.0000          2.0000         -5.5270
  266          2.0285         34.0000         37.0000          3.0000         -5.7725
  267          2.0285         35.0000         37.0000          3.0000         -5.7794
  268          2.0285         36.0000         37.0000          3.0000         -5.7927
  270          2.0285         34.0000         37.0000          4.0000         -6.0370
  271          2.0285         35.0000         37.0000          4.0000         -6.0408
  272          2.0285         36.0000         37.0000          4.0000         -6.0506
  258          2.0285         34.0000         37.0000          1.0000         -5.0804
  259          2.0285         35.0000         37.0000          1.0000         -5.1259
  260          2.0285         36.0000         37.0000          1.0000         -5.2000
  262          2.0285         34.0000         37.0000          2.0000         -5.4828
  263          2.0285         35.0000         37.0000          2.0000         -5.4990
  264          2.0285         36.0000         37.0000          2.0000         -5.5333
  266          2.0285         34.0000         37.0000          3.0000         -5.7797
  267          2.0285         35.0000         37.0000          3.0000         -5.7865
  268          2.0285         36.0000         37.0000          3.0000         -5.8000
  270          2.0285         34.0000         37.0000          4.0000         -6.0446
  271          2.0285         35.0000         37.0000          4.0000         -6.0484
  272          2.0285         36.0000         37.0000          4.0000         -6.0582
  258          3.0037         34.0000         37.0000          1.0000         -4.3268
  259          3.0037         35.0000         37.0000          1.0000         -4.3705
  260          3.0037         36.0000         37.0000          1.0000         -4.4385
  262          3.0037         34.0000         37.0000          2.0000         -4.6748
  263          3.0037         35.0000         37.0000          2.0000         -4.6904
  264          3.0037         36.0000         37.0000          2.0000         -4.7219
  266          3.0037         34.0000         37.0000          3.0000         -4.9256
  267          3.0037         35.0000         37.0000          3.0000         -4.9321
  268          3.0037         36.0000         37.0000          3.0000         -4.9447
  270          3.0037         34.0000         37.0000          4.0000         -5.1376
  271          3.0037         35.0000         37.0000          4.0000         -5.1411
  272          3.0037         36.0000         37.0000          4.0000         -5.1500
  258          3.0037         34.0000         37.0000          1.0000         -4.3273
  259          3.0037         35.0000         37.0000          1.0000         -4.3707
  260          3.0037         36.0000         37.0000          1.0000         -4.4394
  262          3.0037         34.0000         37.0000          2.0000         -4.6773
  263          3.0037         35.0000         37.0000          2.0000         -4.6927
  264          3.0037         36.0000         37.0000          2.0000         -4.7245
  266          3.0037         34.0000         37.0000          3.0000         -4.9287
  267          3.0037         35.0000         37.0000          3.0000         -4.9352
  268          3.0037         36.0000         37.0000          3.0000         -4.9479
  270          3.0037         34.0000         37.0000          4.0000         -5.1409
  271          3.0037         35.0000         37.0000          4.0000         -5.1444
  272          3.0037         36.0000         37.0000          4.0000         -5.1534
  258          4.0179         34.0000         37.0000          1.0000         -4.6290
  259          4.0179         35.0000         37.0000          1.0000         -4.6753
  260          4.0179         36.0000         37.0000          1.0000         -4.7467
  262          4.0179         34.0000         37.0000          2.0000         -4.9791
  263          4.0179         35.0000         37.0000          2.0000         -4.9954
  264          4.0179         36.0000         37.0000          2.0000         -5.0283
  266          4.0179         34.0000         37.0000          3.0000         -5.2260
  267          4.0179         35.0000         37.0000          3.0000         -5.2327
  268          4.0179         36.0000         37.0000          3.0000         -5.2460
  270          4.0179         34.0000         37.0000          4.0000         -5.4329
  271          4.0179         35.0000         37.0000          4.0000         -5.4364
  272          4.0179         36.0000         37.0000          4.0000         -5.4456
  258          4.0179         34.0000         37.0000          1.0000         -4.6315
  259          4.0179         35.0000         37.0000          1.0000         -4.6775
  260          4.0179         36.0000         37.0000          1.0000         -4.7497
  262          4.0179         34.0000         37.0000          2.0000         -4.9838
  263          4.0179         35.0000         37.0000          2.0000         -5.0001
  264          4.0179         36.0000         37.0000          2.0000         -5.0333
  266          4.0179         34.0000         37.0000          3.0000         -5.2316
  267          4.0179         35.0000         37.0000          3.0000         -5.2382
  268          4.0179         36.0000         37.0000          3.0000         -5.2517
  270          4.0179         34.0000         37.0000          4.0000         -5.4387
  271          4.0179         35.0000         37.0000          4.0000         -5.4423
  272          4.0179         36.0000         37.0000          4.0000         -5.4515
  258          5.0321         34.0000         37.0000          1.0000         -4.7221
  259          5.0321         35.0000         37.0000          1.0000         -4.7693
  260          5.0321         36.0000         37.0000          1.0000         -4.8426
  262          5.0321         34.0000         37.0000          2.0000         -5.0729
  263          5.0321         35.0000         37.0000          2.0000         -5.0895
  264          5.0321         36.0000         37.0000          2.0000         -5.1232
  266          5.0321         34.0000         37.0000          3.0000         -5.3170
  267          5.0321         35.0000         37.0000          3.0000         -5.3238
  268          5.0321         36.0000         37.0000          3.0000         -5.3375
  270          5.0321         34.0000         37.0000          4.0000         -5.5201
  271          5.0321         35.0000         37.0000          4.0000         -5.5237
  272          5.0321         36.0000         37.0000          4.0000         -5.5330
  258          5.0321         34.0000         37.0000          1.0000         -4.7214
  259          5.0321         35.0000         37.0000          1.0000         -4.7684
  260          5.0321         36.0000         37.0000          1.0000         -4.8425
  262          5.0321         34.0000         37.0000          2.0000         -5.0744
  263          5.0321         35.0000         37.0000          2.0000         -5.0909
  264          5.0321         36.0000         37.0000          2.0000         -5.1248
  266          5.0321         34.0000         37.0000          3.0000         -5.3192
  267          5.0321         35.0000         37.0000          3.0000         -5.3259
  268          5.0321         36.0000         37.0000          3.0000         -5.3397
  270          5.0321         34.0000         37.0000          4.0000         -5.5225
  271          5.0321         35.0000         37.0000          4.0000         -5.5261
  272          5.0321         36.0000         37.0000          4.0000         -5.5355
  258          6.0269         34.0000         37.0000          1.0000         -4.3833
  259          6.0269         35.0000         37.0000          1.0000         -4.4297
  260          6.0269         36.0000         37.0000          1.0000         -4.5008
  262          6.0269         34.0000         37.0000          2.0000         -4.7107
  263          6.0269         35.0000         37.0000          2.0000         -4.7269
  264          6.0269         36.0000         37.0000          2.0000         -4.7595
  266          6.0269         34.0000         37.0000          3.0000         -4.9339
  267          6.0269         35.0000         37.0000          3.0000         -4.9404
  268          6.0269         36.0000         37.0000          3.0000         -4.9538
  270          6.0269         34.0000         37.0000          4.0000         -5.1172
  271          6.0269         35.0000         37.0000          4.0000         -5.1207
  272          6.0269         36.0000         37.0000          4.0000         -5.1296
  258          6.0269         34.0000         37.0000          1.0000         -4.3844
  259          6.0269         35.0000         37.0000          1.0000         -4.4305
  260          6.0269         36.0000         37.0000          1.0000         -4.5023
  262          6.0269         34.0000         37.0000          2.0000         -4.7138
  263          6.0269         35.0000         37.0000          2.0000         -4.7300
  264          6.0269         36.0000         37.0000          2.0000         -4.7628
  266          6.0269         34.0000         37.0000          3.0000         -4.9377
  267          6.0269         35.0000         37.0000          3.0000         -4.9441
  268          6.0269         36.0000         37.0000          3.0000         -4.9576
  270          6.0269         34.0000         37.0000          4.0000         -5.1213
  271          6.0269         35.0000         37.0000          4.0000         -5.1247
  272          6.0269         36.0000         37.0000          4.0000         -5.1337
  258          7.0411         34.0000         37.0000          1.0000         -4.0327
  259          7.0411         35.0000         37.0000          1.0000         -4.0780
  260          7.0411         36.0000         37.0000          1.0000         -4.1468
  262          7.0411         34.0000         37.0000          2.0000         -4.3392
  263          7.0411         35.0000         37.0000          2.0000         -4.3550
  264          7.0411         36.0000         37.0000          2.0000         -4.3864
  266          7.0411         34.0000         37.0000          3.0000         -4.5441
  267          7.0411         35.0000         37.0000          3.0000         -4.5504
  268          7.0411         36.0000         37.0000          3.0000         -4.5634
  270          7.0411         34.0000         37.0000          4.0000         -4.7106
  271          7.0411         35.0000         37.0000          4.0000         -4.7139
  272          7.0411         36.0000         37.0000          4.0000         -4.7224
  258          7.0411         34.0000         37.0000          1.0000         -3.9876
  259          7.0411         35.0000         37.0000          1.0000         -4.0325
  260          7.0411         36.0000         37.0000          1.0000         -4.1011
  262          7.0411         34.0000         37.0000          2.0000         -4.2927
  263          7.0411         35.0000         37.0000          2.0000         -4.3084
  264          7.0411         36.0000         37.0000          2.0000         -4.3397
  266          7.0411         34.0000         37.0000          3.0000         -4.4963
  267          7.0411         35.0000         37.0000          3.0000         -4.5026
  268          7.0411         36.0000         37.0000          3.0000         -4.5156
  270          7.0411         34.0000         37.0000          4.0000         -4.6616
  271          7.0411         35.0000         37.0000          4.0000         -4.6648
  272          7.0411         36.0000         37.0000          4.0000         -4.6734
  258          8.0046         34.0000         37.0000          1.0000         -0.4340
  259          8.0046         35.0000         37.0000          1.0000         -0.4585
  260          8.0046         36.0000         37.0000          1.0000         -0.4844
  262          8.0046         34.0000         37.0000          2.0000         -0.4810
  263          8.0046         35.0000         37.0000          2.0000         -0.4895
  264          8.0046         36.0000         37.0000          2.0000         -0.5013
  266          8.0046         34.0000         37.0000          3.0000         -0.4870
  267          8.0046         35.0000         37.0000          3.0000         -0.4903
  268          8.0046         36.0000         37.0000          3.0000         -0.4960
  270          8.0046         34.0000         37.0000          4.0000         -0.4786
  271          8.0046         35.0000         37.0000          4.0000         -0.4803
  272          8.0046         36.0000         37.0000          4.0000         -0.4830
  258          8.0046         34.0000         37.0000          1.0000         -0.3841
  259          8.0046         35.0000         37.0000          1.0000         -0.4074
  260          8.0046         36.0000         37.0000          1.0000         -0.4324
  262          8.0046         34.0000         37.0000          2.0000         -0.4290
  263          8.0046         35.0000         37.0000          2.0000         -0.4371
  264          8.0046         36.0000         37.0000          2.0000         -0.4485
  266          8.0046         34.0000         37.0000          3.0000         -0.4344
  267          8.0046         35.0000         37.0000          3.0000         -0.4375
  268          8.0046         36.0000         37.0000          3.0000         -0.4430
  270          8.0046         34.0000         37.0000          4.0000         -0.4260
  271          8.0046         35.0000         37.0000          4.0000         -0.4275
  272          8.0046         36.0000         37.0000          4.0000         -0.4302
  258          8.0046         34.0000         37.0000          1.0000         -0.3783
  259          8.0046         35.0000         37.0000          1.0000         -0.4014
  260          8.0046         36.0000         37.0000          1.0000         -0.4265
  262          8.0046         34.0000         37.0000          2.0000         -0.4242
  263          8.0046         35.0000         37.0000          2.0000         -0.4322
  264          8.0046         36.0000         37.0000          2.0000         -0.4437
  266          8.0046         34.0000         37.0000          3.0000         -0.4302
  267          8.0046         35.0000         37.0000          3.0000         -0.4333
  268          8.0046         36.0000         37.0000          3.0000         -0.4388
  270          8.0046         34.0000         37.0000          4.0000         -0.4222
  271          8.0046         35.0000         37.0000          4.0000         -0.4237
  272          8.0046         36.0000         37.0000          4.0000         -0.4264
  258          9.0117         34.0000         37.0000          1.0000         20.8490
  259          9.0117         35.0000         37.0000          1.0000         20.8486
  260          9.0117         36.0000         37.0000          1.0000         20.9514
  262          9.0117         34.0000         37.0000          2.0000         21.9247
  263          9.0117         35.0000         37.0000          2.0000         21.9234
  264          9.0117         36.0000         37.0000          2.0000         21.9706
  266          9.0117         34.0000         37.0000          3.0000         22.8886
  267          9.0117         35.0000         37.0000          3.0000         22.8870
  268          9.0117         36.0000         37.0000          3.0000         22.8958
  270          9.0117         34.0000         37.0000          4.0000         23.8100
  271          9.0117         35.0000         37.0000          4.0000         23.8067
  272          9.0117         36.0000         37.0000          4.0000         23.8203
  258          9.0117         34.0000         37.0000          1.0000         21.0168
  259          9.0117         35.0000         37.0000          1.0000         21.0172
  260          9.0117         36.0000         37.0000          1.0000         21.1209
  262          9.0117         34.0000         37.0000          2.0000         22.0951
  263          9.0117         35.0000         37.0000          2.0000         22.0941
  264          9.0117         36.0000         37.0000          2.0000         22.1417
  266          9.0117         34.0000         37.0000          3.0000         23.0606
  267          9.0117         35.0000         37.0000          3.0000         23.0590
  268          9.0117         36.0000         37.0000          3.0000         23.0680
  270          9.0117         34.0000         37.0000          4.0000         23.9828
  271          9.0117         35.0000         37.0000          4.0000         23.9795
  272          9.0117         36.0000         37.0000          4.0000         23.9932
  258          9.0117         34.0000         37.0000          1.0000         21.0318
  259          9.0117         35.0000         37.0000          1.0000         21.0327
  260          9.0117         36.0000         37.0000          1.0000         21.1358
  262          9.0117         34.0000         37.0000          2.0000         22.1069
  263          9.0117         35.0000         37.0000          2.0000         22.1061
  264          9.0117         36.0000         37.0000          2.0000         22.1534
  266          9.0117         34.0000         37.0000          3.0000         23.0705
  267          9.0117         35.0000         37.0000          3.0000         23.0690
  268          9.0117         36.0000         37.0000          3.0000         23.0779
  270          9.0117         34.0000         37.0000          4.0000         23.9913
  271          9.0117         35.0000         37.0000          4.0000         23.9881
  272          9.0117         36.0000         37.0000          4.0000         24.0017
  258         10.0022         34.0000         37.0000          1.0000         63.4590
  259         10.0022         35.0000         37.0000          1.0000         63.5354
  260         10.0022         36.0000         37.0000          1.0000         63.8725
  262         10.0022         34.0000         37.0000          2.0000         66.2292
  263         10.0022         35.0000         37.0000          2.0000         66.2554
  264         10.0022         36.0000         37.0000          2.0000         66.4119
  266         10.0022         34.0000         37.0000          3.0000         68.5901
  267         10.0022         35.0000         37.0000          3.0000         68.6023
  268         10.0022         36.0000         37.0000          3.0000         68.6457
  270         10.0022         34.0000         37.0000          4.0000         70.8840
  271         10.0022         35.0000         37.0000          4.0000         70.8878
  272         10.0022         36.0000         37.0000          4.0000         70.9354
  258         10.0022         34.0000         37.0000          1.0000         63.6310
  259         10.0022         35.0000         37.0000          1.0000         63.7086
  260         10.0022         36.0000         37.0000          1.0000         64.0457
  262         10.0022         34.0000         37.0000          2.0000         66.3996
  263         10.0022         35.0000         37.0000          2.0000         66.4262
  264         10.0022         36.0000         37.0000          2.0000         66.5827
  266         10.0022         34.0000         37.0000          3.0000         68.7588
  267         10.0022         35.0000         37.0000          3.0000         68.7713
  268         10.0022         36.0000         37.0000          3.0000         68.8146
  270         10.0022         34.0000         37.0000          4.0000         71.0504
  271         10.0022         35.0000         37.0000          4.0000         71.0544
  272         10.0022         36.0000         37.0000          4.0000         71.1019
  258         10.0022         34.0000         37.0000          1.0000         63.6460
  259         10.0022         35.0000         37.0000          1.0000         63.7243
  260         10.0022         36.0000         37.0000          1.0000         64.0605
  262         10.0022         34.0000         37.0000          2.0000         66.4116
  263         10.0022         35.0000         37.0000          2.0000         66.4384
  264         10.0022         36.0000         37.0000          2.0000         66.5947
  266         10.0022         34.0000         37.0000          3.0000         68.7694
  267         10.0022         35.0000         37.0000          3.0000         68.7819
  268         10.0022         36.0000         37.0000          3.0000         68.8252
  270         10.0022         34.0000         37.0000          4.0000         71.0600
  271         10.0022         35.0000         37.0000          4.0000         71.0639
  272         10.0022         36.0000         37.0000          4.0000         71.1114
  258         11.0065         34.0000         37.0000          1.0000        108.2720
  259         11.0065         35.0000         37.0000          1.0000        108.4226
  260         11.0065         36.0000         37.0000          1.0000        109.0430
  262         11.0065         34.0000         37.0000          2.0000        113.2084
  263         11.0065         35.0000         37.0000          2.0000        113.2628
  264         11.0065         36.0000         37.0000          2.0000        113.5478
  266         11.0065         34.0000         37.0000          3.0000        117.3469
  267         11.0065         35.0000         37.0000          3.0000        117.3737
  268         11.0065         36.0000         37.0000          3.0000        117.4595
  270         11.0065         34.0000         37.0000          4.0000        121.3562
  271         11.0065         35.0000         37.0000          4.0000        121.3686
  272         11.0065         36.0000         37.0000          4.0000        121.4580
  258         11.0065         34.0000         37.0000          1.0000        108.4603
  259         11.0065         35.0000         37.0000          1.0000        108.6124
  260         11.0065         36.0000         37.0000          1.0000        109.2329
  262         11.0065         34.0000         37.0000          2.0000        113.3933
  263         11.0065         35.0000         37.0000          2.0000        113.4482
  264         11.0065         36.0000         37.0000          2.0000        113.7335
  266         11.0065         34.0000         37.0000          3.0000        117.5286
  267         11.0065         35.0000         37.0000          3.0000        117.5558
  268         11.0065         36.0000         37.0000          3.0000        117.6417
  270         11.0065         34.0000         37.0000          4.0000        121.5344
  271         11.0065         35.0000         37.0000          4.0000        121.5470
  272         11.0065         36.0000         37.0000          4.0000        121.6365
  258         11.0065         34.0000         37.0000          1.0000        108.4765
  259         11.0065         35.0000         37.0000          1.0000        108.6292
  260         11.0065         36.0000         37.0000          1.0000        109.2487
  262         11.0065         34.0000         37.0000          2.0000        113.4059
  263         11.0065         35.0000         37.0000          2.0000        113.4610
  264         11.0065         36.0000         37.0000          2.0000        113.7459
  266         11.0065         34.0000         37.0000          3.0000        117.5395
  267         11.0065         35.0000         37.0000          3.0000        117.5667
  268         11.0065         36.0000         37.0000          3.0000        117.6525
  270         11.0065         34.0000         37.0000          4.0000        121.5442
  271         11.0065         35.0000         37.0000          4.0000        121.5568
  272         11.0065         36.0000         37.0000          4.0000        121.6463
  258         12.0044         34.0000         37.0000          1.0000        131.0619
  259         12.0044         35.0000         37.0000          1.0000        131.2772
  260         12.0044         36.0000         37.0000          1.0000        131.9849
  262         12.0044         34.0000         37.0000          2.0000        136.3194
  263         12.0044         35.0000         37.0000          2.0000        136.4016
  264         12.0044         36.0000         37.0000          2.0000        136.7345
  266         12.0044         34.0000         37.0000          3.0000        140.6723
  267         12.0044         35.0000         37.0000          3.0000        140.7117
  268         12.0044         36.0000         37.0000          3.0000        140.8274
  270         12.0044         34.0000         37.0000          4.0000        144.7995
  271         12.0044         35.0000         37.0000          4.0000        144.8232
  272         12.0044         36.0000         37.0000          4.0000        144.9374
  258         12.0044         34.0000         37.0000          1.0000        131.2943
  259         12.0044         35.0000         37.0000          1.0000        131.5196
  260         12.0044         36.0000         37.0000          1.0000        132.2254
  262         12.0044         34.0000         37.0000          2.0000        136.5484
  263         12.0044         35.0000         37.0000          2.0000        136.6343
  264         12.0044         36.0000         37.0000          2.0000        136.9679
  266         12.0044         34.0000         37.0000          3.0000        140.9033
  267         12.0044         35.0000         37.0000          3.0000        140.9391
  268         12.0044         36.0000         37.0000          3.0000        141.0598
  270         12.0044         34.0000         37.0000          4.0000        145.0320
  271         12.0044         35.0000         37.0000          4.0000        145.0571
  272         12.0044         36.0000         37.0000          4.0000        145.1731
  258         12.0044         34.0000         37.0000          1.0000        131.3078
  259         12.0044         35.0000         37.0000          1.0000        131.5343
  260         12.0044         36.0000         37.0000          1.0000        132.2326
  262         12.0044         34.0000         37.0000          2.0000        136.5552
  263         12.0044         35.0000         37.0000          2.0000        136.6396
  264         12.0044         36.0000         37.0000          2.0000        136.9687
  266         12.0044         34.0000         37.0000          3.0000        140.9071
  267         12.0044         35.0000         37.0000          3.0000        140.9407
  268         12.0044         36.0000         37.0000          3.0000        141.0595
  270         12.0044         34.0000         37.0000          4.0000        145.0333
  271         12.0044         35.0000         37.0000          4.0000        145.0572
  272         12.0044         36.0000         37.0000          4.0000        145.1718
  258         12.0044         34.0000         37.0000          1.0000        131.3108
  259         12.0044         35.0000         37.0000          1.0000        131.5374
  260         12.0044         36.0000         37.0000          1.0000        132.2348
  262         12.0044         34.0000         37.0000          2.0000        136.5570
  263         12.0044         35.0000         37.0000          2.0000        136.6413
  264         12.0044         36.0000         37.0000          2.0000        136.9700
  266         12.0044         34.0000         37.0000          3.0000        140.9084
  267         12.0044         35.0000         37.0000          3.0000        140.9419
  268         12.0044         36.0000         37.0000          3.0000        141.0605
  270         12.0044         34.0000         37.0000          4.0000        145.0344
  271         12.0044         35.0000         37.0000          4.0000        145.0582
  272         12.0044         36.0000         37.0000          4.0000        145.1727
  258         13.0152         34.0000         37.0000          1.0000        141.3778
  259         13.0152         35.0000         37.0000          1.0000        141.6221
  260         13.0152         36.0000         37.0000          1.0000        142.3178
  262         13.0152         34.0000         37.0000          2.0000        146.4096
  263         13.0152         35.0000         37.0000          2.0000        146.4992
  264         13.0152         36.0000         37.0000          2.0000        146.8296
  266         13.0152         34.0000         37.0000          3.0000        150.5528
  267         13.0152         35.0000         37.0000          3.0000        150.5866
  268         13.0152         36.0000         37.0000          3.0000        150.7113
  270         13.0152         34.0000         37.0000          4.0000        154.5298
  271         13.0152         35.0000         37.0000          4.0000        154.5528
  272         13.0152         36.0000         37.0000          4.0000        154.6732
  258         13.0152         34.0000         37.0000          1.0000        141.3475
  259         13.0152         35.0000         37.0000          1.0000        141.5924
  260         13.0152         36.0000         37.0000          1.0000        142.2849
  262         13.0152         34.0000         37.0000          2.0000        146.3711
  263         13.0152         35.0000         37.0000          2.0000        146.4609
  264         13.0152         36.0000         37.0000          2.0000        146.7901
  266         13.0152         34.0000         37.0000          3.0000        150.5124
  267         13.0152         35.0000         37.0000          3.0000        150.5462
  268         13.0152         36.0000         37.0000          3.0000        150.6704
  270         13.0152         34.0000         37.0000          4.0000        154.4894
  271         13.0152         35.0000         37.0000          4.0000        154.5125
  272         13.0152         36.0000         37.0000          4.0000        154.6326
  258         14.0195         34.0000         37.0000          1.0000        166.0819
  259         14.0195         35.0000         37.0000          1.0000        166.3150
  260         14.0195         36.0000         37.0000          1.0000        167.1818
  262         14.0195         34.0000         37.0000          2.0000        172.9643
  263         14.0195         35.0000         37.0000          2.0000        173.0503
  264         14.0195         36.0000         37.0000          2.0000        173.4534
  266         14.0195         34.0000         37.0000          3.0000        178.7129
  267         14.0195         35.0000         37.0000          3.0000        178.7479
  268         14.0195         36.0000         37.0000          3.0000        178.8885
  270         14.0195         34.0000         37.0000          4.0000        184.2454
  271         14.0195         35.0000         37.0000          4.0000        184.2689
  272         14.0195         36.0000         37.0000          4.0000        184.4114
  258         14.0195         34.0000         37.0000          1.0000        167.0213
  259         14.0195         35.0000         37.0000          1.0000        167.2588
  260         14.0195         36.0000         37.0000          1.0000        168.1489
  262         14.0195         34.0000         37.0000          2.0000        173.9486
  263         14.0195         35.0000         37.0000          2.0000        174.0362
  264         14.0195         36.0000         37.0000          2.0000        174.4482
  266         14.0195         34.0000         37.0000          3.0000        179.6983
  267         14.0195         35.0000         37.0000          3.0000        179.7340
  268         14.0195         36.0000         37.0000          3.0000        179.8785
  270         14.0195         34.0000         37.0000          4.0000        185.2164
  271         14.0195         35.0000         37.0000          4.0000        185.2405
  272         14.0195         36.0000         37.0000          4.0000        185.3847
  258         14.0195         34.0000         37.0000          1.0000        167.0919
  259         14.0195         35.0000         37.0000          1.0000        167.3317
  260         14.0195         36.0000         37.0000          1.0000        168.2185
  262         14.0195         34.0000         37.0000          2.0000        174.0069
  263         14.0195         35.0000         37.0000          2.0000        174.0953
  264         14.0195         36.0000         37.0000          2.0000        174.5062
  266         14.0195         34.0000         37.0000          3.0000        179.7506
  267         14.0195         35.0000         37.0000          3.0000        179.7865
  268         14.0195         36.0000         37.0000          3.0000        179.9306
  270         14.0195         34.0000         37.0000          4.0000        185.2645
  271         14.0195         35.0000         37.0000          4.0000        185.2887
  272         14.0195         36.0000         37.0000          4.0000        185.4326
  258         15.0076         34.0000         37.0000          1.0000        119.3533
  259         15.0076         35.0000         37.0000          1.0000        119.6007
  260         15.0076         36.0000         37.0000          1.0000        120.2268
  262         15.0076         34.0000         37.0000          2.0000        123.5347
  263         15.0076         35.0000         37.0000          2.0000        123.6242
  264         15.0076         36.0000         37.0000          2.0000        123.9204
  266         15.0076         34.0000         37.0000          3.0000        126.8953
  267         15.0076         35.0000         37.0000          3.0000        126.9263
  268         15.0076         36.0000         37.0000          3.0000        127.0449
  270         15.0076         34.0000         37.0000          4.0000        130.1436
  271         15.0076         35.0000         37.0000          4.0000        130.1667
  272         15.0076         36.0000         37.0000          4.0000        130.2734
  258         15.0076         34.0000         37.0000          1.0000        118.3398
  259         15.0076         35.0000         37.0000          1.0000        118.5857
  260         15.0076         36.0000         37.0000          1.0000        119.1815
  262         15.0076         34.0000         37.0000          2.0000        122.4378
  263         15.0076         35.0000         37.0000          2.0000        122.5266
  264         15.0076         36.0000         37.0000          2.0000        122.8115
  266         15.0076         34.0000         37.0000          3.0000        125.7714
  267         15.0076         35.0000         37.0000          3.0000        125.8021
  268         15.0076         36.0000         37.0000          3.0000        125.9162
  270         15.0076         34.0000         37.0000          4.0000        129.0138
  271         15.0076         35.0000         37.0000          4.0000        129.0366
  272         15.0076         36.0000         37.0000          4.0000        129.1411
  258         15.0076         34.0000         37.0000          1.0000        118.2717
  259         15.0076         35.0000         37.0000          1.0000        118.5151
  260         15.0076         36.0000         37.0000          1.0000        119.1130
  262         15.0076         34.0000         37.0000          2.0000        122.3800
  263         15.0076         35.0000         37.0000          2.0000        122.4680
  264         15.0076         36.0000         37.0000          2.0000        122.7535
  266         15.0076         34.0000         37.0000          3.0000        125.7203
  267         15.0076         35.0000         37.0000          3.0000        125.7507
  268         15.0076         36.0000         37.0000          3.0000        125.8649
  270         15.0076         34.0000         37.0000          4.0000        128.9683
  271         15.0076         35.0000         37.0000          4.0000        128.9909
  272         15.0076         36.0000         37.0000          4.0000        129.0956
  258         16.0022         34.0000         37.0000          1.0000        123.2417
  259         16.0022         35.0000         37.0000          1.0000        123.4887
  260         16.0022         36.0000         37.0000          1.0000        124.0831
  262         16.0022         34.0000         37.0000          2.0000        127.2797
  263         16.0022         35.0000         37.0000          2.0000        127.3693
  264         16.0022         36.0000         37.0000          2.0000        127.6549
  266         16.0022         34.0000         37.0000          3.0000        130.5542
  267         16.0022         35.0000         37.0000          3.0000        130.5852
  268         16.0022         36.0000         37.0000          3.0000        130.7020
  270         16.0022         34.0000         37.0000          4.0000        133.7525
  271         16.0022         35.0000         37.0000          4.0000        133.7760
  272         16.0022         36.0000         37.0000          4.0000        133.8822
  258         16.0022         34.0000         37.0000          1.0000        123.1575
  259         16.0022         35.0000         37.0000          1.0000        123.4050
  260         16.0022         36.0000         37.0000          1.0000        123.9963
  262         16.0022         34.0000         37.0000          2.0000        127.1852
  263         16.0022         35.0000         37.0000          2.0000        127.2748
  264         16.0022         36.0000         37.0000          2.0000        127.5596
  266         16.0022         34.0000         37.0000          3.0000        130.4571
  267         16.0022         35.0000         37.0000          3.0000        130.4881
  268         16.0022         36.0000         37.0000          3.0000        130.6047
  270         16.0022         34.0000         37.0000          4.0000        133.6557
  271         16.0022         35.0000         37.0000          4.0000        133.6792
  272         16.0022         36.0000         37.0000          4.0000        133.7855
  258         16.0022         34.0000         37.0000          1.0000        123.1546
  259         16.0022         35.0000         37.0000          1.0000        123.4020
  260         16.0022         36.0000         37.0000          1.0000        123.9931
  262         16.0022         34.0000         37.0000          2.0000        127.1815
  263         16.0022         35.0000         37.0000          2.0000        127.2711
  264         16.0022         36.0000         37.0000          2.0000        127.5559
  266         16.0022         34.0000         37.0000          3.0000        130.4532
  267         16.0022         35.0000         37.0000          3.0000        130.4841
  268         16.0022         36.0000         37.0000          3.0000        130.6008
  270         16.0022         34.0000         37.0000          4.0000        133.6518
  271         16.0022         35.0000         37.0000          4.0000        133.6753
  272         16.0022         36.0000         37.0000          4.0000        133.7816
  258         17.0105         34.0000         37.0000          1.0000         99.1599
  259         17.0105         35.0000         37.0000          1.0000         99.3260
  260         17.0105         36.0000         37.0000          1.0000         99.8535
  262         17.0105         34.0000         37.0000          2.0000        103.1661
  263         17.0105         35.0000         37.0000          2.0000        103.2263
  264         17.0105         36.0000         37.0000          2.0000        103.4729
  266         17.0105         34.0000         37.0000          3.0000        106.4819
  267         17.0105         35.0000         37.0000          3.0000        106.5043
  268         17.0105         36.0000         37.0000          3.0000        106.5941
  270         17.0105         34.0000         37.0000          4.0000        109.7123
  271         17.0105         35.0000         37.0000          4.0000        109.7281
  272         17.0105         36.0000         37.0000          4.0000        109.8151
  258         17.0105         34.0000         37.0000          1.0000         99.7260
  259         17.0105         35.0000         37.0000          1.0000         99.8946
  260         17.0105         36.0000         37.0000          1.0000        100.4366
  262         17.0105         34.0000         37.0000          2.0000        103.7663
  263         17.0105         35.0000         37.0000          2.0000        103.8275
  264         17.0105         36.0000         37.0000          2.0000        104.0794
  266         17.0105         34.0000         37.0000          3.0000        107.0868
  267         17.0105         35.0000         37.0000          3.0000        107.1098
  268         17.0105         36.0000         37.0000          3.0000        107.2016
  270         17.0105         34.0000         37.0000          4.0000        110.3110
  271         17.0105         35.0000         37.0000          4.0000        110.3273
  272         17.0105         36.0000         37.0000          4.0000        110.4149
  258         17.0105         34.0000         37.0000          1.0000         99.7673
  259         17.0105         35.0000         37.0000          1.0000         99.9372
  260         17.0105         36.0000         37.0000          1.0000        100.4773
  262         17.0105         34.0000         37.0000          2.0000        103.8008
  263         17.0105         35.0000         37.0000          2.0000        103.8624
  264         17.0105         36.0000         37.0000          2.0000        104.1136
  266         17.0105         34.0000         37.0000          3.0000        107.1180
  267         17.0105         35.0000         37.0000          3.0000        107.1412
  268         17.0105         36.0000         37.0000          3.0000        107.2327
  270         17.0105         34.0000         37.0000          4.0000        110.3399
  271         17.0105         35.0000         37.0000          4.0000        110.3562
  272         17.0105         36.0000         37.0000          4.0000        110.4437
  258         18.0036         34.0000         37.0000          1.0000         60.5001
  259         18.0036         35.0000         37.0000          1.0000         60.6128
  260         18.0036         36.0000         37.0000          1.0000         60.9425
  262         18.0036         34.0000         37.0000          2.0000         62.7722
  263         18.0036         35.0000         37.0000          2.0000         62.8146
  264         18.0036         36.0000         37.0000          2.0000         62.9689
  266         18.0036         34.0000         37.0000          3.0000         64.6019
  267         18.0036         35.0000         37.0000          3.0000         64.6203
  268         18.0036         36.0000         37.0000          3.0000         64.6807
  270         18.0036         34.0000         37.0000          4.0000         66.4248
  271         18.0036         35.0000         37.0000          4.0000         66.4394
  272         18.0036         36.0000         37.0000          4.0000         66.4952
  258         18.0036         34.0000         37.0000          1.0000         59.9933
  259         18.0036         35.0000         37.0000          1.0000         60.1053
  260         18.0036         36.0000         37.0000          1.0000         60.4164
  262         18.0036         34.0000         37.0000          2.0000         62.2236
  263         18.0036         35.0000         37.0000          2.0000         62.2657
  264         18.0036         36.0000         37.0000          2.0000         62.4132
  266         18.0036         34.0000         37.0000          3.0000         64.0474
  267         18.0036         35.0000         37.0000          3.0000         64.0655
  268         18.0036         36.0000         37.0000          3.0000         64.1232
  270         18.0036         34.0000         37.0000          4.0000         65.8766
  271         18.0036         35.0000         37.0000          4.0000         65.8910
  272         18.0036         36.0000         37.0000          4.0000         65.9456
  258         18.0036         34.0000         37.0000          1.0000         59.9550
  259         18.0036         35.0000         37.0000          1.0000         60.0657
  260         18.0036         36.0000         37.0000          1.0000         60.3786
  262         18.0036         34.0000         37.0000          2.0000         62.1918
  263         18.0036         35.0000         37.0000          2.0000         62.2334
  264         18.0036         36.0000         37.0000          2.0000         62.3815
  266         18.0036         34.0000         37.0000          3.0000         64.0187
  267         18.0036         35.0000         37.0000          3.0000         64.0367
  268         18.0036         36.0000         37.0000          3.0000         64.0946
  270         18.0036         34.0000         37.0000          4.0000         65.8501
  271         18.0036         35.0000         37.0000          4.0000         65.8644
  272         18.0036         36.0000         37.0000          4.0000         65.9191
  258         19.0092         34.0000         37.0000          1.0000         18.4176
  259         19.0092         35.0000         37.0000          1.0000         18.4527
  260         19.0092         36.0000         37.0000          1.0000         18.5401
  262         19.0092         34.0000         37.0000          2.0000         18.8762
  263         19.0092         35.0000         37.0000          2.0000         18.8878
  264         19.0092         36.0000         37.0000          2.0000         18.9270
  266         19.0092         34.0000         37.0000          3.0000         19.2050
  267         19.0092         35.0000         37.0000          3.0000         19.2088
  268         19.0092         36.0000         37.0000          3.0000         19.2249
  270         19.0092         34.0000         37.0000          4.0000         19.5245
  271         19.0092         35.0000         37.0000          4.0000         19.5274
  272         19.0092         36.0000         37.0000          4.0000         19.5400
  258         19.0092         34.0000         37.0000          1.0000         18.3690
  259         19.0092         35.0000         37.0000          1.0000         18.4046
  260         19.0092         36.0000         37.0000          1.0000         18.4886
  262         19.0092         34.0000         37.0000          2.0000         18.8193
  263         19.0092         35.0000         37.0000          2.0000         18.8310
  264         19.0092         36.0000         37.0000          2.0000         18.8690
  266         19.0092         34.0000         37.0000          3.0000         19.1464
  267         19.0092         35.0000         37.0000          3.0000         19.1502
  268         19.0092         36.0000         37.0000          3.0000         19.1659
  270         19.0092         34.0000         37.0000          4.0000         19.4664
  271         19.0092         35.0000         37.0000          4.0000         19.4692
  272         19.0092         36.0000         37.0000          4.0000         19.4816
  258         20.0022         34.0000         37.0000          1.0000         -1.4823
  259         20.0022         35.0000         37.0000          1.0000         -1.4870
  260         20.0022         36.0000         37.0000          1.0000         -1.5120
  262         20.0022         34.0000         37.0000          2.0000         -1.8064
  263         20.0022         35.0000         37.0000          2.0000         -1.8091
  264         20.0022         36.0000         37.0000          2.0000         -1.8215
  266         20.0022         34.0000         37.0000          3.0000         -2.1061
  267         20.0022         35.0000         37.0000          3.0000         -2.1083
  268         20.0022         36.0000         37.0000          3.0000         -2.1111
  270         20.0022         34.0000         37.0000          4.0000         -2.4107
  271         20.0022         35.0000         37.0000          4.0000         -2.4122
  272         20.0022         36.0000         37.0000          4.0000         -2.4168
  258         20.0022         34.0000         37.0000          1.0000         -1.5125
  259         20.0022         35.0000         37.0000          1.0000         -1.5170
  260         20.0022         36.0000         37.0000          1.0000         -1.5446
  262         20.0022         34.0000         37.0000          2.0000         -1.8440
  263         20.0022         35.0000         37.0000          2.0000         -1.8467
  264         20.0022         36.0000         37.0000          2.0000         -1.8600
  266         20.0022         34.0000         37.0000          3.0000         -2.1462
  267         20.0022         35.0000         37.0000          3.0000         -2.1484
  268         20.0022         36.0000         37.0000          3.0000         -2.1515
  270         20.0022         34.0000         37.0000          4.0000         -2.4517
  271         20.0022         35.0000         37.0000          4.0000         -2.4532
  272         20.0022         36.0000         37.0000          4.0000         -2.4580
  258         21.0060         34.0000         37.0000          1.0000         -4.9174
  259         21.0060         35.0000         37.0000          1.0000         -4.9373
  260         21.0060         36.0000         37.0000          1.0000         -4.9879
  262         21.0060         34.0000         37.0000          2.0000         -5.3808
  263         21.0060         35.0000         37.0000          2.0000         -5.3890
  264         21.0060         36.0000         37.0000          2.0000         -5.4131
  266         21.0060         34.0000         37.0000          3.0000         -5.7824
  267         21.0060         35.0000         37.0000          3.0000         -5.7868
  268         21.0060         36.0000         37.0000          3.0000         -5.7943
  270         21.0060         34.0000         37.0000          4.0000         -6.1797
  271         21.0060         35.0000         37.0000          4.0000         -6.1825
  272         21.0060         36.0000         37.0000          4.0000         -6.1906
  258         21.0060         34.0000         37.0000          1.0000         -4.9330
  259         21.0060         35.0000         37.0000          1.0000         -4.9525
  260         21.0060         36.0000         37.0000          1.0000         -5.0052
  262         21.0060         34.0000         37.0000          2.0000         -5.4026
  263         21.0060         35.0000         37.0000          2.0000         -5.4106
  264         21.0060         36.0000         37.0000          2.0000         -5.4355
  266         21.0060         34.0000         37.0000          3.0000         -5.8062
  267         21.0060         35.0000         37.0000          3.0000         -5.8106
  268         21.0060         36.0000         37.0000          3.0000         -5.8183
  270         21.0060         34.0000         37.0000          4.0000         -6.2041
  271         21.0060         35.0000         37.0000          4.0000         -6.2070
  272         21.0060         36.0000         37.0000          4.0000         -6.2152
  258         22.0097         34.0000         37.0000          1.0000         -3.3468
  259         22.0097         35.0000         37.0000          1.0000         -3.3714
  260         22.0097         36.0000         37.0000          1.0000         -3.4190
  262         22.0097         34.0000         37.0000          2.0000         -3.7070
  263         22.0097         35.0000         37.0000          2.0000         -3.7165
  264         22.0097         36.0000         37.0000          2.0000         -3.7393
  266         22.0097         34.0000         37.0000          3.0000         -4.0070
  267         22.0097         35.0000         37.0000          3.0000         -4.0117
  268         22.0097         36.0000         37.0000          3.0000         -4.0196
  270         22.0097         34.0000         37.0000          4.0000         -4.2844
  271         22.0097         35.0000         37.0000          4.0000         -4.2872
  272         22.0097         36.0000         37.0000          4.0000         -4.2943
  258         22.0097         34.0000         37.0000          1.0000         -3.3592
  259         22.0097         35.0000         37.0000          1.0000         -3.3836
  260         22.0097         36.0000         37.0000          1.0000         -3.4323
  262         22.0097         34.0000         37.0000          2.0000         -3.7225
  263         22.0097         35.0000         37.0000          2.0000         -3.7320
  264         22.0097         36.0000         37.0000          2.0000         -3.7552
  266         22.0097         34.0000         37.0000          3.0000         -4.0238
  267         22.0097         35.0000         37.0000          3.0000         -4.0284
  268         22.0097         36.0000         37.0000          3.0000         -4.0364
  270         22.0097         34.0000         37.0000          4.0000         -4.3016
  271         22.0097         35.0000         37.0000          4.0000         -4.3044
  272         22.0097         36.0000         37.0000          4.0000         -4.3117
  258         23.0112         34.0000         37.0000          1.0000         -3.8602
  259         23.0112         35.0000         37.0000          1.0000         -3.8934
  260         23.0112         36.0000         37.0000          1.0000         -3.9504
  262         23.0112         34.0000         37.0000          2.0000         -4.2355
  263         23.0112         35.0000         37.0000          2.0000         -4.2480
  264         23.0112         36.0000         37.0000          2.0000         -4.2751
  266         23.0112         34.0000         37.0000          3.0000         -4.5346
  267         23.0112         35.0000         37.0000          3.0000         -4.5404
  268         23.0112         36.0000         37.0000          3.0000         -4.5504
  270         23.0112         34.0000         37.0000          4.0000         -4.8014
  271         23.0112         35.0000         37.0000          4.0000         -4.8047
  272         23.0112         36.0000         37.0000          4.0000         -4.8129
  258         23.0112         34.0000         37.0000          1.0000         -3.8659
  259         23.0112         35.0000         37.0000          1.0000         -3.8989
  260         23.0112         36.0000         37.0000          1.0000         -3.9568
  262         23.0112         34.0000         37.0000          2.0000         -4.2436
  263         23.0112         35.0000         37.0000          2.0000         -4.2561
  264         23.0112         36.0000         37.0000          2.0000         -4.2835
  266         23.0112         34.0000         37.0000          3.0000         -4.5435
  267         23.0112         35.0000         37.0000          3.0000         -4.5493
  268         23.0112         36.0000         37.0000          3.0000         -4.5595
  270         23.0112         34.0000         37.0000          4.0000         -4.8106
  271         23.0112         35.0000         37.0000          4.0000         -4.8139
  272         23.0112         36.0000         37.0000          4.0000         -4.8222
