  306          1.0142         32.0000         34.0000          1.0000          0.0000
  307          1.0142         32.0000         35.0000          1.0000          0.0000
  308          1.0142         32.0000         36.0000          1.0000          0.0000
  310          1.0142         32.0000         34.0000          2.0000          0.0000
  311          1.0142         32.0000         35.0000          2.0000          0.0000
  312          1.0142         32.0000         36.0000          2.0000          0.0000
  314          1.0142         32.0000         34.0000          3.0000          0.0000
  315          1.0142         32.0000         35.0000          3.0000          0.0000
  316          1.0142         32.0000         36.0000          3.0000          0.0000
  318          1.0142         32.0000         34.0000          4.0000          0.0000
  319          1.0142         32.0000         35.0000          4.0000          0.0000
  320          1.0142         32.0000         36.0000          4.0000          0.0000
  306          1.0142         32.0000         34.0000          1.0000          0.0000
  307          1.0142         32.0000         35.0000          1.0000          0.0000
  308          1.0142         32.0000         36.0000          1.0000          0.0000
  310          1.0142         32.0000         34.0000          2.0000          0.0000
  311          1.0142         32.0000         35.0000          2.0000          0.0000
  312          1.0142         32.0000         36.0000          2.0000          0.0000
  314          1.0142         32.0000         34.0000          3.0000          0.0000
  315          1.0142         32.0000         35.0000          3.0000          0.0000
  316          1.0142         32.0000         36.0000          3.0000          0.0000
  318          1.0142         32.0000         34.0000          4.0000          0.0000
  319          1.0142         32.0000         35.0000          4.0000          0.0000
  320          1.0142         32.0000         36.0000          4.0000          0.0000
  306          2.0285         32.0000         34.0000          1.0000          0.0000
  307          2.0285         32.0000         35.0000          1.0000          0.0000
  308          2.0285         32.0000         36.0000          1.0000          0.0000
  310          2.0285         32.0000         34.0000          2.0000          0.0000
  311          2.0285         32.0000         35.0000          2.0000          0.0000
  312          2.0285         32.0000         36.0000          2.0000          0.0000
  314          2.0285         32.0000         34.0000          3.0000          0.0000
  315          2.0285         32.0000         35.0000          3.0000          0.0000
  316          2.0285         32.0000         36.0000          3.0000          0.0000
  318          2.0285         32.0000         34.0000          4.0000          0.0000
  319          2.0285         32.0000         35.0000          4.0000          0.0000
  320          2.0285         32.0000         36.0000          4.0000          0.0000
  306          2.0285         32.0000         34.0000          1.0000          0.0000
  307          2.0285         32.0000         35.0000          1.0000          0.0000
  308          2.0285         32.0000         36.0000          1.0000          0.0000
  310          2.0285         32.0000         34.0000          2.0000          0.0000
  311          2.0285         32.0000         35.0000          2.0000          0.0000
  312          2.0285         32.0000         36.0000          2.0000          0.0000
  314          2.0285         32.0000         34.0000          3.0000          0.0000
  315          2.0285         32.0000         35.0000          3.0000          0.0000
  316          2.0285         32.0000         36.0000          3.0000          0.0000
  318          2.0285         32.0000         34.0000          4.0000          0.0000
  319          2.0285         32.0000         35.0000          4.0000          0.0000
  320          2.0285         32.0000         36.0000          4.0000          0.0000
  306          3.0037         32.0000         34.0000          1.0000          0.0000
  307          3.0037         32.0000         35.0000          1.0000          0.0000
  308          3.0037         32.0000         36.0000          1.0000          0.0000
  310          3.0037         32.0000         34.0000          2.0000          0.0000
  311          3.0037         32.0000         35.0000          2.0000          0.0000
  312          3.0037         32.0000         36.0000          2.0000          0.0000
  314          3.0037         32.0000         34.0000          3.0000          0.0000
  315          3.0037         32.0000         35.0000          3.0000          0.0000
  316          3.0037         32.0000         36.0000          3.0000          0.0000
  318          3.0037         32.0000         34.0000          4.0000          0.0000
  319          3.0037         32.0000         35.0000          4.0000          0.0000
  320          3.0037         32.0000         36.0000          4.0000          0.0000
  306          3.0037         32.0000         34.0000          1.0000          0.0000
  307          3.0037         32.0000         35.0000          1.0000          0.0000
  308          3.0037         32.0000         36.0000          1.0000          0.0000
  310          3.0037         32.0000         34.0000          2.0000          0.0000
  311          3.0037         32.0000         35.0000          2.0000          0.0000
  312          3.0037         32.0000         36.0000          2.0000          0.0000
  314          3.0037         32.0000         34.0000          3.0000          0.0000
  315          3.0037         32.0000         35.0000          3.0000          0.0000
  316          3.0037         32.0000         36.0000          3.0000          0.0000
  318          3.0037         32.0000         34.0000          4.0000          0.0000
  319          3.0037         32.0000         35.0000          4.0000          0.0000
  320          3.0037         32.0000         36.0000          4.0000          0.0000
  306          4.0179         32.0000         34.0000          1.0000          0.0000
  307          4.0179         32.0000         35.0000          1.0000          0.0000
  308          4.0179         32.0000         36.0000          1.0000          0.0000
  310          4.0179         32.0000         34.0000          2.0000          0.0000
  311          4.0179         32.0000         35.0000          2.0000          0.0000
  312          4.0179         32.0000         36.0000          2.0000          0.0000
  314          4.0179         32.0000         34.0000          3.0000          0.0000
  315          4.0179         32.0000         35.0000          3.0000          0.0000
  316          4.0179         32.0000         36.0000          3.0000          0.0000
  318          4.0179         32.0000         34.0000          4.0000          0.0000
  319          4.0179         32.0000         35.0000          4.0000          0.0000
  320          4.0179         32.0000         36.0000          4.0000          0.0000
  306          4.0179         32.0000         34.0000          1.0000          0.0000
  307          4.0179         32.0000         35.0000          1.0000          0.0000
  308          4.0179         32.0000         36.0000          1.0000          0.0000
  310          4.0179         32.0000         34.0000          2.0000          0.0000
  311          4.0179         32.0000         35.0000          2.0000          0.0000
  312          4.0179         32.0000         36.0000          2.0000          0.0000
  314          4.0179         32.0000         34.0000          3.0000          0.0000
  315          4.0179         32.0000         35.0000          3.0000          0.0000
  316          4.0179         32.0000         36.0000          3.0000          0.0000
  318          4.0179         32.0000         34.0000          4.0000          0.0000
  319          4.0179         32.0000         35.0000          4.0000          0.0000
  320          4.0179         32.0000         36.0000          4.0000          0.0000
  306          5.0321         32.0000         34.0000          1.0000          0.0000
  307          5.0321         32.0000         35.0000          1.0000          0.0000
  308          5.0321         32.0000         36.0000          1.0000          0.0000
  310          5.0321         32.0000         34.0000          2.0000          0.0000
  311          5.0321         32.0000         35.0000          2.0000          0.0000
  312          5.0321         32.0000         36.0000          2.0000          0.0000
  314          5.0321         32.0000         34.0000          3.0000          0.0000
  315          5.0321         32.0000         35.0000          3.0000          0.0000
  316          5.0321         32.0000         36.0000          3.0000          0.0000
  318          5.0321         32.0000         34.0000          4.0000          0.0000
  319          5.0321         32.0000         35.0000          4.0000          0.0000
  320          5.0321         32.0000         36.0000          4.0000          0.0000
  306          5.0321         32.0000         34.0000          1.0000          0.0000
  307          5.0321         32.0000         35.0000          1.0000          0.0000
  308          5.0321         32.0000         36.0000          1.0000          0.0000
  310          5.0321         32.0000         34.0000          2.0000          0.0000
  311          5.0321         32.0000         35.0000          2.0000          0.0000
  312          5.0321         32.0000         36.0000          2.0000          0.0000
  314          5.0321         32.0000         34.0000          3.0000          0.0000
  315          5.0321         32.0000         35.0000          3.0000          0.0000
  316          5.0321         32.0000         36.0000          3.0000          0.0000
  318          5.0321         32.0000         34.0000          4.0000          0.0000
  319          5.0321         32.0000         35.0000          4.0000          0.0000
  320          5.0321         32.0000         36.0000          4.0000          0.0000
  306          6.0269         32.0000         34.0000          1.0000          0.0000
  307          6.0269         32.0000         35.0000          1.0000          0.0000
  308          6.0269         32.0000         36.0000          1.0000          0.0000
  310          6.0269         32.0000         34.0000          2.0000          0.0000
  311          6.0269         32.0000         35.0000          2.0000          0.0000
  312          6.0269         32.0000         36.0000          2.0000          0.0000
  314          6.0269         32.0000         34.0000          3.0000          0.0000
  315          6.0269         32.0000         35.0000          3.0000          0.0000
  316          6.0269         32.0000         36.0000          3.0000          0.0000
  318          6.0269         32.0000         34.0000          4.0000          0.0000
  319          6.0269         32.0000         35.0000          4.0000          0.0000
  320          6.0269         32.0000         36.0000          4.0000          0.0000
  306          6.0269         32.0000         34.0000          1.0000          0.0000
  307          6.0269         32.0000         35.0000          1.0000          0.0000
  308          6.0269         32.0000         36.0000          1.0000          0.0000
  310          6.0269         32.0000         34.0000          2.0000          0.0000
  311          6.0269         32.0000         35.0000          2.0000          0.0000
  312          6.0269         32.0000         36.0000          2.0000          0.0000
  314          6.0269         32.0000         34.0000          3.0000          0.0000
  315          6.0269         32.0000         35.0000          3.0000          0.0000
  316          6.0269         32.0000         36.0000          3.0000          0.0000
  318          6.0269         32.0000         34.0000          4.0000          0.0000
  319          6.0269         32.0000         35.0000          4.0000          0.0000
  320          6.0269         32.0000         36.0000          4.0000          0.0000
  306          7.0411         32.0000         34.0000          1.0000          0.0915
  307          7.0411         32.0000         35.0000          1.0000          0.0915
  308          7.0411         32.0000         36.0000          1.0000          0.0920
  310          7.0411         32.0000         34.0000          2.0000          0.0969
  311          7.0411         32.0000         35.0000          2.0000          0.0969
  312          7.0411         32.0000         36.0000          2.0000          0.0971
  314          7.0411         32.0000         34.0000          3.0000          0.1017
  315          7.0411         32.0000         35.0000          3.0000          0.1017
  316          7.0411         32.0000         36.0000          3.0000          0.1018
  318          7.0411         32.0000         34.0000          4.0000          0.1063
  319          7.0411         32.0000         35.0000          4.0000          0.1063
  320          7.0411         32.0000         36.0000          4.0000          0.1064
  306          7.0411         32.0000         34.0000          1.0000          0.0915
  307          7.0411         32.0000         35.0000          1.0000          0.0915
  308          7.0411         32.0000         36.0000          1.0000          0.0920
  310          7.0411         32.0000         34.0000          2.0000          0.0969
  311          7.0411         32.0000         35.0000          2.0000          0.0969
  312          7.0411         32.0000         36.0000          2.0000          0.0971
  314          7.0411         32.0000         34.0000          3.0000          0.1017
  315          7.0411         32.0000         35.0000          3.0000          0.1017
  316          7.0411         32.0000         36.0000          3.0000          0.1018
  318          7.0411         32.0000         34.0000          4.0000          0.1063
  319          7.0411         32.0000         35.0000          4.0000          0.1063
  320          7.0411         32.0000         36.0000          4.0000          0.1064
  306          8.0046         32.0000         34.0000          1.0000          2.2708
  307          8.0046         32.0000         35.0000          1.0000          2.2711
  308          8.0046         32.0000         36.0000          1.0000          2.2829
  310          8.0046         32.0000         34.0000          2.0000          2.4041
  311          8.0046         32.0000         35.0000          2.0000          2.4043
  312          8.0046         32.0000         36.0000          2.0000          2.4100
  314          8.0046         32.0000         34.0000          3.0000          2.5244
  315          8.0046         32.0000         35.0000          3.0000          2.5246
  316          8.0046         32.0000         36.0000          3.0000          2.5262
  318          8.0046         32.0000         34.0000          4.0000          2.6382
  319          8.0046         32.0000         35.0000          4.0000          2.6383
  320          8.0046         32.0000         36.0000          4.0000          2.6405
  306          8.0046         32.0000         34.0000          1.0000          2.2705
  307          8.0046         32.0000         35.0000          1.0000          2.2709
  308          8.0046         32.0000         36.0000          1.0000          2.2827
  310          8.0046         32.0000         34.0000          2.0000          2.4039
  311          8.0046         32.0000         35.0000          2.0000          2.4042
  312          8.0046         32.0000         36.0000          2.0000          2.4099
  314          8.0046         32.0000         34.0000          3.0000          2.5243
  315          8.0046         32.0000         35.0000          3.0000          2.5245
  316          8.0046         32.0000         36.0000          3.0000          2.5261
  318          8.0046         32.0000         34.0000          4.0000          2.6381
  319          8.0046         32.0000         35.0000          4.0000          2.6382
  320          8.0046         32.0000         36.0000          4.0000          2.6404
  306          8.0046         32.0000         34.0000          1.0000          2.2703
  307          8.0046         32.0000         35.0000          1.0000          2.2706
  308          8.0046         32.0000         36.0000          1.0000          2.2824
  310          8.0046         32.0000         34.0000          2.0000          2.4038
  311          8.0046         32.0000         35.0000          2.0000          2.4040
  312          8.0046         32.0000         36.0000          2.0000          2.4097
  314          8.0046         32.0000         34.0000          3.0000          2.5242
  315          8.0046         32.0000         35.0000          3.0000          2.5244
  316          8.0046         32.0000         36.0000          3.0000          2.5260
  318          8.0046         32.0000         34.0000          4.0000          2.6380
  319          8.0046         32.0000         35.0000          4.0000          2.6381
  320          8.0046         32.0000         36.0000          4.0000          2.6403
  306          9.0117         32.0000         34.0000          1.0000         11.6153
  307          9.0117         32.0000         35.0000          1.0000         11.6234
  308          9.0117         32.0000         36.0000          1.0000         11.7230
  310          9.0117         32.0000         34.0000          2.0000         12.3472
  311          9.0117         32.0000         35.0000          2.0000         12.3595
  312          9.0117         32.0000         36.0000          2.0000         12.4234
  314          9.0117         32.0000         34.0000          3.0000         12.9858
  315          9.0117         32.0000         35.0000          3.0000         12.9955
  316          9.0117         32.0000         36.0000          3.0000         13.0239
  318          9.0117         32.0000         34.0000          4.0000         13.5711
  319          9.0117         32.0000         35.0000          4.0000         13.5775
  320          9.0117         32.0000         36.0000          4.0000         13.6000
  306          9.0117         32.0000         34.0000          1.0000         11.6136
  307          9.0117         32.0000         35.0000          1.0000         11.6216
  308          9.0117         32.0000         36.0000          1.0000         11.7214
  310          9.0117         32.0000         34.0000          2.0000         12.3461
  311          9.0117         32.0000         35.0000          2.0000         12.3584
  312          9.0117         32.0000         36.0000          2.0000         12.4224
  314          9.0117         32.0000         34.0000          3.0000         12.9850
  315          9.0117         32.0000         35.0000          3.0000         12.9947
  316          9.0117         32.0000         36.0000          3.0000         13.0231
  318          9.0117         32.0000         34.0000          4.0000         13.5705
  319          9.0117         32.0000         35.0000          4.0000         13.5769
  320          9.0117         32.0000         36.0000          4.0000         13.5994
  306          9.0117         32.0000         34.0000          1.0000         11.6119
  307          9.0117         32.0000         35.0000          1.0000         11.6198
  308          9.0117         32.0000         36.0000          1.0000         11.7197
  310          9.0117         32.0000         34.0000          2.0000         12.3450
  311          9.0117         32.0000         35.0000          2.0000         12.3573
  312          9.0117         32.0000         36.0000          2.0000         12.4213
  314          9.0117         32.0000         34.0000          3.0000         12.9842
  315          9.0117         32.0000         35.0000          3.0000         12.9939
  316          9.0117         32.0000         36.0000          3.0000         13.0223
  318          9.0117         32.0000         34.0000          4.0000         13.5698
  319          9.0117         32.0000         35.0000          4.0000         13.5762
  320          9.0117         32.0000         36.0000          4.0000         13.5987
  306         10.0022         32.0000         34.0000          1.0000         19.8561
  307         10.0022         32.0000         35.0000          1.0000         19.8870
  308         10.0022         32.0000         36.0000          1.0000         20.1259
  310         10.0022         32.0000         34.0000          2.0000         21.2198
  311         10.0022         32.0000         35.0000          2.0000         21.2643
  312         10.0022         32.0000         36.0000          2.0000         21.4310
  314         10.0022         32.0000         34.0000          3.0000         22.3794
  315         10.0022         32.0000         35.0000          3.0000         22.4101
  316         10.0022         32.0000         36.0000          3.0000         22.4889
  318         10.0022         32.0000         34.0000          4.0000         23.4133
  319         10.0022         32.0000         35.0000          4.0000         23.4311
  320         10.0022         32.0000         36.0000          4.0000         23.4844
  306         10.0022         32.0000         34.0000          1.0000         19.8529
  307         10.0022         32.0000         35.0000          1.0000         19.8836
  308         10.0022         32.0000         36.0000          1.0000         20.1228
  310         10.0022         32.0000         34.0000          2.0000         21.2178
  311         10.0022         32.0000         35.0000          2.0000         21.2622
  312         10.0022         32.0000         36.0000          2.0000         21.4291
  314         10.0022         32.0000         34.0000          3.0000         22.3779
  315         10.0022         32.0000         35.0000          3.0000         22.4086
  316         10.0022         32.0000         36.0000          3.0000         22.4874
  318         10.0022         32.0000         34.0000          4.0000         23.4120
  319         10.0022         32.0000         35.0000          4.0000         23.4298
  320         10.0022         32.0000         36.0000          4.0000         23.4832
  306         10.0022         32.0000         34.0000          1.0000         19.8497
  307         10.0022         32.0000         35.0000          1.0000         19.8802
  308         10.0022         32.0000         36.0000          1.0000         20.1198
  310         10.0022         32.0000         34.0000          2.0000         21.2158
  311         10.0022         32.0000         35.0000          2.0000         21.2602
  312         10.0022         32.0000         36.0000          2.0000         21.4272
  314         10.0022         32.0000         34.0000          3.0000         22.3764
  315         10.0022         32.0000         35.0000          3.0000         22.4071
  316         10.0022         32.0000         36.0000          3.0000         22.4859
  318         10.0022         32.0000         34.0000          4.0000         23.4108
  319         10.0022         32.0000         35.0000          4.0000         23.4285
  320         10.0022         32.0000         36.0000          4.0000         23.4819
  306         11.0065         32.0000         34.0000          1.0000         28.8238
  307         11.0065         32.0000         35.0000          1.0000         28.8569
  308         11.0065         32.0000         36.0000          1.0000         29.1645
  310         11.0065         32.0000         34.0000          2.0000         30.8312
  311         11.0065         32.0000         35.0000          2.0000         30.8697
  312         11.0065         32.0000         36.0000          2.0000         31.0617
  314         11.0065         32.0000         34.0000          3.0000         32.5030
  315         11.0065         32.0000         35.0000          3.0000         32.5241
  316         11.0065         32.0000         36.0000          3.0000         32.5989
  318         11.0065         32.0000         34.0000          4.0000         33.9812
  319         11.0065         32.0000         35.0000          4.0000         33.9912
  320         11.0065         32.0000         36.0000          4.0000         34.0426
  306         11.0065         32.0000         34.0000          1.0000         28.8196
  307         11.0065         32.0000         35.0000          1.0000         28.8524
  308         11.0065         32.0000         36.0000          1.0000         29.1605
  310         11.0065         32.0000         34.0000          2.0000         30.8286
  311         11.0065         32.0000         35.0000          2.0000         30.8670
  312         11.0065         32.0000         36.0000          2.0000         31.0592
  314         11.0065         32.0000         34.0000          3.0000         32.5010
  315         11.0065         32.0000         35.0000          3.0000         32.5221
  316         11.0065         32.0000         36.0000          3.0000         32.5970
  318         11.0065         32.0000         34.0000          4.0000         33.9796
  319         11.0065         32.0000         35.0000          4.0000         33.9896
  320         11.0065         32.0000         36.0000          4.0000         34.0410
  306         11.0065         32.0000         34.0000          1.0000         28.8154
  307         11.0065         32.0000         35.0000          1.0000         28.8479
  308         11.0065         32.0000         36.0000          1.0000         29.1565
  310         11.0065         32.0000         34.0000          2.0000         30.8259
  311         11.0065         32.0000         35.0000          2.0000         30.8643
  312         11.0065         32.0000         36.0000          2.0000         31.0566
  314         11.0065         32.0000         34.0000          3.0000         32.4990
  315         11.0065         32.0000         35.0000          3.0000         32.5201
  316         11.0065         32.0000         36.0000          3.0000         32.5951
  318         11.0065         32.0000         34.0000          4.0000         33.9780
  319         11.0065         32.0000         35.0000          4.0000         33.9880
  320         11.0065         32.0000         36.0000          4.0000         34.0394
  306         12.0044         32.0000         34.0000          1.0000         76.1122
  307         12.0044         32.0000         35.0000          1.0000         76.1240
  308         12.0044         32.0000         36.0000          1.0000         76.2621
  310         12.0044         32.0000         34.0000          2.0000         77.7100
  311         12.0044         32.0000         35.0000          2.0000         77.7132
  312         12.0044         32.0000         36.0000          2.0000         77.7808
  314         12.0044         32.0000         34.0000          3.0000         79.1647
  315         12.0044         32.0000         35.0000          3.0000         79.1657
  316         12.0044         32.0000         36.0000          3.0000         79.1847
  318         12.0044         32.0000         34.0000          4.0000         80.5490
  319         12.0044         32.0000         35.0000          4.0000         80.5486
  320         12.0044         32.0000         36.0000          4.0000         80.5769
  306         12.0044         32.0000         34.0000          1.0000         76.1061
  307         12.0044         32.0000         35.0000          1.0000         76.1176
  308         12.0044         32.0000         36.0000          1.0000         76.2565
  310         12.0044         32.0000         34.0000          2.0000         77.7065
  311         12.0044         32.0000         35.0000          2.0000         77.7096
  312         12.0044         32.0000         36.0000          2.0000         77.7775
  314         12.0044         32.0000         34.0000          3.0000         79.1623
  315         12.0044         32.0000         35.0000          3.0000         79.1632
  316         12.0044         32.0000         36.0000          3.0000         79.1823
  318         12.0044         32.0000         34.0000          4.0000         80.5470
  319         12.0044         32.0000         35.0000          4.0000         80.5466
  320         12.0044         32.0000         36.0000          4.0000         80.5749
  306         12.0044         32.0000         34.0000          1.0000         76.1000
  307         12.0044         32.0000         35.0000          1.0000         76.1112
  308         12.0044         32.0000         36.0000          1.0000         76.2509
  310         12.0044         32.0000         34.0000          2.0000         77.7030
  311         12.0044         32.0000         35.0000          2.0000         77.7060
  312         12.0044         32.0000         36.0000          2.0000         77.7742
  314         12.0044         32.0000         34.0000          3.0000         79.1598
  315         12.0044         32.0000         35.0000          3.0000         79.1607
  316         12.0044         32.0000         36.0000          3.0000         79.1798
  318         12.0044         32.0000         34.0000          4.0000         80.5450
  319         12.0044         32.0000         35.0000          4.0000         80.5446
  320         12.0044         32.0000         36.0000          4.0000         80.5730
  306         12.0044         32.0000         34.0000          1.0000         76.0939
  307         12.0044         32.0000         35.0000          1.0000         76.1048
  308         12.0044         32.0000         36.0000          1.0000         76.2453
  310         12.0044         32.0000         34.0000          2.0000         77.6995
  311         12.0044         32.0000         35.0000          2.0000         77.7025
  312         12.0044         32.0000         36.0000          2.0000         77.7709
  314         12.0044         32.0000         34.0000          3.0000         79.1573
  315         12.0044         32.0000         35.0000          3.0000         79.1582
  316         12.0044         32.0000         36.0000          3.0000         79.1774
  318         12.0044         32.0000         34.0000          4.0000         80.5430
  319         12.0044         32.0000         35.0000          4.0000         80.5426
  320         12.0044         32.0000         36.0000          4.0000         80.5710
  306         13.0152         32.0000         34.0000          1.0000         69.3015
  307         13.0152         32.0000         35.0000          1.0000         69.3125
  308         13.0152         32.0000         36.0000          1.0000         69.4509
  310         13.0152         32.0000         34.0000          2.0000         70.8563
  311         13.0152         32.0000         35.0000          2.0000         70.8592
  312         13.0152         32.0000         36.0000          2.0000         70.9266
  314         13.0152         32.0000         34.0000          3.0000         72.2654
  315         13.0152         32.0000         35.0000          3.0000         72.2663
  316         13.0152         32.0000         36.0000          3.0000         72.2855
  318         13.0152         32.0000         34.0000          4.0000         73.6042
  319         13.0152         32.0000         35.0000          4.0000         73.6037
  320         13.0152         32.0000         36.0000          4.0000         73.6316
  306         13.0152         32.0000         34.0000          1.0000         69.2947
  307         13.0152         32.0000         35.0000          1.0000         69.3055
  308         13.0152         32.0000         36.0000          1.0000         69.4447
  310         13.0152         32.0000         34.0000          2.0000         70.8524
  311         13.0152         32.0000         35.0000          2.0000         70.8552
  312         13.0152         32.0000         36.0000          2.0000         70.9229
  314         13.0152         32.0000         34.0000          3.0000         72.2627
  315         13.0152         32.0000         35.0000          3.0000         72.2636
  316         13.0152         32.0000         36.0000          3.0000         72.2828
  318         13.0152         32.0000         34.0000          4.0000         73.6020
  319         13.0152         32.0000         35.0000          4.0000         73.6015
  320         13.0152         32.0000         36.0000          4.0000         73.6294
  306         14.0195         32.0000         34.0000          1.0000         53.1327
  307         14.0195         32.0000         35.0000          1.0000         53.1407
  308         14.0195         32.0000         36.0000          1.0000         53.2994
  310         14.0195         32.0000         34.0000          2.0000         54.9267
  311         14.0195         32.0000         35.0000          2.0000         54.9290
  312         14.0195         32.0000         36.0000          2.0000         55.0053
  314         14.0195         32.0000         34.0000          3.0000         56.5484
  315         14.0195         32.0000         35.0000          3.0000         56.5493
  316         14.0195         32.0000         36.0000          3.0000         56.5703
  318         14.0195         32.0000         34.0000          4.0000         58.0853
  319         14.0195         32.0000         35.0000          4.0000         58.0853
  320         14.0195         32.0000         36.0000          4.0000         58.1159
  306         14.0195         32.0000         34.0000          1.0000         53.1271
  307         14.0195         32.0000         35.0000          1.0000         53.1347
  308         14.0195         32.0000         36.0000          1.0000         53.2941
  310         14.0195         32.0000         34.0000          2.0000         54.9234
  311         14.0195         32.0000         35.0000          2.0000         54.9257
  312         14.0195         32.0000         36.0000          2.0000         55.0022
  314         14.0195         32.0000         34.0000          3.0000         56.5461
  315         14.0195         32.0000         35.0000          3.0000         56.5470
  316         14.0195         32.0000         36.0000          3.0000         56.5681
  318         14.0195         32.0000         34.0000          4.0000         58.0835
  319         14.0195         32.0000         35.0000          4.0000         58.0834
  320         14.0195         32.0000         36.0000          4.0000         58.1140
  306         14.0195         32.0000         34.0000          1.0000         53.1214
  307         14.0195         32.0000         35.0000          1.0000         53.1288
  308         14.0195         32.0000         36.0000          1.0000         53.2889
  310         14.0195         32.0000         34.0000          2.0000         54.9202
  311         14.0195         32.0000         35.0000          2.0000         54.9223
  312         14.0195         32.0000         36.0000          2.0000         54.9991
  314         14.0195         32.0000         34.0000          3.0000         56.5438
  315         14.0195         32.0000         35.0000          3.0000         56.5446
  316         14.0195         32.0000         36.0000          3.0000         56.5658
  318         14.0195         32.0000         34.0000          4.0000         58.0816
  319         14.0195         32.0000         35.0000          4.0000         58.0815
  320         14.0195         32.0000         36.0000          4.0000         58.1122
  306         15.0076         32.0000         34.0000          1.0000         78.6595
  307         15.0076         32.0000         35.0000          1.0000         78.6719
  308         15.0076         32.0000         36.0000          1.0000         78.7963
  310         15.0076         32.0000         34.0000          2.0000         80.0970
  311         15.0076         32.0000         35.0000          2.0000         80.1001
  312         15.0076         32.0000         36.0000          2.0000         80.1614
  314         15.0076         32.0000         34.0000          3.0000         81.4071
  315         15.0076         32.0000         35.0000          3.0000         81.4079
  316         15.0076         32.0000         36.0000          3.0000         81.4253
  318         15.0076         32.0000         34.0000          4.0000         82.6549
  319         15.0076         32.0000         35.0000          4.0000         82.6542
  320         15.0076         32.0000         36.0000          4.0000         82.6801
  306         15.0076         32.0000         34.0000          1.0000         78.6532
  307         15.0076         32.0000         35.0000          1.0000         78.6652
  308         15.0076         32.0000         36.0000          1.0000         78.7905
  310         15.0076         32.0000         34.0000          2.0000         80.0934
  311         15.0076         32.0000         35.0000          2.0000         80.0965
  312         15.0076         32.0000         36.0000          2.0000         80.1580
  314         15.0076         32.0000         34.0000          3.0000         81.4046
  315         15.0076         32.0000         35.0000          3.0000         81.4053
  316         15.0076         32.0000         36.0000          3.0000         81.4228
  318         15.0076         32.0000         34.0000          4.0000         82.6529
  319         15.0076         32.0000         35.0000          4.0000         82.6521
  320         15.0076         32.0000         36.0000          4.0000         82.6781
  306         15.0076         32.0000         34.0000          1.0000         78.6469
  307         15.0076         32.0000         35.0000          1.0000         78.6586
  308         15.0076         32.0000         36.0000          1.0000         78.7848
  310         15.0076         32.0000         34.0000          2.0000         80.0898
  311         15.0076         32.0000         35.0000          2.0000         80.0928
  312         15.0076         32.0000         36.0000          2.0000         80.1546
  314         15.0076         32.0000         34.0000          3.0000         81.4020
  315         15.0076         32.0000         35.0000          3.0000         81.4028
  316         15.0076         32.0000         36.0000          3.0000         81.4203
  318         15.0076         32.0000         34.0000          4.0000         82.6508
  319         15.0076         32.0000         35.0000          4.0000         82.6501
  320         15.0076         32.0000         36.0000          4.0000         82.6761
  306         16.0022         32.0000         34.0000          1.0000         83.5623
  307         16.0022         32.0000         35.0000          1.0000         83.5755
  308         16.0022         32.0000         36.0000          1.0000         83.6777
  310         16.0022         32.0000         34.0000          2.0000         84.7943
  311         16.0022         32.0000         35.0000          2.0000         84.7979
  312         16.0022         32.0000         36.0000          2.0000         84.8491
  314         16.0022         32.0000         34.0000          3.0000         85.9269
  315         16.0022         32.0000         35.0000          3.0000         85.9278
  316         16.0022         32.0000         36.0000          3.0000         85.9424
  318         16.0022         32.0000         34.0000          4.0000         87.0099
  319         16.0022         32.0000         35.0000          4.0000         87.0096
  320         16.0022         32.0000         36.0000          4.0000         87.0320
  306         16.0022         32.0000         34.0000          1.0000         83.5571
  307         16.0022         32.0000         35.0000          1.0000         83.5701
  308         16.0022         32.0000         36.0000          1.0000         83.6730
  310         16.0022         32.0000         34.0000          2.0000         84.7913
  311         16.0022         32.0000         35.0000          2.0000         84.7949
  312         16.0022         32.0000         36.0000          2.0000         84.8463
  314         16.0022         32.0000         34.0000          3.0000         85.9248
  315         16.0022         32.0000         35.0000          3.0000         85.9256
  316         16.0022         32.0000         36.0000          3.0000         85.9403
  318         16.0022         32.0000         34.0000          4.0000         87.0082
  319         16.0022         32.0000         35.0000          4.0000         87.0079
  320         16.0022         32.0000         36.0000          4.0000         87.0303
  306         16.0022         32.0000         34.0000          1.0000         83.5519
  307         16.0022         32.0000         35.0000          1.0000         83.5646
  308         16.0022         32.0000         36.0000          1.0000         83.6682
  310         16.0022         32.0000         34.0000          2.0000         84.7883
  311         16.0022         32.0000         35.0000          2.0000         84.7918
  312         16.0022         32.0000         36.0000          2.0000         84.8435
  314         16.0022         32.0000         34.0000          3.0000         85.9227
  315         16.0022         32.0000         35.0000          3.0000         85.9235
  316         16.0022         32.0000         36.0000          3.0000         85.9383
  318         16.0022         32.0000         34.0000          4.0000         87.0065
  319         16.0022         32.0000         35.0000          4.0000         87.0062
  320         16.0022         32.0000         36.0000          4.0000         87.0286
  306         17.0105         32.0000         34.0000          1.0000         44.8212
  307         17.0105         32.0000         35.0000          1.0000         44.8281
  308         17.0105         32.0000         36.0000          1.0000         44.9218
  310         17.0105         32.0000         34.0000          2.0000         45.9299
  311         17.0105         32.0000         35.0000          2.0000         45.9323
  312         17.0105         32.0000         36.0000          2.0000         45.9783
  314         17.0105         32.0000         34.0000          3.0000         46.9420
  315         17.0105         32.0000         35.0000          3.0000         46.9431
  316         17.0105         32.0000         36.0000          3.0000         46.9561
  318         17.0105         32.0000         34.0000          4.0000         47.9056
  319         17.0105         32.0000         35.0000          4.0000         47.9061
  320         17.0105         32.0000         36.0000          4.0000         47.9256
  306         17.0105         32.0000         34.0000          1.0000         44.8183
  307         17.0105         32.0000         35.0000          1.0000         44.8251
  308         17.0105         32.0000         36.0000          1.0000         44.9191
  310         17.0105         32.0000         34.0000          2.0000         45.9282
  311         17.0105         32.0000         35.0000          2.0000         45.9306
  312         17.0105         32.0000         36.0000          2.0000         45.9767
  314         17.0105         32.0000         34.0000          3.0000         46.9408
  315         17.0105         32.0000         35.0000          3.0000         46.9418
  316         17.0105         32.0000         36.0000          3.0000         46.9549
  318         17.0105         32.0000         34.0000          4.0000         47.9046
  319         17.0105         32.0000         35.0000          4.0000         47.9052
  320         17.0105         32.0000         36.0000          4.0000         47.9246
  306         17.0105         32.0000         34.0000          1.0000         44.8154
  307         17.0105         32.0000         35.0000          1.0000         44.8220
  308         17.0105         32.0000         36.0000          1.0000         44.9164
  310         17.0105         32.0000         34.0000          2.0000         45.9265
  311         17.0105         32.0000         35.0000          2.0000         45.9288
  312         17.0105         32.0000         36.0000          2.0000         45.9751
  314         17.0105         32.0000         34.0000          3.0000         46.9396
  315         17.0105         32.0000         35.0000          3.0000         46.9406
  316         17.0105         32.0000         36.0000          3.0000         46.9537
  318         17.0105         32.0000         34.0000          4.0000         47.9036
  319         17.0105         32.0000         35.0000          4.0000         47.9042
  320         17.0105         32.0000         36.0000          4.0000         47.9237
  306         18.0036         32.0000         34.0000          1.0000         41.6045
  307         18.0036         32.0000         35.0000          1.0000         41.6132
  308         18.0036         32.0000         36.0000          1.0000         41.6698
  310         18.0036         32.0000         34.0000          2.0000         42.2538
  311         18.0036         32.0000         35.0000          2.0000         42.2606
  312         18.0036         32.0000         36.0000          2.0000         42.2948
  314         18.0036         32.0000         34.0000          3.0000         42.8677
  315         18.0036         32.0000         35.0000          3.0000         42.8732
  316         18.0036         32.0000         36.0000          3.0000         42.8883
  318         18.0036         32.0000         34.0000          4.0000         43.4649
  319         18.0036         32.0000         35.0000          4.0000         43.4689
  320         18.0036         32.0000         36.0000          4.0000         43.4867
  306         18.0036         32.0000         34.0000          1.0000         41.6027
  307         18.0036         32.0000         35.0000          1.0000         41.6113
  308         18.0036         32.0000         36.0000          1.0000         41.6681
  310         18.0036         32.0000         34.0000          2.0000         42.2527
  311         18.0036         32.0000         35.0000          2.0000         42.2595
  312         18.0036         32.0000         36.0000          2.0000         42.2938
  314         18.0036         32.0000         34.0000          3.0000         42.8670
  315         18.0036         32.0000         35.0000          3.0000         42.8724
  316         18.0036         32.0000         36.0000          3.0000         42.8875
  318         18.0036         32.0000         34.0000          4.0000         43.4643
  319         18.0036         32.0000         35.0000          4.0000         43.4682
  320         18.0036         32.0000         36.0000          4.0000         43.4861
  306         18.0036         32.0000         34.0000          1.0000         41.6008
  307         18.0036         32.0000         35.0000          1.0000         41.6094
  308         18.0036         32.0000         36.0000          1.0000         41.6664
  310         18.0036         32.0000         34.0000          2.0000         42.2517
  311         18.0036         32.0000         35.0000          2.0000         42.2584
  312         18.0036         32.0000         36.0000          2.0000         42.2928
  314         18.0036         32.0000         34.0000          3.0000         42.8662
  315         18.0036         32.0000         35.0000          3.0000         42.8716
  316         18.0036         32.0000         36.0000          3.0000         42.8868
  318         18.0036         32.0000         34.0000          4.0000         43.4636
  319         18.0036         32.0000         35.0000          4.0000         43.4676
  320         18.0036         32.0000         36.0000          4.0000         43.4855
  306         19.0092         32.0000         34.0000          1.0000          3.5025
  307         19.0092         32.0000         35.0000          1.0000          5.1604
  308         19.0092         32.0000         36.0000          1.0000          6.8349
  310         19.0092         32.0000         34.0000          2.0000          3.7083
  311         19.0092         32.0000         35.0000          2.0000          5.3634
  312         19.0092         32.0000         36.0000          2.0000          7.0265
  314         19.0092         32.0000         34.0000          3.0000          3.8937
  315         19.0092         32.0000         35.0000          3.0000          5.5479
  316         19.0092         32.0000         36.0000          3.0000          7.2042
  318         19.0092         32.0000         34.0000          4.0000          7.3755
  319         19.0092         32.0000         35.0000          4.0000          7.3760
  320         19.0092         32.0000         36.0000          4.0000          7.3798
  306         19.0092         32.0000         34.0000          1.0000          3.5021
  307         19.0092         32.0000         35.0000          1.0000          5.1600
  308         19.0092         32.0000         36.0000          1.0000          6.8345
  310         19.0092         32.0000         34.0000          2.0000          3.7081
  311         19.0092         32.0000         35.0000          2.0000          5.3631
  312         19.0092         32.0000         36.0000          2.0000          7.0263
  314         19.0092         32.0000         34.0000          3.0000          3.8935
  315         19.0092         32.0000         35.0000          3.0000          5.5477
  316         19.0092         32.0000         36.0000          3.0000          7.2040
  318         19.0092         32.0000         34.0000          4.0000          7.3754
  319         19.0092         32.0000         35.0000          4.0000          7.3759
  320         19.0092         32.0000         36.0000          4.0000          7.3797
  306         20.0022         32.0000         34.0000          1.0000          0.0000
  307         20.0022         32.0000         35.0000          1.0000          0.0000
  308         20.0022         32.0000         36.0000          1.0000          0.0000
  310         20.0022         32.0000         34.0000          2.0000          0.0000
  311         20.0022         32.0000         35.0000          2.0000          0.0000
  312         20.0022         32.0000         36.0000          2.0000          0.0000
  314         20.0022         32.0000         34.0000          3.0000          0.0000
  315         20.0022         32.0000         35.0000          3.0000          0.0000
  316         20.0022         32.0000         36.0000          3.0000          0.0000
  318         20.0022         32.0000         34.0000          4.0000          0.0000
  319         20.0022         32.0000         35.0000          4.0000          0.0000
  320         20.0022         32.0000         36.0000          4.0000          0.0000
  306         20.0022         32.0000         34.0000          1.0000          0.0000
  307         20.0022         32.0000         35.0000          1.0000          0.0000
  308         20.0022         32.0000         36.0000          1.0000          0.0000
  310         20.0022         32.0000         34.0000          2.0000          0.0000
  311         20.0022         32.0000         35.0000          2.0000          0.0000
  312         20.0022         32.0000         36.0000          2.0000          0.0000
  314         20.0022         32.0000         34.0000          3.0000          0.0000
  315         20.0022         32.0000         35.0000          3.0000          0.0000
  316         20.0022         32.0000         36.0000          3.0000          0.0000
  318         20.0022         32.0000         34.0000          4.0000          0.0000
  319         20.0022         32.0000         35.0000          4.0000          0.0000
  320         20.0022         32.0000         36.0000          4.0000          0.0000
  306         21.0060         32.0000         34.0000          1.0000          0.0000
  307         21.0060         32.0000         35.0000          1.0000          0.0000
  308         21.0060         32.0000         36.0000          1.0000          0.0000
  310         21.0060         32.0000         34.0000          2.0000          0.0000
  311         21.0060         32.0000         35.0000          2.0000          0.0000
  312         21.0060         32.0000         36.0000          2.0000          0.0000
  314         21.0060         32.0000         34.0000          3.0000          0.0000
  315         21.0060         32.0000         35.0000          3.0000          0.0000
  316         21.0060         32.0000         36.0000          3.0000          0.0000
  318         21.0060         32.0000         34.0000          4.0000          0.0000
  319         21.0060         32.0000         35.0000          4.0000          0.0000
  320         21.0060         32.0000         36.0000          4.0000          0.0000
  306         21.0060         32.0000         34.0000          1.0000          0.0000
  307         21.0060         32.0000         35.0000          1.0000          0.0000
  308         21.0060         32.0000         36.0000          1.0000          0.0000
  310         21.0060         32.0000         34.0000          2.0000          0.0000
  311         21.0060         32.0000         35.0000          2.0000          0.0000
  312         21.0060         32.0000         36.0000          2.0000          0.0000
  314         21.0060         32.0000         34.0000          3.0000          0.0000
  315         21.0060         32.0000         35.0000          3.0000          0.0000
  316         21.0060         32.0000         36.0000          3.0000          0.0000
  318         21.0060         32.0000         34.0000          4.0000          0.0000
  319         21.0060         32.0000         35.0000          4.0000          0.0000
  320         21.0060         32.0000         36.0000          4.0000          0.0000
  306         22.0097         32.0000         34.0000          1.0000          0.0000
  307         22.0097         32.0000         35.0000          1.0000          0.0000
  308         22.0097         32.0000         36.0000          1.0000          0.0000
  310         22.0097         32.0000         34.0000          2.0000          0.0000
  311         22.0097         32.0000         35.0000          2.0000          0.0000
  312         22.0097         32.0000         36.0000          2.0000          0.0000
  314         22.0097         32.0000         34.0000          3.0000          0.0000
  315         22.0097         32.0000         35.0000          3.0000          0.0000
  316         22.0097         32.0000         36.0000          3.0000          0.0000
  318         22.0097         32.0000         34.0000          4.0000          0.0000
  319         22.0097         32.0000         35.0000          4.0000          0.0000
  320         22.0097         32.0000         36.0000          4.0000          0.0000
  306         22.0097         32.0000         34.0000          1.0000          0.0000
  307         22.0097         32.0000         35.0000          1.0000          0.0000
  308         22.0097         32.0000         36.0000          1.0000          0.0000
  310         22.0097         32.0000         34.0000          2.0000          0.0000
  311         22.0097         32.0000         35.0000          2.0000          0.0000
  312         22.0097         32.0000         36.0000          2.0000          0.0000
  314         22.0097         32.0000         34.0000          3.0000          0.0000
  315         22.0097         32.0000         35.0000          3.0000          0.0000
  316         22.0097         32.0000         36.0000          3.0000          0.0000
  318         22.0097         32.0000         34.0000          4.0000          0.0000
  319         22.0097         32.0000         35.0000          4.0000          0.0000
  320         22.0097         32.0000         36.0000          4.0000          0.0000
  306         23.0112         32.0000         34.0000          1.0000          0.0000
  307         23.0112         32.0000         35.0000          1.0000          0.0000
  308         23.0112         32.0000         36.0000          1.0000          0.0000
  310         23.0112         32.0000         34.0000          2.0000          0.0000
  311         23.0112         32.0000         35.0000          2.0000          0.0000
  312         23.0112         32.0000         36.0000          2.0000          0.0000
  314         23.0112         32.0000         34.0000          3.0000          0.0000
  315         23.0112         32.0000         35.0000          3.0000          0.0000
  316         23.0112         32.0000         36.0000          3.0000          0.0000
  318         23.0112         32.0000         34.0000          4.0000          0.0000
  319         23.0112         32.0000         35.0000          4.0000          0.0000
  320         23.0112         32.0000         36.0000          4.0000          0.0000
  306         23.0112         32.0000         34.0000          1.0000          0.0000
  307         23.0112         32.0000         35.0000          1.0000          0.0000
  308         23.0112         32.0000         36.0000          1.0000          0.0000
  310         23.0112         32.0000         34.0000          2.0000          0.0000
  311         23.0112         32.0000         35.0000          2.0000          0.0000
  312         23.0112         32.0000         36.0000          2.0000          0.0000
  314         23.0112         32.0000         34.0000          3.0000          0.0000
  315         23.0112         32.0000         35.0000          3.0000          0.0000
  316         23.0112         32.0000         36.0000          3.0000          0.0000
  318         23.0112         32.0000         34.0000          4.0000          0.0000
  319         23.0112         32.0000         35.0000          4.0000          0.0000
  320         23.0112         32.0000         36.0000          4.0000          0.0000
