  241          1.0142         33.0000         33.0000          4.0000         -4.0744
  242          1.0142         34.0000         33.0000          4.0000         -4.0744
  243          1.0142         35.0000         33.0000          4.0000         -4.0744
  244          1.0142         36.0000         33.0000          4.0000         -4.0744
  245          1.0142         33.0000         34.0000          4.0000         -4.0744
  246          1.0142         34.0000         34.0000          4.0000         -4.0744
  247          1.0142         35.0000         34.0000          4.0000         -4.0744
  248          1.0142         36.0000         34.0000          4.0000         -4.0744
  249          1.0142         33.0000         35.0000          4.0000         -4.0744
  250          1.0142         34.0000         35.0000          4.0000         -4.0744
  251          1.0142         35.0000         35.0000          4.0000         -4.0744
  252          1.0142         36.0000         35.0000          4.0000         -4.0744
  253          1.0142         33.0000         36.0000          4.0000         -4.0744
  254          1.0142         34.0000         36.0000          4.0000         -4.0744
  255          1.0142         35.0000         36.0000          4.0000         -4.0744
  256          1.0142         36.0000         36.0000          4.0000         -4.0744
  241          1.0142         33.0000         33.0000          4.0000         -4.0771
  242          1.0142         34.0000         33.0000          4.0000         -4.0771
  243          1.0142         35.0000         33.0000          4.0000         -4.0771
  244          1.0142         36.0000         33.0000          4.0000         -4.0771
  245          1.0142         33.0000         34.0000          4.0000         -4.0771
  246          1.0142         34.0000         34.0000          4.0000         -4.0771
  247          1.0142         35.0000         34.0000          4.0000         -4.0771
  248          1.0142         36.0000         34.0000          4.0000         -4.0771
  249          1.0142         33.0000         35.0000          4.0000         -4.0771
  250          1.0142         34.0000         35.0000          4.0000         -4.0771
  251          1.0142         35.0000         35.0000          4.0000         -4.0771
  252          1.0142         36.0000         35.0000          4.0000         -4.0771
  253          1.0142         33.0000         36.0000          4.0000         -4.0771
  254          1.0142         34.0000         36.0000          4.0000         -4.0771
  255          1.0142         35.0000         36.0000          4.0000         -4.0771
  256          1.0142         36.0000         36.0000          4.0000         -4.0771
  241          2.0285         33.0000         33.0000          4.0000         -6.4629
  242          2.0285         34.0000         33.0000          4.0000         -6.4629
  243          2.0285         35.0000         33.0000          4.0000         -6.4629
  244          2.0285         36.0000         33.0000          4.0000         -6.4629
  245          2.0285         33.0000         34.0000          4.0000         -6.4629
  246          2.0285         34.0000         34.0000          4.0000         -6.4629
  247          2.0285         35.0000         34.0000          4.0000         -6.4629
  248          2.0285         36.0000         34.0000          4.0000         -6.4629
  249          2.0285         33.0000         35.0000          4.0000         -6.4629
  250          2.0285         34.0000         35.0000          4.0000         -6.4629
  251          2.0285         35.0000         35.0000          4.0000         -6.4629
  252          2.0285         36.0000         35.0000          4.0000         -6.4629
  253          2.0285         33.0000         36.0000          4.0000         -6.4629
  254          2.0285         34.0000         36.0000          4.0000         -6.4629
  255          2.0285         35.0000         36.0000          4.0000         -6.4629
  256          2.0285         36.0000         36.0000          4.0000         -6.4629
  241          2.0285         33.0000         33.0000          4.0000         -6.4645
  242          2.0285         34.0000         33.0000          4.0000         -6.4645
  243          2.0285         35.0000         33.0000          4.0000         -6.4645
  244          2.0285         36.0000         33.0000          4.0000         -6.4645
  245          2.0285         33.0000         34.0000          4.0000         -6.4645
  246          2.0285         34.0000         34.0000          4.0000         -6.4645
  247          2.0285         35.0000         34.0000          4.0000         -6.4645
  248          2.0285         36.0000         34.0000          4.0000         -6.4645
  249          2.0285         33.0000         35.0000          4.0000         -6.4645
  250          2.0285         34.0000         35.0000          4.0000         -6.4645
  251          2.0285         35.0000         35.0000          4.0000         -6.4645
  252          2.0285         36.0000         35.0000          4.0000         -6.4645
  253          2.0285         33.0000         36.0000          4.0000         -6.4645
  254          2.0285         34.0000         36.0000          4.0000         -6.4645
  255          2.0285         35.0000         36.0000          4.0000         -6.4645
  256          2.0285         36.0000         36.0000          4.0000         -6.4645
  241          3.0037         33.0000         33.0000          4.0000         -3.6370
  242          3.0037         34.0000         33.0000          4.0000         -3.6370
  243          3.0037         35.0000         33.0000          4.0000         -3.6370
  244          3.0037         36.0000         33.0000          4.0000         -3.6370
  245          3.0037         33.0000         34.0000          4.0000         -3.6370
  246          3.0037         34.0000         34.0000          4.0000         -3.6370
  247          3.0037         35.0000         34.0000          4.0000         -3.6370
  248          3.0037         36.0000         34.0000          4.0000         -3.6370
  249          3.0037         33.0000         35.0000          4.0000         -3.6370
  250          3.0037         34.0000         35.0000          4.0000         -3.6370
  251          3.0037         35.0000         35.0000          4.0000         -3.6370
  252          3.0037         36.0000         35.0000          4.0000         -3.6370
  253          3.0037         33.0000         36.0000          4.0000         -3.6370
  254          3.0037         34.0000         36.0000          4.0000         -3.6370
  255          3.0037         35.0000         36.0000          4.0000         -3.6370
  256          3.0037         36.0000         36.0000          4.0000         -3.6370
  241          3.0037         33.0000         33.0000          4.0000         -3.6409
  242          3.0037         34.0000         33.0000          4.0000         -3.6409
  243          3.0037         35.0000         33.0000          4.0000         -3.6409
  244          3.0037         36.0000         33.0000          4.0000         -3.6409
  245          3.0037         33.0000         34.0000          4.0000         -3.6409
  246          3.0037         34.0000         34.0000          4.0000         -3.6409
  247          3.0037         35.0000         34.0000          4.0000         -3.6409
  248          3.0037         36.0000         34.0000          4.0000         -3.6409
  249          3.0037         33.0000         35.0000          4.0000         -3.6409
  250          3.0037         34.0000         35.0000          4.0000         -3.6409
  251          3.0037         35.0000         35.0000          4.0000         -3.6409
  252          3.0037         36.0000         35.0000          4.0000         -3.6409
  253          3.0037         33.0000         36.0000          4.0000         -3.6409
  254          3.0037         34.0000         36.0000          4.0000         -3.6409
  255          3.0037         35.0000         36.0000          4.0000         -3.6409
  256          3.0037         36.0000         36.0000          4.0000         -3.6409
  241          4.0179         33.0000         33.0000          4.0000         -4.0623
  242          4.0179         34.0000         33.0000          4.0000         -4.0623
  243          4.0179         35.0000         33.0000          4.0000         -4.0623
  244          4.0179         36.0000         33.0000          4.0000         -4.0623
  245          4.0179         33.0000         34.0000          4.0000         -4.0623
  246          4.0179         34.0000         34.0000          4.0000         -4.0623
  247          4.0179         35.0000         34.0000          4.0000         -4.0623
  248          4.0179         36.0000         34.0000          4.0000         -4.0623
  249          4.0179         33.0000         35.0000          4.0000         -4.0623
  250          4.0179         34.0000         35.0000          4.0000         -4.0623
  251          4.0179         35.0000         35.0000          4.0000         -4.0623
  252          4.0179         36.0000         35.0000          4.0000         -4.0623
  253          4.0179         33.0000         36.0000          4.0000         -4.0623
  254          4.0179         34.0000         36.0000          4.0000         -4.0623
  255          4.0179         35.0000         36.0000          4.0000         -4.0623
  256          4.0179         36.0000         36.0000          4.0000         -4.0623
  241          4.0179         33.0000         33.0000          4.0000         -4.0669
  242          4.0179         34.0000         33.0000          4.0000         -4.0669
  243          4.0179         35.0000         33.0000          4.0000         -4.0669
  244          4.0179         36.0000         33.0000          4.0000         -4.0669
  245          4.0179         33.0000         34.0000          4.0000         -4.0669
  246          4.0179         34.0000         34.0000          4.0000         -4.0669
  247          4.0179         35.0000         34.0000          4.0000         -4.0669
  248          4.0179         36.0000         34.0000          4.0000         -4.0669
  249          4.0179         33.0000         35.0000          4.0000         -4.0669
  250          4.0179         34.0000         35.0000          4.0000         -4.0669
  251          4.0179         35.0000         35.0000          4.0000         -4.0669
  252          4.0179         36.0000         35.0000          4.0000         -4.0669
  253          4.0179         33.0000         36.0000          4.0000         -4.0669
  254          4.0179         34.0000         36.0000          4.0000         -4.0669
  255          4.0179         35.0000         36.0000          4.0000         -4.0669
  256          4.0179         36.0000         36.0000          4.0000         -4.0669
  241          5.0321         33.0000         33.0000          4.0000         -4.2898
  242          5.0321         34.0000         33.0000          4.0000         -4.2898
  243          5.0321         35.0000         33.0000          4.0000         -4.2898
  244          5.0321         36.0000         33.0000          4.0000         -4.2898
  245          5.0321         33.0000         34.0000          4.0000         -4.2898
  246          5.0321         34.0000         34.0000          4.0000         -4.2898
  247          5.0321         35.0000         34.0000          4.0000         -4.2898
  248          5.0321         36.0000         34.0000          4.0000         -4.2898
  249          5.0321         33.0000         35.0000          4.0000         -4.2898
  250          5.0321         34.0000         35.0000          4.0000         -4.2898
  251          5.0321         35.0000         35.0000          4.0000         -4.2898
  252          5.0321         36.0000         35.0000          4.0000         -4.2898
  253          5.0321         33.0000         36.0000          4.0000         -4.2898
  254          5.0321         34.0000         36.0000          4.0000         -4.2898
  255          5.0321         35.0000         36.0000          4.0000         -4.2898
  256          5.0321         36.0000         36.0000          4.0000         -4.2898
  241          5.0321         33.0000         33.0000          4.0000         -4.2927
  242          5.0321         34.0000         33.0000          4.0000         -4.2927
  243          5.0321         35.0000         33.0000          4.0000         -4.2927
  244          5.0321         36.0000         33.0000          4.0000         -4.2927
  245          5.0321         33.0000         34.0000          4.0000         -4.2927
  246          5.0321         34.0000         34.0000          4.0000         -4.2927
  247          5.0321         35.0000         34.0000          4.0000         -4.2927
  248          5.0321         36.0000         34.0000          4.0000         -4.2927
  249          5.0321         33.0000         35.0000          4.0000         -4.2927
  250          5.0321         34.0000         35.0000          4.0000         -4.2927
  251          5.0321         35.0000         35.0000          4.0000         -4.2927
  252          5.0321         36.0000         35.0000          4.0000         -4.2927
  253          5.0321         33.0000         36.0000          4.0000         -4.2927
  254          5.0321         34.0000         36.0000          4.0000         -4.2927
  255          5.0321         35.0000         36.0000          4.0000         -4.2927
  256          5.0321         36.0000         36.0000          4.0000         -4.2927
  241          6.0269         33.0000         33.0000          4.0000         -4.3200
  242          6.0269         34.0000         33.0000          4.0000         -4.3200
  243          6.0269         35.0000         33.0000          4.0000         -4.3200
  244          6.0269         36.0000         33.0000          4.0000         -4.3200
  245          6.0269         33.0000         34.0000          4.0000         -4.3200
  246          6.0269         34.0000         34.0000          4.0000         -4.3200
  247          6.0269         35.0000         34.0000          4.0000         -4.3200
  248          6.0269         36.0000         34.0000          4.0000         -4.3200
  249          6.0269         33.0000         35.0000          4.0000         -4.3200
  250          6.0269         34.0000         35.0000          4.0000         -4.3200
  251          6.0269         35.0000         35.0000          4.0000         -4.3200
  252          6.0269         36.0000         35.0000          4.0000         -4.3200
  253          6.0269         33.0000         36.0000          4.0000         -4.3200
  254          6.0269         34.0000         36.0000          4.0000         -4.3200
  255          6.0269         35.0000         36.0000          4.0000         -4.3200
  256          6.0269         36.0000         36.0000          4.0000         -4.3200
  241          6.0269         33.0000         33.0000          4.0000         -4.3234
  242          6.0269         34.0000         33.0000          4.0000         -4.3234
  243          6.0269         35.0000         33.0000          4.0000         -4.3234
  244          6.0269         36.0000         33.0000          4.0000         -4.3234
  245          6.0269         33.0000         34.0000          4.0000         -4.3234
  246          6.0269         34.0000         34.0000          4.0000         -4.3234
  247          6.0269         35.0000         34.0000          4.0000         -4.3234
  248          6.0269         36.0000         34.0000          4.0000         -4.3234
  249          6.0269         33.0000         35.0000          4.0000         -4.3234
  250          6.0269         34.0000         35.0000          4.0000         -4.3234
  251          6.0269         35.0000         35.0000          4.0000         -4.3234
  252          6.0269         36.0000         35.0000          4.0000         -4.3234
  253          6.0269         33.0000         36.0000          4.0000         -4.3234
  254          6.0269         34.0000         36.0000          4.0000         -4.3234
  255          6.0269         35.0000         36.0000          4.0000         -4.3234
  256          6.0269         36.0000         36.0000          4.0000         -4.3234
  241          7.0411         33.0000         33.0000          4.0000         -4.2129
  242          7.0411         34.0000         33.0000          4.0000         -4.2129
  243          7.0411         35.0000         33.0000          4.0000         -4.2129
  244          7.0411         36.0000         33.0000          4.0000         -4.2129
  245          7.0411         33.0000         34.0000          4.0000         -4.2129
  246          7.0411         34.0000         34.0000          4.0000         -4.2129
  247          7.0411         35.0000         34.0000          4.0000         -4.2129
  248          7.0411         36.0000         34.0000          4.0000         -4.2129
  249          7.0411         33.0000         35.0000          4.0000         -4.2129
  250          7.0411         34.0000         35.0000          4.0000         -4.2129
  251          7.0411         35.0000         35.0000          4.0000         -4.2129
  252          7.0411         36.0000         35.0000          4.0000         -4.2129
  253          7.0411         33.0000         36.0000          4.0000         -4.2129
  254          7.0411         34.0000         36.0000          4.0000         -4.2129
  255          7.0411         35.0000         36.0000          4.0000         -4.2129
  256          7.0411         36.0000         36.0000          4.0000         -4.2129
  241          7.0411         33.0000         33.0000          4.0000         -4.2087
  242          7.0411         34.0000         33.0000          4.0000         -4.2087
  243          7.0411         35.0000         33.0000          4.0000         -4.2087
  244          7.0411         36.0000         33.0000          4.0000         -4.2087
  245          7.0411         33.0000         34.0000          4.0000         -4.2087
  246          7.0411         34.0000         34.0000          4.0000         -4.2087
  247          7.0411         35.0000         34.0000          4.0000         -4.2087
  248          7.0411         36.0000         34.0000          4.0000         -4.2087
  249          7.0411         33.0000         35.0000          4.0000         -4.2087
  250          7.0411         34.0000         35.0000          4.0000         -4.2087
  251          7.0411         35.0000         35.0000          4.0000         -4.2087
  252          7.0411         36.0000         35.0000          4.0000         -4.2087
  253          7.0411         33.0000         36.0000          4.0000         -4.2087
  254          7.0411         34.0000         36.0000          4.0000         -4.2087
  255          7.0411         35.0000         36.0000          4.0000         -4.2087
  256          7.0411         36.0000         36.0000          4.0000         -4.2087
  241          8.0046         33.0000         33.0000          4.0000         -3.5042
  242          8.0046         34.0000         33.0000          4.0000         -3.5042
  243          8.0046         35.0000         33.0000          4.0000         -3.5042
  244          8.0046         36.0000         33.0000          4.0000         -3.5042
  245          8.0046         33.0000         34.0000          4.0000         -3.5042
  246          8.0046         34.0000         34.0000          4.0000         -3.5042
  247          8.0046         35.0000         34.0000          4.0000         -3.5042
  248          8.0046         36.0000         34.0000          4.0000         -3.5042
  249          8.0046         33.0000         35.0000          4.0000         -3.5042
  250          8.0046         34.0000         35.0000          4.0000         -3.5042
  251          8.0046         35.0000         35.0000          4.0000         -3.5042
  252          8.0046         36.0000         35.0000          4.0000         -3.5042
  253          8.0046         33.0000         36.0000          4.0000         -3.5042
  254          8.0046         34.0000         36.0000          4.0000         -3.5042
  255          8.0046         35.0000         36.0000          4.0000         -3.5042
  256          8.0046         36.0000         36.0000          4.0000         -3.5042
  241          8.0046         33.0000         33.0000          4.0000         -3.4943
  242          8.0046         34.0000         33.0000          4.0000         -3.4943
  243          8.0046         35.0000         33.0000          4.0000         -3.4943
  244          8.0046         36.0000         33.0000          4.0000         -3.4943
  245          8.0046         33.0000         34.0000          4.0000         -3.4943
  246          8.0046         34.0000         34.0000          4.0000         -3.4943
  247          8.0046         35.0000         34.0000          4.0000         -3.4943
  248          8.0046         36.0000         34.0000          4.0000         -3.4943
  249          8.0046         33.0000         35.0000          4.0000         -3.4943
  250          8.0046         34.0000         35.0000          4.0000         -3.4943
  251          8.0046         35.0000         35.0000          4.0000         -3.4943
  252          8.0046         36.0000         35.0000          4.0000         -3.4943
  253          8.0046         33.0000         36.0000          4.0000         -3.4943
  254          8.0046         34.0000         36.0000          4.0000         -3.4943
  255          8.0046         35.0000         36.0000          4.0000         -3.4943
  256          8.0046         36.0000         36.0000          4.0000         -3.4943
  241          8.0046         33.0000         33.0000          4.0000         -3.4945
  242          8.0046         34.0000         33.0000          4.0000         -3.4945
  243          8.0046         35.0000         33.0000          4.0000         -3.4945
  244          8.0046         36.0000         33.0000          4.0000         -3.4945
  245          8.0046         33.0000         34.0000          4.0000         -3.4945
  246          8.0046         34.0000         34.0000          4.0000         -3.4945
  247          8.0046         35.0000         34.0000          4.0000         -3.4945
  248          8.0046         36.0000         34.0000          4.0000         -3.4945
  249          8.0046         33.0000         35.0000          4.0000         -3.4945
  250          8.0046         34.0000         35.0000          4.0000         -3.4945
  251          8.0046         35.0000         35.0000          4.0000         -3.4945
  252          8.0046         36.0000         35.0000          4.0000         -3.4945
  253          8.0046         33.0000         36.0000          4.0000         -3.4945
  254          8.0046         34.0000         36.0000          4.0000         -3.4945
  255          8.0046         35.0000         36.0000          4.0000         -3.4945
  256          8.0046         36.0000         36.0000          4.0000         -3.4945
  241          9.0117         33.0000         33.0000          4.0000         -0.7427
  242          9.0117         34.0000         33.0000          4.0000         -0.7427
  243          9.0117         35.0000         33.0000          4.0000         -0.7427
  244          9.0117         36.0000         33.0000          4.0000         -0.7427
  245          9.0117         33.0000         34.0000          4.0000         -0.7427
  246          9.0117         34.0000         34.0000          4.0000         -0.7427
  247          9.0117         35.0000         34.0000          4.0000         -0.7427
  248          9.0117         36.0000         34.0000          4.0000         -0.7427
  249          9.0117         33.0000         35.0000          4.0000         -0.7427
  250          9.0117         34.0000         35.0000          4.0000         -0.7427
  251          9.0117         35.0000         35.0000          4.0000         -0.7427
  252          9.0117         36.0000         35.0000          4.0000         -0.7427
  253          9.0117         33.0000         36.0000          4.0000         -0.7427
  254          9.0117         34.0000         36.0000          4.0000         -0.7427
  255          9.0117         35.0000         36.0000          4.0000         -0.7427
  256          9.0117         36.0000         36.0000          4.0000         -0.7427
  241          9.0117         33.0000         33.0000          4.0000         -0.7393
  242          9.0117         34.0000         33.0000          4.0000         -0.7393
  243          9.0117         35.0000         33.0000          4.0000         -0.7393
  244          9.0117         36.0000         33.0000          4.0000         -0.7393
  245          9.0117         33.0000         34.0000          4.0000         -0.7393
  246          9.0117         34.0000         34.0000          4.0000         -0.7393
  247          9.0117         35.0000         34.0000          4.0000         -0.7393
  248          9.0117         36.0000         34.0000          4.0000         -0.7393
  249          9.0117         33.0000         35.0000          4.0000         -0.7393
  250          9.0117         34.0000         35.0000          4.0000         -0.7393
  251          9.0117         35.0000         35.0000          4.0000         -0.7393
  252          9.0117         36.0000         35.0000          4.0000         -0.7393
  253          9.0117         33.0000         36.0000          4.0000         -0.7393
  254          9.0117         34.0000         36.0000          4.0000         -0.7393
  255          9.0117         35.0000         36.0000          4.0000         -0.7393
  256          9.0117         36.0000         36.0000          4.0000         -0.7393
  241          9.0117         33.0000         33.0000          4.0000         -0.7393
  242          9.0117         34.0000         33.0000          4.0000         -0.7393
  243          9.0117         35.0000         33.0000          4.0000         -0.7393
  244          9.0117         36.0000         33.0000          4.0000         -0.7393
  245          9.0117         33.0000         34.0000          4.0000         -0.7393
  246          9.0117         34.0000         34.0000          4.0000         -0.7393
  247          9.0117         35.0000         34.0000          4.0000         -0.7393
  248          9.0117         36.0000         34.0000          4.0000         -0.7393
  249          9.0117         33.0000         35.0000          4.0000         -0.7393
  250          9.0117         34.0000         35.0000          4.0000         -0.7393
  251          9.0117         35.0000         35.0000          4.0000         -0.7393
  252          9.0117         36.0000         35.0000          4.0000         -0.7393
  253          9.0117         33.0000         36.0000          4.0000         -0.7393
  254          9.0117         34.0000         36.0000          4.0000         -0.7393
  255          9.0117         35.0000         36.0000          4.0000         -0.7393
  256          9.0117         36.0000         36.0000          4.0000         -0.7393
  241         10.0022         33.0000         33.0000          4.0000         14.8433
  242         10.0022         34.0000         33.0000          4.0000         14.8433
  243         10.0022         35.0000         33.0000          4.0000         14.8433
  244         10.0022         36.0000         33.0000          4.0000         14.8433
  245         10.0022         33.0000         34.0000          4.0000         14.8433
  246         10.0022         34.0000         34.0000          4.0000         14.8433
  247         10.0022         35.0000         34.0000          4.0000         14.8433
  248         10.0022         36.0000         34.0000          4.0000         14.8433
  249         10.0022         33.0000         35.0000          4.0000         14.8433
  250         10.0022         34.0000         35.0000          4.0000         14.8433
  251         10.0022         35.0000         35.0000          4.0000         14.8433
  252         10.0022         36.0000         35.0000          4.0000         14.8433
  253         10.0022         33.0000         36.0000          4.0000         14.8433
  254         10.0022         34.0000         36.0000          4.0000         14.8433
  255         10.0022         35.0000         36.0000          4.0000         14.8433
  256         10.0022         36.0000         36.0000          4.0000         14.8433
  241         10.0022         33.0000         33.0000          4.0000         14.8573
  242         10.0022         34.0000         33.0000          4.0000         14.8573
  243         10.0022         35.0000         33.0000          4.0000         14.8573
  244         10.0022         36.0000         33.0000          4.0000         14.8573
  245         10.0022         33.0000         34.0000          4.0000         14.8573
  246         10.0022         34.0000         34.0000          4.0000         14.8573
  247         10.0022         35.0000         34.0000          4.0000         14.8573
  248         10.0022         36.0000         34.0000          4.0000         14.8573
  249         10.0022         33.0000         35.0000          4.0000         14.8573
  250         10.0022         34.0000         35.0000          4.0000         14.8573
  251         10.0022         35.0000         35.0000          4.0000         14.8573
  252         10.0022         36.0000         35.0000          4.0000         14.8573
  253         10.0022         33.0000         36.0000          4.0000         14.8573
  254         10.0022         34.0000         36.0000          4.0000         14.8573
  255         10.0022         35.0000         36.0000          4.0000         14.8573
  256         10.0022         36.0000         36.0000          4.0000         14.8573
  241         10.0022         33.0000         33.0000          4.0000         14.8572
  242         10.0022         34.0000         33.0000          4.0000         14.8572
  243         10.0022         35.0000         33.0000          4.0000         14.8572
  244         10.0022         36.0000         33.0000          4.0000         14.8572
  245         10.0022         33.0000         34.0000          4.0000         14.8572
  246         10.0022         34.0000         34.0000          4.0000         14.8572
  247         10.0022         35.0000         34.0000          4.0000         14.8572
  248         10.0022         36.0000         34.0000          4.0000         14.8572
  249         10.0022         33.0000         35.0000          4.0000         14.8572
  250         10.0022         34.0000         35.0000          4.0000         14.8572
  251         10.0022         35.0000         35.0000          4.0000         14.8572
  252         10.0022         36.0000         35.0000          4.0000         14.8572
  253         10.0022         33.0000         36.0000          4.0000         14.8572
  254         10.0022         34.0000         36.0000          4.0000         14.8572
  255         10.0022         35.0000         36.0000          4.0000         14.8572
  256         10.0022         36.0000         36.0000          4.0000         14.8572
  241         11.0065         33.0000         33.0000          4.0000         39.7093
  242         11.0065         34.0000         33.0000          4.0000         39.7093
  243         11.0065         35.0000         33.0000          4.0000         39.7093
  244         11.0065         36.0000         33.0000          4.0000         39.7093
  245         11.0065         33.0000         34.0000          4.0000         39.7093
  246         11.0065         34.0000         34.0000          4.0000         39.7093
  247         11.0065         35.0000         34.0000          4.0000         39.7093
  248         11.0065         36.0000         34.0000          4.0000         39.7093
  249         11.0065         33.0000         35.0000          4.0000         39.7093
  250         11.0065         34.0000         35.0000          4.0000         39.7093
  251         11.0065         35.0000         35.0000          4.0000         39.7093
  252         11.0065         36.0000         35.0000          4.0000         39.7093
  253         11.0065         33.0000         36.0000          4.0000         39.7093
  254         11.0065         34.0000         36.0000          4.0000         39.7093
  255         11.0065         35.0000         36.0000          4.0000         39.7093
  256         11.0065         36.0000         36.0000          4.0000         39.7093
  241         11.0065         33.0000         33.0000          4.0000         39.7250
  242         11.0065         34.0000         33.0000          4.0000         39.7250
  243         11.0065         35.0000         33.0000          4.0000         39.7250
  244         11.0065         36.0000         33.0000          4.0000         39.7250
  245         11.0065         33.0000         34.0000          4.0000         39.7250
  246         11.0065         34.0000         34.0000          4.0000         39.7250
  247         11.0065         35.0000         34.0000          4.0000         39.7250
  248         11.0065         36.0000         34.0000          4.0000         39.7250
  249         11.0065         33.0000         35.0000          4.0000         39.7250
  250         11.0065         34.0000         35.0000          4.0000         39.7250
  251         11.0065         35.0000         35.0000          4.0000         39.7250
  252         11.0065         36.0000         35.0000          4.0000         39.7250
  253         11.0065         33.0000         36.0000          4.0000         39.7250
  254         11.0065         34.0000         36.0000          4.0000         39.7250
  255         11.0065         35.0000         36.0000          4.0000         39.7250
  256         11.0065         36.0000         36.0000          4.0000         39.7250
  241         11.0065         33.0000         33.0000          4.0000         39.7249
  242         11.0065         34.0000         33.0000          4.0000         39.7249
  243         11.0065         35.0000         33.0000          4.0000         39.7249
  244         11.0065         36.0000         33.0000          4.0000         39.7249
  245         11.0065         33.0000         34.0000          4.0000         39.7249
  246         11.0065         34.0000         34.0000          4.0000         39.7249
  247         11.0065         35.0000         34.0000          4.0000         39.7249
  248         11.0065         36.0000         34.0000          4.0000         39.7249
  249         11.0065         33.0000         35.0000          4.0000         39.7249
  250         11.0065         34.0000         35.0000          4.0000         39.7249
  251         11.0065         35.0000         35.0000          4.0000         39.7249
  252         11.0065         36.0000         35.0000          4.0000         39.7249
  253         11.0065         33.0000         36.0000          4.0000         39.7249
  254         11.0065         34.0000         36.0000          4.0000         39.7249
  255         11.0065         35.0000         36.0000          4.0000         39.7249
  256         11.0065         36.0000         36.0000          4.0000         39.7249
  241         12.0044         33.0000         33.0000          4.0000         72.5767
  242         12.0044         34.0000         33.0000          4.0000         72.5767
  243         12.0044         35.0000         33.0000          4.0000         72.5767
  244         12.0044         36.0000         33.0000          4.0000         72.5767
  245         12.0044         33.0000         34.0000          4.0000         72.5767
  246         12.0044         34.0000         34.0000          4.0000         72.5767
  247         12.0044         35.0000         34.0000          4.0000         72.5767
  248         12.0044         36.0000         34.0000          4.0000         72.5767
  249         12.0044         33.0000         35.0000          4.0000         72.5767
  250         12.0044         34.0000         35.0000          4.0000         72.5767
  251         12.0044         35.0000         35.0000          4.0000         72.5767
  252         12.0044         36.0000         35.0000          4.0000         72.5767
  253         12.0044         33.0000         36.0000          4.0000         72.5767
  254         12.0044         34.0000         36.0000          4.0000         72.5767
  255         12.0044         35.0000         36.0000          4.0000         72.5767
  256         12.0044         36.0000         36.0000          4.0000         72.5767
  241         12.0044         33.0000         33.0000          4.0000         72.5875
  242         12.0044         34.0000         33.0000          4.0000         72.5875
  243         12.0044         35.0000         33.0000          4.0000         72.5875
  244         12.0044         36.0000         33.0000          4.0000         72.5875
  245         12.0044         33.0000         34.0000          4.0000         72.5875
  246         12.0044         34.0000         34.0000          4.0000         72.5875
  247         12.0044         35.0000         34.0000          4.0000         72.5875
  248         12.0044         36.0000         34.0000          4.0000         72.5875
  249         12.0044         33.0000         35.0000          4.0000         72.5875
  250         12.0044         34.0000         35.0000          4.0000         72.5875
  251         12.0044         35.0000         35.0000          4.0000         72.5875
  252         12.0044         36.0000         35.0000          4.0000         72.5875
  253         12.0044         33.0000         36.0000          4.0000         72.5875
  254         12.0044         34.0000         36.0000          4.0000         72.5875
  255         12.0044         35.0000         36.0000          4.0000         72.5875
  256         12.0044         36.0000         36.0000          4.0000         72.5875
  241         12.0044         33.0000         33.0000          4.0000         72.5875
  242         12.0044         34.0000         33.0000          4.0000         72.5875
  243         12.0044         35.0000         33.0000          4.0000         72.5875
  244         12.0044         36.0000         33.0000          4.0000         72.5875
  245         12.0044         33.0000         34.0000          4.0000         72.5875
  246         12.0044         34.0000         34.0000          4.0000         72.5875
  247         12.0044         35.0000         34.0000          4.0000         72.5875
  248         12.0044         36.0000         34.0000          4.0000         72.5875
  249         12.0044         33.0000         35.0000          4.0000         72.5875
  250         12.0044         34.0000         35.0000          4.0000         72.5875
  251         12.0044         35.0000         35.0000          4.0000         72.5875
  252         12.0044         36.0000         35.0000          4.0000         72.5875
  253         12.0044         33.0000         36.0000          4.0000         72.5875
  254         12.0044         34.0000         36.0000          4.0000         72.5875
  255         12.0044         35.0000         36.0000          4.0000         72.5875
  256         12.0044         36.0000         36.0000          4.0000         72.5875
  241         12.0044         33.0000         33.0000          4.0000         72.5875
  242         12.0044         34.0000         33.0000          4.0000         72.5875
  243         12.0044         35.0000         33.0000          4.0000         72.5875
  244         12.0044         36.0000         33.0000          4.0000         72.5875
  245         12.0044         33.0000         34.0000          4.0000         72.5875
  246         12.0044         34.0000         34.0000          4.0000         72.5875
  247         12.0044         35.0000         34.0000          4.0000         72.5875
  248         12.0044         36.0000         34.0000          4.0000         72.5875
  249         12.0044         33.0000         35.0000          4.0000         72.5875
  250         12.0044         34.0000         35.0000          4.0000         72.5875
  251         12.0044         35.0000         35.0000          4.0000         72.5875
  252         12.0044         36.0000         35.0000          4.0000         72.5875
  253         12.0044         33.0000         36.0000          4.0000         72.5875
  254         12.0044         34.0000         36.0000          4.0000         72.5875
  255         12.0044         35.0000         36.0000          4.0000         72.5875
  256         12.0044         36.0000         36.0000          4.0000         72.5875
  241         13.0152         33.0000         33.0000          4.0000        102.8651
  242         13.0152         34.0000         33.0000          4.0000        102.8651
  243         13.0152         35.0000         33.0000          4.0000        102.8651
  244         13.0152         36.0000         33.0000          4.0000        102.8651
  245         13.0152         33.0000         34.0000          4.0000        102.8651
  246         13.0152         34.0000         34.0000          4.0000        102.8651
  247         13.0152         35.0000         34.0000          4.0000        102.8651
  248         13.0152         36.0000         34.0000          4.0000        102.8651
  249         13.0152         33.0000         35.0000          4.0000        102.8651
  250         13.0152         34.0000         35.0000          4.0000        102.8651
  251         13.0152         35.0000         35.0000          4.0000        102.8651
  252         13.0152         36.0000         35.0000          4.0000        102.8651
  253         13.0152         33.0000         36.0000          4.0000        102.8651
  254         13.0152         34.0000         36.0000          4.0000        102.8651
  255         13.0152         35.0000         36.0000          4.0000        102.8651
  256         13.0152         36.0000         36.0000          4.0000        102.8651
  241         13.0152         33.0000         33.0000          4.0000        102.8619
  242         13.0152         34.0000         33.0000          4.0000        102.8619
  243         13.0152         35.0000         33.0000          4.0000        102.8619
  244         13.0152         36.0000         33.0000          4.0000        102.8619
  245         13.0152         33.0000         34.0000          4.0000        102.8619
  246         13.0152         34.0000         34.0000          4.0000        102.8619
  247         13.0152         35.0000         34.0000          4.0000        102.8619
  248         13.0152         36.0000         34.0000          4.0000        102.8619
  249         13.0152         33.0000         35.0000          4.0000        102.8619
  250         13.0152         34.0000         35.0000          4.0000        102.8619
  251         13.0152         35.0000         35.0000          4.0000        102.8619
  252         13.0152         36.0000         35.0000          4.0000        102.8619
  253         13.0152         33.0000         36.0000          4.0000        102.8619
  254         13.0152         34.0000         36.0000          4.0000        102.8619
  255         13.0152         35.0000         36.0000          4.0000        102.8619
  256         13.0152         36.0000         36.0000          4.0000        102.8619
  241         14.0195         33.0000         33.0000          4.0000        125.4062
  242         14.0195         34.0000         33.0000          4.0000        125.4062
  243         14.0195         35.0000         33.0000          4.0000        125.4062
  244         14.0195         36.0000         33.0000          4.0000        125.4062
  245         14.0195         33.0000         34.0000          4.0000        125.4062
  246         14.0195         34.0000         34.0000          4.0000        125.4062
  247         14.0195         35.0000         34.0000          4.0000        125.4062
  248         14.0195         36.0000         34.0000          4.0000        125.4062
  249         14.0195         33.0000         35.0000          4.0000        125.4062
  250         14.0195         34.0000         35.0000          4.0000        125.4062
  251         14.0195         35.0000         35.0000          4.0000        125.4062
  252         14.0195         36.0000         35.0000          4.0000        125.4062
  253         14.0195         33.0000         36.0000          4.0000        125.4062
  254         14.0195         34.0000         36.0000          4.0000        125.4062
  255         14.0195         35.0000         36.0000          4.0000        125.4062
  256         14.0195         36.0000         36.0000          4.0000        125.4062
  241         14.0195         33.0000         33.0000          4.0000        125.4729
  242         14.0195         34.0000         33.0000          4.0000        125.4729
  243         14.0195         35.0000         33.0000          4.0000        125.4729
  244         14.0195         36.0000         33.0000          4.0000        125.4729
  245         14.0195         33.0000         34.0000          4.0000        125.4729
  246         14.0195         34.0000         34.0000          4.0000        125.4729
  247         14.0195         35.0000         34.0000          4.0000        125.4729
  248         14.0195         36.0000         34.0000          4.0000        125.4729
  249         14.0195         33.0000         35.0000          4.0000        125.4729
  250         14.0195         34.0000         35.0000          4.0000        125.4729
  251         14.0195         35.0000         35.0000          4.0000        125.4729
  252         14.0195         36.0000         35.0000          4.0000        125.4729
  253         14.0195         33.0000         36.0000          4.0000        125.4729
  254         14.0195         34.0000         36.0000          4.0000        125.4729
  255         14.0195         35.0000         36.0000          4.0000        125.4729
  256         14.0195         36.0000         36.0000          4.0000        125.4729
  241         14.0195         33.0000         33.0000          4.0000        125.4727
  242         14.0195         34.0000         33.0000          4.0000        125.4727
  243         14.0195         35.0000         33.0000          4.0000        125.4727
  244         14.0195         36.0000         33.0000          4.0000        125.4727
  245         14.0195         33.0000         34.0000          4.0000        125.4727
  246         14.0195         34.0000         34.0000          4.0000        125.4727
  247         14.0195         35.0000         34.0000          4.0000        125.4727
  248         14.0195         36.0000         34.0000          4.0000        125.4727
  249         14.0195         33.0000         35.0000          4.0000        125.4727
  250         14.0195         34.0000         35.0000          4.0000        125.4727
  251         14.0195         35.0000         35.0000          4.0000        125.4727
  252         14.0195         36.0000         35.0000          4.0000        125.4727
  253         14.0195         33.0000         36.0000          4.0000        125.4727
  254         14.0195         34.0000         36.0000          4.0000        125.4727
  255         14.0195         35.0000         36.0000          4.0000        125.4727
  256         14.0195         36.0000         36.0000          4.0000        125.4727
  241         15.0076         33.0000         33.0000          4.0000         83.1343
  242         15.0076         34.0000         33.0000          4.0000         83.1343
  243         15.0076         35.0000         33.0000          4.0000         83.1343
  244         15.0076         36.0000         33.0000          4.0000         83.1343
  245         15.0076         33.0000         34.0000          4.0000         83.1343
  246         15.0076         34.0000         34.0000          4.0000         83.1343
  247         15.0076         35.0000         34.0000          4.0000         83.1343
  248         15.0076         36.0000         34.0000          4.0000         83.1343
  249         15.0076         33.0000         35.0000          4.0000         83.1343
  250         15.0076         34.0000         35.0000          4.0000         83.1343
  251         15.0076         35.0000         35.0000          4.0000         83.1343
  252         15.0076         36.0000         35.0000          4.0000         83.1343
  253         15.0076         33.0000         36.0000          4.0000         83.1343
  254         15.0076         34.0000         36.0000          4.0000         83.1343
  255         15.0076         35.0000         36.0000          4.0000         83.1343
  256         15.0076         36.0000         36.0000          4.0000         83.1343
  241         15.0076         33.0000         33.0000          4.0000         82.7267
  242         15.0076         34.0000         33.0000          4.0000         82.7267
  243         15.0076         35.0000         33.0000          4.0000         82.7267
  244         15.0076         36.0000         33.0000          4.0000         82.7267
  245         15.0076         33.0000         34.0000          4.0000         82.7267
  246         15.0076         34.0000         34.0000          4.0000         82.7267
  247         15.0076         35.0000         34.0000          4.0000         82.7267
  248         15.0076         36.0000         34.0000          4.0000         82.7267
  249         15.0076         33.0000         35.0000          4.0000         82.7267
  250         15.0076         34.0000         35.0000          4.0000         82.7267
  251         15.0076         35.0000         35.0000          4.0000         82.7267
  252         15.0076         36.0000         35.0000          4.0000         82.7267
  253         15.0076         33.0000         36.0000          4.0000         82.7267
  254         15.0076         34.0000         36.0000          4.0000         82.7267
  255         15.0076         35.0000         36.0000          4.0000         82.7267
  256         15.0076         36.0000         36.0000          4.0000         82.7267
  241         15.0076         33.0000         33.0000          4.0000         82.7343
  242         15.0076         34.0000         33.0000          4.0000         82.7343
  243         15.0076         35.0000         33.0000          4.0000         82.7343
  244         15.0076         36.0000         33.0000          4.0000         82.7343
  245         15.0076         33.0000         34.0000          4.0000         82.7343
  246         15.0076         34.0000         34.0000          4.0000         82.7343
  247         15.0076         35.0000         34.0000          4.0000         82.7343
  248         15.0076         36.0000         34.0000          4.0000         82.7343
  249         15.0076         33.0000         35.0000          4.0000         82.7343
  250         15.0076         34.0000         35.0000          4.0000         82.7343
  251         15.0076         35.0000         35.0000          4.0000         82.7343
  252         15.0076         36.0000         35.0000          4.0000         82.7343
  253         15.0076         33.0000         36.0000          4.0000         82.7343
  254         15.0076         34.0000         36.0000          4.0000         82.7343
  255         15.0076         35.0000         36.0000          4.0000         82.7343
  256         15.0076         36.0000         36.0000          4.0000         82.7343
  241         16.0022         33.0000         33.0000          4.0000        105.2439
  242         16.0022         34.0000         33.0000          4.0000        105.2439
  243         16.0022         35.0000         33.0000          4.0000        105.2439
  244         16.0022         36.0000         33.0000          4.0000        105.2439
  245         16.0022         33.0000         34.0000          4.0000        105.2439
  246         16.0022         34.0000         34.0000          4.0000        105.2439
  247         16.0022         35.0000         34.0000          4.0000        105.2439
  248         16.0022         36.0000         34.0000          4.0000        105.2439
  249         16.0022         33.0000         35.0000          4.0000        105.2439
  250         16.0022         34.0000         35.0000          4.0000        105.2439
  251         16.0022         35.0000         35.0000          4.0000        105.2439
  252         16.0022         36.0000         35.0000          4.0000        105.2439
  253         16.0022         33.0000         36.0000          4.0000        105.2439
  254         16.0022         34.0000         36.0000          4.0000        105.2439
  255         16.0022         35.0000         36.0000          4.0000        105.2439
  256         16.0022         36.0000         36.0000          4.0000        105.2439
  241         16.0022         33.0000         33.0000          4.0000        105.2405
  242         16.0022         34.0000         33.0000          4.0000        105.2405
  243         16.0022         35.0000         33.0000          4.0000        105.2405
  244         16.0022         36.0000         33.0000          4.0000        105.2405
  245         16.0022         33.0000         34.0000          4.0000        105.2405
  246         16.0022         34.0000         34.0000          4.0000        105.2405
  247         16.0022         35.0000         34.0000          4.0000        105.2405
  248         16.0022         36.0000         34.0000          4.0000        105.2405
  249         16.0022         33.0000         35.0000          4.0000        105.2405
  250         16.0022         34.0000         35.0000          4.0000        105.2405
  251         16.0022         35.0000         35.0000          4.0000        105.2405
  252         16.0022         36.0000         35.0000          4.0000        105.2405
  253         16.0022         33.0000         36.0000          4.0000        105.2405
  254         16.0022         34.0000         36.0000          4.0000        105.2405
  255         16.0022         35.0000         36.0000          4.0000        105.2405
  256         16.0022         36.0000         36.0000          4.0000        105.2405
  241         16.0022         33.0000         33.0000          4.0000        105.2405
  242         16.0022         34.0000         33.0000          4.0000        105.2405
  243         16.0022         35.0000         33.0000          4.0000        105.2405
  244         16.0022         36.0000         33.0000          4.0000        105.2405
  245         16.0022         33.0000         34.0000          4.0000        105.2405
  246         16.0022         34.0000         34.0000          4.0000        105.2405
  247         16.0022         35.0000         34.0000          4.0000        105.2405
  248         16.0022         36.0000         34.0000          4.0000        105.2405
  249         16.0022         33.0000         35.0000          4.0000        105.2405
  250         16.0022         34.0000         35.0000          4.0000        105.2405
  251         16.0022         35.0000         35.0000          4.0000        105.2405
  252         16.0022         36.0000         35.0000          4.0000        105.2405
  253         16.0022         33.0000         36.0000          4.0000        105.2405
  254         16.0022         34.0000         36.0000          4.0000        105.2405
  255         16.0022         35.0000         36.0000          4.0000        105.2405
  256         16.0022         36.0000         36.0000          4.0000        105.2405
  241         17.0105         33.0000         33.0000          4.0000         88.1484
  242         17.0105         34.0000         33.0000          4.0000         88.1484
  243         17.0105         35.0000         33.0000          4.0000         88.1484
  244         17.0105         36.0000         33.0000          4.0000         88.1484
  245         17.0105         33.0000         34.0000          4.0000         88.1484
  246         17.0105         34.0000         34.0000          4.0000         88.1484
  247         17.0105         35.0000         34.0000          4.0000         88.1484
  248         17.0105         36.0000         34.0000          4.0000         88.1484
  249         17.0105         33.0000         35.0000          4.0000         88.1484
  250         17.0105         34.0000         35.0000          4.0000         88.1484
  251         17.0105         35.0000         35.0000          4.0000         88.1484
  252         17.0105         36.0000         35.0000          4.0000         88.1484
  253         17.0105         33.0000         36.0000          4.0000         88.1484
  254         17.0105         34.0000         36.0000          4.0000         88.1484
  255         17.0105         35.0000         36.0000          4.0000         88.1484
  256         17.0105         36.0000         36.0000          4.0000         88.1484
  241         17.0105         33.0000         33.0000          4.0000         88.1939
  242         17.0105         34.0000         33.0000          4.0000         88.1939
  243         17.0105         35.0000         33.0000          4.0000         88.1939
  244         17.0105         36.0000         33.0000          4.0000         88.1939
  245         17.0105         33.0000         34.0000          4.0000         88.1939
  246         17.0105         34.0000         34.0000          4.0000         88.1939
  247         17.0105         35.0000         34.0000          4.0000         88.1939
  248         17.0105         36.0000         34.0000          4.0000         88.1939
  249         17.0105         33.0000         35.0000          4.0000         88.1939
  250         17.0105         34.0000         35.0000          4.0000         88.1939
  251         17.0105         35.0000         35.0000          4.0000         88.1939
  252         17.0105         36.0000         35.0000          4.0000         88.1939
  253         17.0105         33.0000         36.0000          4.0000         88.1939
  254         17.0105         34.0000         36.0000          4.0000         88.1939
  255         17.0105         35.0000         36.0000          4.0000         88.1939
  256         17.0105         36.0000         36.0000          4.0000         88.1939
  241         17.0105         33.0000         33.0000          4.0000         88.1937
  242         17.0105         34.0000         33.0000          4.0000         88.1937
  243         17.0105         35.0000         33.0000          4.0000         88.1937
  244         17.0105         36.0000         33.0000          4.0000         88.1937
  245         17.0105         33.0000         34.0000          4.0000         88.1937
  246         17.0105         34.0000         34.0000          4.0000         88.1937
  247         17.0105         35.0000         34.0000          4.0000         88.1937
  248         17.0105         36.0000         34.0000          4.0000         88.1937
  249         17.0105         33.0000         35.0000          4.0000         88.1937
  250         17.0105         34.0000         35.0000          4.0000         88.1937
  251         17.0105         35.0000         35.0000          4.0000         88.1937
  252         17.0105         36.0000         35.0000          4.0000         88.1937
  253         17.0105         33.0000         36.0000          4.0000         88.1937
  254         17.0105         34.0000         36.0000          4.0000         88.1937
  255         17.0105         35.0000         36.0000          4.0000         88.1937
  256         17.0105         36.0000         36.0000          4.0000         88.1937
  241         18.0036         33.0000         33.0000          4.0000         57.6516
  242         18.0036         34.0000         33.0000          4.0000         57.6516
  243         18.0036         35.0000         33.0000          4.0000         57.6516
  244         18.0036         36.0000         33.0000          4.0000         57.6516
  245         18.0036         33.0000         34.0000          4.0000         57.6516
  246         18.0036         34.0000         34.0000          4.0000         57.6516
  247         18.0036         35.0000         34.0000          4.0000         57.6516
  248         18.0036         36.0000         34.0000          4.0000         57.6516
  249         18.0036         33.0000         35.0000          4.0000         57.6516
  250         18.0036         34.0000         35.0000          4.0000         57.6516
  251         18.0036         35.0000         35.0000          4.0000         57.6516
  252         18.0036         36.0000         35.0000          4.0000         57.6516
  253         18.0036         33.0000         36.0000          4.0000         57.6516
  254         18.0036         34.0000         36.0000          4.0000         57.6516
  255         18.0036         35.0000         36.0000          4.0000         57.6516
  256         18.0036         36.0000         36.0000          4.0000         57.6516
  241         18.0036         33.0000         33.0000          4.0000         57.6310
  242         18.0036         34.0000         33.0000          4.0000         57.6310
  243         18.0036         35.0000         33.0000          4.0000         57.6310
  244         18.0036         36.0000         33.0000          4.0000         57.6310
  245         18.0036         33.0000         34.0000          4.0000         57.6310
  246         18.0036         34.0000         34.0000          4.0000         57.6310
  247         18.0036         35.0000         34.0000          4.0000         57.6310
  248         18.0036         36.0000         34.0000          4.0000         57.6310
  249         18.0036         33.0000         35.0000          4.0000         57.6310
  250         18.0036         34.0000         35.0000          4.0000         57.6310
  251         18.0036         35.0000         35.0000          4.0000         57.6310
  252         18.0036         36.0000         35.0000          4.0000         57.6310
  253         18.0036         33.0000         36.0000          4.0000         57.6310
  254         18.0036         34.0000         36.0000          4.0000         57.6310
  255         18.0036         35.0000         36.0000          4.0000         57.6310
  256         18.0036         36.0000         36.0000          4.0000         57.6310
  241         18.0036         33.0000         33.0000          4.0000         57.6311
  242         18.0036         34.0000         33.0000          4.0000         57.6311
  243         18.0036         35.0000         33.0000          4.0000         57.6311
  244         18.0036         36.0000         33.0000          4.0000         57.6311
  245         18.0036         33.0000         34.0000          4.0000         57.6311
  246         18.0036         34.0000         34.0000          4.0000         57.6311
  247         18.0036         35.0000         34.0000          4.0000         57.6311
  248         18.0036         36.0000         34.0000          4.0000         57.6311
  249         18.0036         33.0000         35.0000          4.0000         57.6311
  250         18.0036         34.0000         35.0000          4.0000         57.6311
  251         18.0036         35.0000         35.0000          4.0000         57.6311
  252         18.0036         36.0000         35.0000          4.0000         57.6311
  253         18.0036         33.0000         36.0000          4.0000         57.6311
  254         18.0036         34.0000         36.0000          4.0000         57.6311
  255         18.0036         35.0000         36.0000          4.0000         57.6311
  256         18.0036         36.0000         36.0000          4.0000         57.6311
  241         19.0092         33.0000         33.0000          4.0000         30.7505
  242         19.0092         34.0000         33.0000          4.0000         30.7505
  243         19.0092         35.0000         33.0000          4.0000         30.7505
  244         19.0092         36.0000         33.0000          4.0000         30.7505
  245         19.0092         33.0000         34.0000          4.0000         30.7505
  246         19.0092         34.0000         34.0000          4.0000         30.7505
  247         19.0092         35.0000         34.0000          4.0000         30.7505
  248         19.0092         36.0000         34.0000          4.0000         30.7505
  249         19.0092         33.0000         35.0000          4.0000         30.7505
  250         19.0092         34.0000         35.0000          4.0000         30.7505
  251         19.0092         35.0000         35.0000          4.0000         30.7505
  252         19.0092         36.0000         35.0000          4.0000         30.7505
  253         19.0092         33.0000         36.0000          4.0000         30.7505
  254         19.0092         34.0000         36.0000          4.0000         30.7505
  255         19.0092         35.0000         36.0000          4.0000         30.7505
  256         19.0092         36.0000         36.0000          4.0000         30.7505
  241         19.0092         33.0000         33.0000          4.0000         30.7500
  242         19.0092         34.0000         33.0000          4.0000         30.7500
  243         19.0092         35.0000         33.0000          4.0000         30.7500
  244         19.0092         36.0000         33.0000          4.0000         30.7500
  245         19.0092         33.0000         34.0000          4.0000         30.7500
  246         19.0092         34.0000         34.0000          4.0000         30.7500
  247         19.0092         35.0000         34.0000          4.0000         30.7500
  248         19.0092         36.0000         34.0000          4.0000         30.7500
  249         19.0092         33.0000         35.0000          4.0000         30.7500
  250         19.0092         34.0000         35.0000          4.0000         30.7500
  251         19.0092         35.0000         35.0000          4.0000         30.7500
  252         19.0092         36.0000         35.0000          4.0000         30.7500
  253         19.0092         33.0000         36.0000          4.0000         30.7500
  254         19.0092         34.0000         36.0000          4.0000         30.7500
  255         19.0092         35.0000         36.0000          4.0000         30.7500
  256         19.0092         36.0000         36.0000          4.0000         30.7500
  241         20.0022         33.0000         33.0000          4.0000          7.4184
  242         20.0022         34.0000         33.0000          4.0000          7.4184
  243         20.0022         35.0000         33.0000          4.0000          7.4184
  244         20.0022         36.0000         33.0000          4.0000          7.4184
  245         20.0022         33.0000         34.0000          4.0000          7.4184
  246         20.0022         34.0000         34.0000          4.0000          7.4184
  247         20.0022         35.0000         34.0000          4.0000          7.4184
  248         20.0022         36.0000         34.0000          4.0000          7.4184
  249         20.0022         33.0000         35.0000          4.0000          7.4184
  250         20.0022         34.0000         35.0000          4.0000          7.4184
  251         20.0022         35.0000         35.0000          4.0000          7.4184
  252         20.0022         36.0000         35.0000          4.0000          7.4184
  253         20.0022         33.0000         36.0000          4.0000          7.4184
  254         20.0022         34.0000         36.0000          4.0000          7.4184
  255         20.0022         35.0000         36.0000          4.0000          7.4184
  256         20.0022         36.0000         36.0000          4.0000          7.4184
  241         20.0022         33.0000         33.0000          4.0000          7.4133
  242         20.0022         34.0000         33.0000          4.0000          7.4133
  243         20.0022         35.0000         33.0000          4.0000          7.4133
  244         20.0022         36.0000         33.0000          4.0000          7.4133
  245         20.0022         33.0000         34.0000          4.0000          7.4133
  246         20.0022         34.0000         34.0000          4.0000          7.4133
  247         20.0022         35.0000         34.0000          4.0000          7.4133
  248         20.0022         36.0000         34.0000          4.0000          7.4133
  249         20.0022         33.0000         35.0000          4.0000          7.4133
  250         20.0022         34.0000         35.0000          4.0000          7.4133
  251         20.0022         35.0000         35.0000          4.0000          7.4133
  252         20.0022         36.0000         35.0000          4.0000          7.4133
  253         20.0022         33.0000         36.0000          4.0000          7.4133
  254         20.0022         34.0000         36.0000          4.0000          7.4133
  255         20.0022         35.0000         36.0000          4.0000          7.4133
  256         20.0022         36.0000         36.0000          4.0000          7.4133
  241         21.0060         33.0000         33.0000          4.0000          1.0149
  242         21.0060         34.0000         33.0000          4.0000          1.0149
  243         21.0060         35.0000         33.0000          4.0000          1.0149
  244         21.0060         36.0000         33.0000          4.0000          1.0149
  245         21.0060         33.0000         34.0000          4.0000          1.0149
  246         21.0060         34.0000         34.0000          4.0000          1.0149
  247         21.0060         35.0000         34.0000          4.0000          1.0149
  248         21.0060         36.0000         34.0000          4.0000          1.0149
  249         21.0060         33.0000         35.0000          4.0000          1.0149
  250         21.0060         34.0000         35.0000          4.0000          1.0149
  251         21.0060         35.0000         35.0000          4.0000          1.0149
  252         21.0060         36.0000         35.0000          4.0000          1.0149
  253         21.0060         33.0000         36.0000          4.0000          1.0149
  254         21.0060         34.0000         36.0000          4.0000          1.0149
  255         21.0060         35.0000         36.0000          4.0000          1.0149
  256         21.0060         36.0000         36.0000          4.0000          1.0149
  241         21.0060         33.0000         33.0000          4.0000          1.0162
  242         21.0060         34.0000         33.0000          4.0000          1.0162
  243         21.0060         35.0000         33.0000          4.0000          1.0162
  244         21.0060         36.0000         33.0000          4.0000          1.0162
  245         21.0060         33.0000         34.0000          4.0000          1.0162
  246         21.0060         34.0000         34.0000          4.0000          1.0162
  247         21.0060         35.0000         34.0000          4.0000          1.0162
  248         21.0060         36.0000         34.0000          4.0000          1.0162
  249         21.0060         33.0000         35.0000          4.0000          1.0162
  250         21.0060         34.0000         35.0000          4.0000          1.0162
  251         21.0060         35.0000         35.0000          4.0000          1.0162
  252         21.0060         36.0000         35.0000          4.0000          1.0162
  253         21.0060         33.0000         36.0000          4.0000          1.0162
  254         21.0060         34.0000         36.0000          4.0000          1.0162
  255         21.0060         35.0000         36.0000          4.0000          1.0162
  256         21.0060         36.0000         36.0000          4.0000          1.0162
  241         22.0097         33.0000         33.0000          4.0000         -0.7429
  242         22.0097         34.0000         33.0000          4.0000         -0.7429
  243         22.0097         35.0000         33.0000          4.0000         -0.7429
  244         22.0097         36.0000         33.0000          4.0000         -0.7429
  245         22.0097         33.0000         34.0000          4.0000         -0.7429
  246         22.0097         34.0000         34.0000          4.0000         -0.7429
  247         22.0097         35.0000         34.0000          4.0000         -0.7429
  248         22.0097         36.0000         34.0000          4.0000         -0.7429
  249         22.0097         33.0000         35.0000          4.0000         -0.7429
  250         22.0097         34.0000         35.0000          4.0000         -0.7429
  251         22.0097         35.0000         35.0000          4.0000         -0.7429
  252         22.0097         36.0000         35.0000          4.0000         -0.7429
  253         22.0097         33.0000         36.0000          4.0000         -0.7429
  254         22.0097         34.0000         36.0000          4.0000         -0.7429
  255         22.0097         35.0000         36.0000          4.0000         -0.7429
  256         22.0097         36.0000         36.0000          4.0000         -0.7429
  241         22.0097         33.0000         33.0000          4.0000         -0.7453
  242         22.0097         34.0000         33.0000          4.0000         -0.7453
  243         22.0097         35.0000         33.0000          4.0000         -0.7453
  244         22.0097         36.0000         33.0000          4.0000         -0.7453
  245         22.0097         33.0000         34.0000          4.0000         -0.7453
  246         22.0097         34.0000         34.0000          4.0000         -0.7453
  247         22.0097         35.0000         34.0000          4.0000         -0.7453
  248         22.0097         36.0000         34.0000          4.0000         -0.7453
  249         22.0097         33.0000         35.0000          4.0000         -0.7453
  250         22.0097         34.0000         35.0000          4.0000         -0.7453
  251         22.0097         35.0000         35.0000          4.0000         -0.7453
  252         22.0097         36.0000         35.0000          4.0000         -0.7453
  253         22.0097         33.0000         36.0000          4.0000         -0.7453
  254         22.0097         34.0000         36.0000          4.0000         -0.7453
  255         22.0097         35.0000         36.0000          4.0000         -0.7453
  256         22.0097         36.0000         36.0000          4.0000         -0.7453
  241         23.0112         33.0000         33.0000          4.0000         -1.4440
  242         23.0112         34.0000         33.0000          4.0000         -1.4440
  243         23.0112         35.0000         33.0000          4.0000         -1.4440
  244         23.0112         36.0000         33.0000          4.0000         -1.4440
  245         23.0112         33.0000         34.0000          4.0000         -1.4440
  246         23.0112         34.0000         34.0000          4.0000         -1.4440
  247         23.0112         35.0000         34.0000          4.0000         -1.4440
  248         23.0112         36.0000         34.0000          4.0000         -1.4440
  249         23.0112         33.0000         35.0000          4.0000         -1.4440
  250         23.0112         34.0000         35.0000          4.0000         -1.4440
  251         23.0112         35.0000         35.0000          4.0000         -1.4440
  252         23.0112         36.0000         35.0000          4.0000         -1.4440
  253         23.0112         33.0000         36.0000          4.0000         -1.4440
  254         23.0112         34.0000         36.0000          4.0000         -1.4440
  255         23.0112         35.0000         36.0000          4.0000         -1.4440
  256         23.0112         36.0000         36.0000          4.0000         -1.4440
  241         23.0112         33.0000         33.0000          4.0000         -1.4504
  242         23.0112         34.0000         33.0000          4.0000         -1.4504
  243         23.0112         35.0000         33.0000          4.0000         -1.4504
  244         23.0112         36.0000         33.0000          4.0000         -1.4504
  245         23.0112         33.0000         34.0000          4.0000         -1.4504
  246         23.0112         34.0000         34.0000          4.0000         -1.4504
  247         23.0112         35.0000         34.0000          4.0000         -1.4504
  248         23.0112         36.0000         34.0000          4.0000         -1.4504
  249         23.0112         33.0000         35.0000          4.0000         -1.4504
  250         23.0112         34.0000         35.0000          4.0000         -1.4504
  251         23.0112         35.0000         35.0000          4.0000         -1.4504
  252         23.0112         36.0000         35.0000          4.0000         -1.4504
  253         23.0112         33.0000         36.0000          4.0000         -1.4504
  254         23.0112         34.0000         36.0000          4.0000         -1.4504
  255         23.0112         35.0000         36.0000          4.0000         -1.4504
  256         23.0112         36.0000         36.0000          4.0000         -1.4504
