  241          1.0142         33.0000         33.0000          4.0000          0.0000
  242          1.0142         34.0000         33.0000          4.0000          0.0000
  243          1.0142         35.0000         33.0000          4.0000          0.0000
  244          1.0142         36.0000         33.0000          4.0000          0.0000
  245          1.0142         33.0000         34.0000          4.0000          0.0000
  246          1.0142         34.0000         34.0000          4.0000          0.0000
  247          1.0142         35.0000         34.0000          4.0000          0.0000
  248          1.0142         36.0000         34.0000          4.0000          0.0000
  249          1.0142         33.0000         35.0000          4.0000          0.0000
  250          1.0142         34.0000         35.0000          4.0000          0.0000
  251          1.0142         35.0000         35.0000          4.0000          0.0000
  252          1.0142         36.0000         35.0000          4.0000          0.0000
  253          1.0142         33.0000         36.0000          4.0000          0.0000
  254          1.0142         34.0000         36.0000          4.0000          0.0000
  255          1.0142         35.0000         36.0000          4.0000          0.0000
  256          1.0142         36.0000         36.0000          4.0000          0.0000
  241          1.0142         33.0000         33.0000          4.0000          0.0000
  242          1.0142         34.0000         33.0000          4.0000          0.0000
  243          1.0142         35.0000         33.0000          4.0000          0.0000
  244          1.0142         36.0000         33.0000          4.0000          0.0000
  245          1.0142         33.0000         34.0000          4.0000          0.0000
  246          1.0142         34.0000         34.0000          4.0000          0.0000
  247          1.0142         35.0000         34.0000          4.0000          0.0000
  248          1.0142         36.0000         34.0000          4.0000          0.0000
  249          1.0142         33.0000         35.0000          4.0000          0.0000
  250          1.0142         34.0000         35.0000          4.0000          0.0000
  251          1.0142         35.0000         35.0000          4.0000          0.0000
  252          1.0142         36.0000         35.0000          4.0000          0.0000
  253          1.0142         33.0000         36.0000          4.0000          0.0000
  254          1.0142         34.0000         36.0000          4.0000          0.0000
  255          1.0142         35.0000         36.0000          4.0000          0.0000
  256          1.0142         36.0000         36.0000          4.0000          0.0000
  241          2.0285         33.0000         33.0000          4.0000          0.0000
  242          2.0285         34.0000         33.0000          4.0000          0.0000
  243          2.0285         35.0000         33.0000          4.0000          0.0000
  244          2.0285         36.0000         33.0000          4.0000          0.0000
  245          2.0285         33.0000         34.0000          4.0000          0.0000
  246          2.0285         34.0000         34.0000          4.0000          0.0000
  247          2.0285         35.0000         34.0000          4.0000          0.0000
  248          2.0285         36.0000         34.0000          4.0000          0.0000
  249          2.0285         33.0000         35.0000          4.0000          0.0000
  250          2.0285         34.0000         35.0000          4.0000          0.0000
  251          2.0285         35.0000         35.0000          4.0000          0.0000
  252          2.0285         36.0000         35.0000          4.0000          0.0000
  253          2.0285         33.0000         36.0000          4.0000          0.0000
  254          2.0285         34.0000         36.0000          4.0000          0.0000
  255          2.0285         35.0000         36.0000          4.0000          0.0000
  256          2.0285         36.0000         36.0000          4.0000          0.0000
  241          2.0285         33.0000         33.0000          4.0000          0.0000
  242          2.0285         34.0000         33.0000          4.0000          0.0000
  243          2.0285         35.0000         33.0000          4.0000          0.0000
  244          2.0285         36.0000         33.0000          4.0000          0.0000
  245          2.0285         33.0000         34.0000          4.0000          0.0000
  246          2.0285         34.0000         34.0000          4.0000          0.0000
  247          2.0285         35.0000         34.0000          4.0000          0.0000
  248          2.0285         36.0000         34.0000          4.0000          0.0000
  249          2.0285         33.0000         35.0000          4.0000          0.0000
  250          2.0285         34.0000         35.0000          4.0000          0.0000
  251          2.0285         35.0000         35.0000          4.0000          0.0000
  252          2.0285         36.0000         35.0000          4.0000          0.0000
  253          2.0285         33.0000         36.0000          4.0000          0.0000
  254          2.0285         34.0000         36.0000          4.0000          0.0000
  255          2.0285         35.0000         36.0000          4.0000          0.0000
  256          2.0285         36.0000         36.0000          4.0000          0.0000
  241          3.0037         33.0000         33.0000          4.0000          0.0000
  242          3.0037         34.0000         33.0000          4.0000          0.0000
  243          3.0037         35.0000         33.0000          4.0000          0.0000
  244          3.0037         36.0000         33.0000          4.0000          0.0000
  245          3.0037         33.0000         34.0000          4.0000          0.0000
  246          3.0037         34.0000         34.0000          4.0000          0.0000
  247          3.0037         35.0000         34.0000          4.0000          0.0000
  248          3.0037         36.0000         34.0000          4.0000          0.0000
  249          3.0037         33.0000         35.0000          4.0000          0.0000
  250          3.0037         34.0000         35.0000          4.0000          0.0000
  251          3.0037         35.0000         35.0000          4.0000          0.0000
  252          3.0037         36.0000         35.0000          4.0000          0.0000
  253          3.0037         33.0000         36.0000          4.0000          0.0000
  254          3.0037         34.0000         36.0000          4.0000          0.0000
  255          3.0037         35.0000         36.0000          4.0000          0.0000
  256          3.0037         36.0000         36.0000          4.0000          0.0000
  241          3.0037         33.0000         33.0000          4.0000          0.0000
  242          3.0037         34.0000         33.0000          4.0000          0.0000
  243          3.0037         35.0000         33.0000          4.0000          0.0000
  244          3.0037         36.0000         33.0000          4.0000          0.0000
  245          3.0037         33.0000         34.0000          4.0000          0.0000
  246          3.0037         34.0000         34.0000          4.0000          0.0000
  247          3.0037         35.0000         34.0000          4.0000          0.0000
  248          3.0037         36.0000         34.0000          4.0000          0.0000
  249          3.0037         33.0000         35.0000          4.0000          0.0000
  250          3.0037         34.0000         35.0000          4.0000          0.0000
  251          3.0037         35.0000         35.0000          4.0000          0.0000
  252          3.0037         36.0000         35.0000          4.0000          0.0000
  253          3.0037         33.0000         36.0000          4.0000          0.0000
  254          3.0037         34.0000         36.0000          4.0000          0.0000
  255          3.0037         35.0000         36.0000          4.0000          0.0000
  256          3.0037         36.0000         36.0000          4.0000          0.0000
  241          4.0179         33.0000         33.0000          4.0000          0.0000
  242          4.0179         34.0000         33.0000          4.0000          0.0000
  243          4.0179         35.0000         33.0000          4.0000          0.0000
  244          4.0179         36.0000         33.0000          4.0000          0.0000
  245          4.0179         33.0000         34.0000          4.0000          0.0000
  246          4.0179         34.0000         34.0000          4.0000          0.0000
  247          4.0179         35.0000         34.0000          4.0000          0.0000
  248          4.0179         36.0000         34.0000          4.0000          0.0000
  249          4.0179         33.0000         35.0000          4.0000          0.0000
  250          4.0179         34.0000         35.0000          4.0000          0.0000
  251          4.0179         35.0000         35.0000          4.0000          0.0000
  252          4.0179         36.0000         35.0000          4.0000          0.0000
  253          4.0179         33.0000         36.0000          4.0000          0.0000
  254          4.0179         34.0000         36.0000          4.0000          0.0000
  255          4.0179         35.0000         36.0000          4.0000          0.0000
  256          4.0179         36.0000         36.0000          4.0000          0.0000
  241          4.0179         33.0000         33.0000          4.0000          0.0000
  242          4.0179         34.0000         33.0000          4.0000          0.0000
  243          4.0179         35.0000         33.0000          4.0000          0.0000
  244          4.0179         36.0000         33.0000          4.0000          0.0000
  245          4.0179         33.0000         34.0000          4.0000          0.0000
  246          4.0179         34.0000         34.0000          4.0000          0.0000
  247          4.0179         35.0000         34.0000          4.0000          0.0000
  248          4.0179         36.0000         34.0000          4.0000          0.0000
  249          4.0179         33.0000         35.0000          4.0000          0.0000
  250          4.0179         34.0000         35.0000          4.0000          0.0000
  251          4.0179         35.0000         35.0000          4.0000          0.0000
  252          4.0179         36.0000         35.0000          4.0000          0.0000
  253          4.0179         33.0000         36.0000          4.0000          0.0000
  254          4.0179         34.0000         36.0000          4.0000          0.0000
  255          4.0179         35.0000         36.0000          4.0000          0.0000
  256          4.0179         36.0000         36.0000          4.0000          0.0000
  241          5.0321         33.0000         33.0000          4.0000          0.0000
  242          5.0321         34.0000         33.0000          4.0000          0.0000
  243          5.0321         35.0000         33.0000          4.0000          0.0000
  244          5.0321         36.0000         33.0000          4.0000          0.0000
  245          5.0321         33.0000         34.0000          4.0000          0.0000
  246          5.0321         34.0000         34.0000          4.0000          0.0000
  247          5.0321         35.0000         34.0000          4.0000          0.0000
  248          5.0321         36.0000         34.0000          4.0000          0.0000
  249          5.0321         33.0000         35.0000          4.0000          0.0000
  250          5.0321         34.0000         35.0000          4.0000          0.0000
  251          5.0321         35.0000         35.0000          4.0000          0.0000
  252          5.0321         36.0000         35.0000          4.0000          0.0000
  253          5.0321         33.0000         36.0000          4.0000          0.0000
  254          5.0321         34.0000         36.0000          4.0000          0.0000
  255          5.0321         35.0000         36.0000          4.0000          0.0000
  256          5.0321         36.0000         36.0000          4.0000          0.0000
  241          5.0321         33.0000         33.0000          4.0000          0.0000
  242          5.0321         34.0000         33.0000          4.0000          0.0000
  243          5.0321         35.0000         33.0000          4.0000          0.0000
  244          5.0321         36.0000         33.0000          4.0000          0.0000
  245          5.0321         33.0000         34.0000          4.0000          0.0000
  246          5.0321         34.0000         34.0000          4.0000          0.0000
  247          5.0321         35.0000         34.0000          4.0000          0.0000
  248          5.0321         36.0000         34.0000          4.0000          0.0000
  249          5.0321         33.0000         35.0000          4.0000          0.0000
  250          5.0321         34.0000         35.0000          4.0000          0.0000
  251          5.0321         35.0000         35.0000          4.0000          0.0000
  252          5.0321         36.0000         35.0000          4.0000          0.0000
  253          5.0321         33.0000         36.0000          4.0000          0.0000
  254          5.0321         34.0000         36.0000          4.0000          0.0000
  255          5.0321         35.0000         36.0000          4.0000          0.0000
  256          5.0321         36.0000         36.0000          4.0000          0.0000
  241          6.0269         33.0000         33.0000          4.0000          0.0000
  242          6.0269         34.0000         33.0000          4.0000          0.0000
  243          6.0269         35.0000         33.0000          4.0000          0.0000
  244          6.0269         36.0000         33.0000          4.0000          0.0000
  245          6.0269         33.0000         34.0000          4.0000          0.0000
  246          6.0269         34.0000         34.0000          4.0000          0.0000
  247          6.0269         35.0000         34.0000          4.0000          0.0000
  248          6.0269         36.0000         34.0000          4.0000          0.0000
  249          6.0269         33.0000         35.0000          4.0000          0.0000
  250          6.0269         34.0000         35.0000          4.0000          0.0000
  251          6.0269         35.0000         35.0000          4.0000          0.0000
  252          6.0269         36.0000         35.0000          4.0000          0.0000
  253          6.0269         33.0000         36.0000          4.0000          0.0000
  254          6.0269         34.0000         36.0000          4.0000          0.0000
  255          6.0269         35.0000         36.0000          4.0000          0.0000
  256          6.0269         36.0000         36.0000          4.0000          0.0000
  241          6.0269         33.0000         33.0000          4.0000          0.0000
  242          6.0269         34.0000         33.0000          4.0000          0.0000
  243          6.0269         35.0000         33.0000          4.0000          0.0000
  244          6.0269         36.0000         33.0000          4.0000          0.0000
  245          6.0269         33.0000         34.0000          4.0000          0.0000
  246          6.0269         34.0000         34.0000          4.0000          0.0000
  247          6.0269         35.0000         34.0000          4.0000          0.0000
  248          6.0269         36.0000         34.0000          4.0000          0.0000
  249          6.0269         33.0000         35.0000          4.0000          0.0000
  250          6.0269         34.0000         35.0000          4.0000          0.0000
  251          6.0269         35.0000         35.0000          4.0000          0.0000
  252          6.0269         36.0000         35.0000          4.0000          0.0000
  253          6.0269         33.0000         36.0000          4.0000          0.0000
  254          6.0269         34.0000         36.0000          4.0000          0.0000
  255          6.0269         35.0000         36.0000          4.0000          0.0000
  256          6.0269         36.0000         36.0000          4.0000          0.0000
  241          7.0411         33.0000         33.0000          4.0000          0.7153
  242          7.0411         34.0000         33.0000          4.0000          0.7153
  243          7.0411         35.0000         33.0000          4.0000          0.7153
  244          7.0411         36.0000         33.0000          4.0000          0.7153
  245          7.0411         33.0000         34.0000          4.0000          0.7153
  246          7.0411         34.0000         34.0000          4.0000          0.7153
  247          7.0411         35.0000         34.0000          4.0000          0.7153
  248          7.0411         36.0000         34.0000          4.0000          0.7153
  249          7.0411         33.0000         35.0000          4.0000          0.7153
  250          7.0411         34.0000         35.0000          4.0000          0.7153
  251          7.0411         35.0000         35.0000          4.0000          0.7153
  252          7.0411         36.0000         35.0000          4.0000          0.7153
  253          7.0411         33.0000         36.0000          4.0000          0.7153
  254          7.0411         34.0000         36.0000          4.0000          0.7153
  255          7.0411         35.0000         36.0000          4.0000          0.7153
  256          7.0411         36.0000         36.0000          4.0000          0.7153
  241          7.0411         33.0000         33.0000          4.0000          0.7153
  242          7.0411         34.0000         33.0000          4.0000          0.7153
  243          7.0411         35.0000         33.0000          4.0000          0.7153
  244          7.0411         36.0000         33.0000          4.0000          0.7153
  245          7.0411         33.0000         34.0000          4.0000          0.7153
  246          7.0411         34.0000         34.0000          4.0000          0.7153
  247          7.0411         35.0000         34.0000          4.0000          0.7153
  248          7.0411         36.0000         34.0000          4.0000          0.7153
  249          7.0411         33.0000         35.0000          4.0000          0.7153
  250          7.0411         34.0000         35.0000          4.0000          0.7153
  251          7.0411         35.0000         35.0000          4.0000          0.7153
  252          7.0411         36.0000         35.0000          4.0000          0.7153
  253          7.0411         33.0000         36.0000          4.0000          0.7153
  254          7.0411         34.0000         36.0000          4.0000          0.7153
  255          7.0411         35.0000         36.0000          4.0000          0.7153
  256          7.0411         36.0000         36.0000          4.0000          0.7153
  241          8.0046         33.0000         33.0000          4.0000         17.8332
  242          8.0046         34.0000         33.0000          4.0000         17.8332
  243          8.0046         35.0000         33.0000          4.0000         17.8332
  244          8.0046         36.0000         33.0000          4.0000         17.8332
  245          8.0046         33.0000         34.0000          4.0000         17.8332
  246          8.0046         34.0000         34.0000          4.0000         17.8332
  247          8.0046         35.0000         34.0000          4.0000         17.8332
  248          8.0046         36.0000         34.0000          4.0000         17.8332
  249          8.0046         33.0000         35.0000          4.0000         17.8332
  250          8.0046         34.0000         35.0000          4.0000         17.8332
  251          8.0046         35.0000         35.0000          4.0000         17.8332
  252          8.0046         36.0000         35.0000          4.0000         17.8332
  253          8.0046         33.0000         36.0000          4.0000         17.8332
  254          8.0046         34.0000         36.0000          4.0000         17.8332
  255          8.0046         35.0000         36.0000          4.0000         17.8332
  256          8.0046         36.0000         36.0000          4.0000         17.8332
  241          8.0046         33.0000         33.0000          4.0000         17.8332
  242          8.0046         34.0000         33.0000          4.0000         17.8332
  243          8.0046         35.0000         33.0000          4.0000         17.8332
  244          8.0046         36.0000         33.0000          4.0000         17.8332
  245          8.0046         33.0000         34.0000          4.0000         17.8332
  246          8.0046         34.0000         34.0000          4.0000         17.8332
  247          8.0046         35.0000         34.0000          4.0000         17.8332
  248          8.0046         36.0000         34.0000          4.0000         17.8332
  249          8.0046         33.0000         35.0000          4.0000         17.8332
  250          8.0046         34.0000         35.0000          4.0000         17.8332
  251          8.0046         35.0000         35.0000          4.0000         17.8332
  252          8.0046         36.0000         35.0000          4.0000         17.8332
  253          8.0046         33.0000         36.0000          4.0000         17.8332
  254          8.0046         34.0000         36.0000          4.0000         17.8332
  255          8.0046         35.0000         36.0000          4.0000         17.8332
  256          8.0046         36.0000         36.0000          4.0000         17.8332
  241          8.0046         33.0000         33.0000          4.0000         17.8332
  242          8.0046         34.0000         33.0000          4.0000         17.8332
  243          8.0046         35.0000         33.0000          4.0000         17.8332
  244          8.0046         36.0000         33.0000          4.0000         17.8332
  245          8.0046         33.0000         34.0000          4.0000         17.8332
  246          8.0046         34.0000         34.0000          4.0000         17.8332
  247          8.0046         35.0000         34.0000          4.0000         17.8332
  248          8.0046         36.0000         34.0000          4.0000         17.8332
  249          8.0046         33.0000         35.0000          4.0000         17.8332
  250          8.0046         34.0000         35.0000          4.0000         17.8332
  251          8.0046         35.0000         35.0000          4.0000         17.8332
  252          8.0046         36.0000         35.0000          4.0000         17.8332
  253          8.0046         33.0000         36.0000          4.0000         17.8332
  254          8.0046         34.0000         36.0000          4.0000         17.8332
  255          8.0046         35.0000         36.0000          4.0000         17.8332
  256          8.0046         36.0000         36.0000          4.0000         17.8332
  241          9.0117         33.0000         33.0000          4.0000        112.3441
  242          9.0117         34.0000         33.0000          4.0000        112.3441
  243          9.0117         35.0000         33.0000          4.0000        112.3441
  244          9.0117         36.0000         33.0000          4.0000        112.3441
  245          9.0117         33.0000         34.0000          4.0000        112.3441
  246          9.0117         34.0000         34.0000          4.0000        112.3441
  247          9.0117         35.0000         34.0000          4.0000        112.3441
  248          9.0117         36.0000         34.0000          4.0000        112.3441
  249          9.0117         33.0000         35.0000          4.0000        112.3441
  250          9.0117         34.0000         35.0000          4.0000        112.3441
  251          9.0117         35.0000         35.0000          4.0000        112.3441
  252          9.0117         36.0000         35.0000          4.0000        112.3441
  253          9.0117         33.0000         36.0000          4.0000        112.3441
  254          9.0117         34.0000         36.0000          4.0000        112.3441
  255          9.0117         35.0000         36.0000          4.0000        112.3441
  256          9.0117         36.0000         36.0000          4.0000        112.3441
  241          9.0117         33.0000         33.0000          4.0000        112.3441
  242          9.0117         34.0000         33.0000          4.0000        112.3441
  243          9.0117         35.0000         33.0000          4.0000        112.3441
  244          9.0117         36.0000         33.0000          4.0000        112.3441
  245          9.0117         33.0000         34.0000          4.0000        112.3441
  246          9.0117         34.0000         34.0000          4.0000        112.3441
  247          9.0117         35.0000         34.0000          4.0000        112.3441
  248          9.0117         36.0000         34.0000          4.0000        112.3441
  249          9.0117         33.0000         35.0000          4.0000        112.3441
  250          9.0117         34.0000         35.0000          4.0000        112.3441
  251          9.0117         35.0000         35.0000          4.0000        112.3441
  252          9.0117         36.0000         35.0000          4.0000        112.3441
  253          9.0117         33.0000         36.0000          4.0000        112.3441
  254          9.0117         34.0000         36.0000          4.0000        112.3441
  255          9.0117         35.0000         36.0000          4.0000        112.3441
  256          9.0117         36.0000         36.0000          4.0000        112.3441
  241          9.0117         33.0000         33.0000          4.0000        112.3441
  242          9.0117         34.0000         33.0000          4.0000        112.3441
  243          9.0117         35.0000         33.0000          4.0000        112.3441
  244          9.0117         36.0000         33.0000          4.0000        112.3441
  245          9.0117         33.0000         34.0000          4.0000        112.3441
  246          9.0117         34.0000         34.0000          4.0000        112.3441
  247          9.0117         35.0000         34.0000          4.0000        112.3441
  248          9.0117         36.0000         34.0000          4.0000        112.3441
  249          9.0117         33.0000         35.0000          4.0000        112.3441
  250          9.0117         34.0000         35.0000          4.0000        112.3441
  251          9.0117         35.0000         35.0000          4.0000        112.3441
  252          9.0117         36.0000         35.0000          4.0000        112.3441
  253          9.0117         33.0000         36.0000          4.0000        112.3441
  254          9.0117         34.0000         36.0000          4.0000        112.3441
  255          9.0117         35.0000         36.0000          4.0000        112.3441
  256          9.0117         36.0000         36.0000          4.0000        112.3441
  241         10.0022         33.0000         33.0000          4.0000        225.7813
  242         10.0022         34.0000         33.0000          4.0000        225.7813
  243         10.0022         35.0000         33.0000          4.0000        225.7813
  244         10.0022         36.0000         33.0000          4.0000        225.7813
  245         10.0022         33.0000         34.0000          4.0000        225.7813
  246         10.0022         34.0000         34.0000          4.0000        225.7813
  247         10.0022         35.0000         34.0000          4.0000        225.7813
  248         10.0022         36.0000         34.0000          4.0000        225.7813
  249         10.0022         33.0000         35.0000          4.0000        225.7813
  250         10.0022         34.0000         35.0000          4.0000        225.7813
  251         10.0022         35.0000         35.0000          4.0000        225.7813
  252         10.0022         36.0000         35.0000          4.0000        225.7813
  253         10.0022         33.0000         36.0000          4.0000        225.7813
  254         10.0022         34.0000         36.0000          4.0000        225.7813
  255         10.0022         35.0000         36.0000          4.0000        225.7813
  256         10.0022         36.0000         36.0000          4.0000        225.7813
  241         10.0022         33.0000         33.0000          4.0000        225.7813
  242         10.0022         34.0000         33.0000          4.0000        225.7813
  243         10.0022         35.0000         33.0000          4.0000        225.7813
  244         10.0022         36.0000         33.0000          4.0000        225.7813
  245         10.0022         33.0000         34.0000          4.0000        225.7813
  246         10.0022         34.0000         34.0000          4.0000        225.7813
  247         10.0022         35.0000         34.0000          4.0000        225.7813
  248         10.0022         36.0000         34.0000          4.0000        225.7813
  249         10.0022         33.0000         35.0000          4.0000        225.7813
  250         10.0022         34.0000         35.0000          4.0000        225.7813
  251         10.0022         35.0000         35.0000          4.0000        225.7813
  252         10.0022         36.0000         35.0000          4.0000        225.7813
  253         10.0022         33.0000         36.0000          4.0000        225.7813
  254         10.0022         34.0000         36.0000          4.0000        225.7813
  255         10.0022         35.0000         36.0000          4.0000        225.7813
  256         10.0022         36.0000         36.0000          4.0000        225.7813
  241         10.0022         33.0000         33.0000          4.0000        225.7813
  242         10.0022         34.0000         33.0000          4.0000        225.7813
  243         10.0022         35.0000         33.0000          4.0000        225.7813
  244         10.0022         36.0000         33.0000          4.0000        225.7813
  245         10.0022         33.0000         34.0000          4.0000        225.7813
  246         10.0022         34.0000         34.0000          4.0000        225.7813
  247         10.0022         35.0000         34.0000          4.0000        225.7813
  248         10.0022         36.0000         34.0000          4.0000        225.7813
  249         10.0022         33.0000         35.0000          4.0000        225.7813
  250         10.0022         34.0000         35.0000          4.0000        225.7813
  251         10.0022         35.0000         35.0000          4.0000        225.7813
  252         10.0022         36.0000         35.0000          4.0000        225.7813
  253         10.0022         33.0000         36.0000          4.0000        225.7813
  254         10.0022         34.0000         36.0000          4.0000        225.7813
  255         10.0022         35.0000         36.0000          4.0000        225.7813
  256         10.0022         36.0000         36.0000          4.0000        225.7813
  241         11.0065         33.0000         33.0000          4.0000        308.9982
  242         11.0065         34.0000         33.0000          4.0000        308.9982
  243         11.0065         35.0000         33.0000          4.0000        308.9982
  244         11.0065         36.0000         33.0000          4.0000        308.9982
  245         11.0065         33.0000         34.0000          4.0000        308.9982
  246         11.0065         34.0000         34.0000          4.0000        308.9982
  247         11.0065         35.0000         34.0000          4.0000        308.9982
  248         11.0065         36.0000         34.0000          4.0000        308.9982
  249         11.0065         33.0000         35.0000          4.0000        308.9982
  250         11.0065         34.0000         35.0000          4.0000        308.9982
  251         11.0065         35.0000         35.0000          4.0000        308.9982
  252         11.0065         36.0000         35.0000          4.0000        308.9982
  253         11.0065         33.0000         36.0000          4.0000        308.9982
  254         11.0065         34.0000         36.0000          4.0000        308.9982
  255         11.0065         35.0000         36.0000          4.0000        308.9982
  256         11.0065         36.0000         36.0000          4.0000        308.9982
  241         11.0065         33.0000         33.0000          4.0000        308.9982
  242         11.0065         34.0000         33.0000          4.0000        308.9982
  243         11.0065         35.0000         33.0000          4.0000        308.9982
  244         11.0065         36.0000         33.0000          4.0000        308.9982
  245         11.0065         33.0000         34.0000          4.0000        308.9982
  246         11.0065         34.0000         34.0000          4.0000        308.9982
  247         11.0065         35.0000         34.0000          4.0000        308.9982
  248         11.0065         36.0000         34.0000          4.0000        308.9982
  249         11.0065         33.0000         35.0000          4.0000        308.9982
  250         11.0065         34.0000         35.0000          4.0000        308.9982
  251         11.0065         35.0000         35.0000          4.0000        308.9982
  252         11.0065         36.0000         35.0000          4.0000        308.9982
  253         11.0065         33.0000         36.0000          4.0000        308.9982
  254         11.0065         34.0000         36.0000          4.0000        308.9982
  255         11.0065         35.0000         36.0000          4.0000        308.9982
  256         11.0065         36.0000         36.0000          4.0000        308.9982
  241         11.0065         33.0000         33.0000          4.0000        308.9982
  242         11.0065         34.0000         33.0000          4.0000        308.9982
  243         11.0065         35.0000         33.0000          4.0000        308.9982
  244         11.0065         36.0000         33.0000          4.0000        308.9982
  245         11.0065         33.0000         34.0000          4.0000        308.9982
  246         11.0065         34.0000         34.0000          4.0000        308.9982
  247         11.0065         35.0000         34.0000          4.0000        308.9982
  248         11.0065         36.0000         34.0000          4.0000        308.9982
  249         11.0065         33.0000         35.0000          4.0000        308.9982
  250         11.0065         34.0000         35.0000          4.0000        308.9982
  251         11.0065         35.0000         35.0000          4.0000        308.9982
  252         11.0065         36.0000         35.0000          4.0000        308.9982
  253         11.0065         33.0000         36.0000          4.0000        308.9982
  254         11.0065         34.0000         36.0000          4.0000        308.9982
  255         11.0065         35.0000         36.0000          4.0000        308.9982
  256         11.0065         36.0000         36.0000          4.0000        308.9982
  241         12.0044         33.0000         33.0000          4.0000        400.3850
  242         12.0044         34.0000         33.0000          4.0000        400.3850
  243         12.0044         35.0000         33.0000          4.0000        400.3850
  244         12.0044         36.0000         33.0000          4.0000        400.3850
  245         12.0044         33.0000         34.0000          4.0000        400.3850
  246         12.0044         34.0000         34.0000          4.0000        400.3850
  247         12.0044         35.0000         34.0000          4.0000        400.3850
  248         12.0044         36.0000         34.0000          4.0000        400.3850
  249         12.0044         33.0000         35.0000          4.0000        400.3850
  250         12.0044         34.0000         35.0000          4.0000        400.3850
  251         12.0044         35.0000         35.0000          4.0000        400.3850
  252         12.0044         36.0000         35.0000          4.0000        400.3850
  253         12.0044         33.0000         36.0000          4.0000        400.3850
  254         12.0044         34.0000         36.0000          4.0000        400.3850
  255         12.0044         35.0000         36.0000          4.0000        400.3850
  256         12.0044         36.0000         36.0000          4.0000        400.3850
  241         12.0044         33.0000         33.0000          4.0000        400.3850
  242         12.0044         34.0000         33.0000          4.0000        400.3850
  243         12.0044         35.0000         33.0000          4.0000        400.3850
  244         12.0044         36.0000         33.0000          4.0000        400.3850
  245         12.0044         33.0000         34.0000          4.0000        400.3850
  246         12.0044         34.0000         34.0000          4.0000        400.3850
  247         12.0044         35.0000         34.0000          4.0000        400.3850
  248         12.0044         36.0000         34.0000          4.0000        400.3850
  249         12.0044         33.0000         35.0000          4.0000        400.3850
  250         12.0044         34.0000         35.0000          4.0000        400.3850
  251         12.0044         35.0000         35.0000          4.0000        400.3850
  252         12.0044         36.0000         35.0000          4.0000        400.3850
  253         12.0044         33.0000         36.0000          4.0000        400.3850
  254         12.0044         34.0000         36.0000          4.0000        400.3850
  255         12.0044         35.0000         36.0000          4.0000        400.3850
  256         12.0044         36.0000         36.0000          4.0000        400.3850
  241         12.0044         33.0000         33.0000          4.0000        400.3850
  242         12.0044         34.0000         33.0000          4.0000        400.3850
  243         12.0044         35.0000         33.0000          4.0000        400.3850
  244         12.0044         36.0000         33.0000          4.0000        400.3850
  245         12.0044         33.0000         34.0000          4.0000        400.3850
  246         12.0044         34.0000         34.0000          4.0000        400.3850
  247         12.0044         35.0000         34.0000          4.0000        400.3850
  248         12.0044         36.0000         34.0000          4.0000        400.3850
  249         12.0044         33.0000         35.0000          4.0000        400.3850
  250         12.0044         34.0000         35.0000          4.0000        400.3850
  251         12.0044         35.0000         35.0000          4.0000        400.3850
  252         12.0044         36.0000         35.0000          4.0000        400.3850
  253         12.0044         33.0000         36.0000          4.0000        400.3850
  254         12.0044         34.0000         36.0000          4.0000        400.3850
  255         12.0044         35.0000         36.0000          4.0000        400.3850
  256         12.0044         36.0000         36.0000          4.0000        400.3850
  241         12.0044         33.0000         33.0000          4.0000        400.3850
  242         12.0044         34.0000         33.0000          4.0000        400.3850
  243         12.0044         35.0000         33.0000          4.0000        400.3850
  244         12.0044         36.0000         33.0000          4.0000        400.3850
  245         12.0044         33.0000         34.0000          4.0000        400.3850
  246         12.0044         34.0000         34.0000          4.0000        400.3850
  247         12.0044         35.0000         34.0000          4.0000        400.3850
  248         12.0044         36.0000         34.0000          4.0000        400.3850
  249         12.0044         33.0000         35.0000          4.0000        400.3850
  250         12.0044         34.0000         35.0000          4.0000        400.3850
  251         12.0044         35.0000         35.0000          4.0000        400.3850
  252         12.0044         36.0000         35.0000          4.0000        400.3850
  253         12.0044         33.0000         36.0000          4.0000        400.3850
  254         12.0044         34.0000         36.0000          4.0000        400.3850
  255         12.0044         35.0000         36.0000          4.0000        400.3850
  256         12.0044         36.0000         36.0000          4.0000        400.3850
  241         13.0152         33.0000         33.0000          4.0000        441.1987
  242         13.0152         34.0000         33.0000          4.0000        441.1987
  243         13.0152         35.0000         33.0000          4.0000        441.1987
  244         13.0152         36.0000         33.0000          4.0000        441.1987
  245         13.0152         33.0000         34.0000          4.0000        441.1987
  246         13.0152         34.0000         34.0000          4.0000        441.1987
  247         13.0152         35.0000         34.0000          4.0000        441.1987
  248         13.0152         36.0000         34.0000          4.0000        441.1987
  249         13.0152         33.0000         35.0000          4.0000        441.1987
  250         13.0152         34.0000         35.0000          4.0000        441.1987
  251         13.0152         35.0000         35.0000          4.0000        441.1987
  252         13.0152         36.0000         35.0000          4.0000        441.1987
  253         13.0152         33.0000         36.0000          4.0000        441.1987
  254         13.0152         34.0000         36.0000          4.0000        441.1987
  255         13.0152         35.0000         36.0000          4.0000        441.1987
  256         13.0152         36.0000         36.0000          4.0000        441.1987
  241         13.0152         33.0000         33.0000          4.0000        441.1987
  242         13.0152         34.0000         33.0000          4.0000        441.1987
  243         13.0152         35.0000         33.0000          4.0000        441.1987
  244         13.0152         36.0000         33.0000          4.0000        441.1987
  245         13.0152         33.0000         34.0000          4.0000        441.1987
  246         13.0152         34.0000         34.0000          4.0000        441.1987
  247         13.0152         35.0000         34.0000          4.0000        441.1987
  248         13.0152         36.0000         34.0000          4.0000        441.1987
  249         13.0152         33.0000         35.0000          4.0000        441.1987
  250         13.0152         34.0000         35.0000          4.0000        441.1987
  251         13.0152         35.0000         35.0000          4.0000        441.1987
  252         13.0152         36.0000         35.0000          4.0000        441.1987
  253         13.0152         33.0000         36.0000          4.0000        441.1987
  254         13.0152         34.0000         36.0000          4.0000        441.1987
  255         13.0152         35.0000         36.0000          4.0000        441.1987
  256         13.0152         36.0000         36.0000          4.0000        441.1987
  241         14.0195         33.0000         33.0000          4.0000        376.9136
  242         14.0195         34.0000         33.0000          4.0000        376.9136
  243         14.0195         35.0000         33.0000          4.0000        376.9136
  244         14.0195         36.0000         33.0000          4.0000        376.9136
  245         14.0195         33.0000         34.0000          4.0000        376.9136
  246         14.0195         34.0000         34.0000          4.0000        376.9136
  247         14.0195         35.0000         34.0000          4.0000        376.9136
  248         14.0195         36.0000         34.0000          4.0000        376.9136
  249         14.0195         33.0000         35.0000          4.0000        376.9136
  250         14.0195         34.0000         35.0000          4.0000        376.9136
  251         14.0195         35.0000         35.0000          4.0000        376.9136
  252         14.0195         36.0000         35.0000          4.0000        376.9136
  253         14.0195         33.0000         36.0000          4.0000        376.9136
  254         14.0195         34.0000         36.0000          4.0000        376.9136
  255         14.0195         35.0000         36.0000          4.0000        376.9136
  256         14.0195         36.0000         36.0000          4.0000        376.9136
  241         14.0195         33.0000         33.0000          4.0000        376.9136
  242         14.0195         34.0000         33.0000          4.0000        376.9136
  243         14.0195         35.0000         33.0000          4.0000        376.9136
  244         14.0195         36.0000         33.0000          4.0000        376.9136
  245         14.0195         33.0000         34.0000          4.0000        376.9136
  246         14.0195         34.0000         34.0000          4.0000        376.9136
  247         14.0195         35.0000         34.0000          4.0000        376.9136
  248         14.0195         36.0000         34.0000          4.0000        376.9136
  249         14.0195         33.0000         35.0000          4.0000        376.9136
  250         14.0195         34.0000         35.0000          4.0000        376.9136
  251         14.0195         35.0000         35.0000          4.0000        376.9136
  252         14.0195         36.0000         35.0000          4.0000        376.9136
  253         14.0195         33.0000         36.0000          4.0000        376.9136
  254         14.0195         34.0000         36.0000          4.0000        376.9136
  255         14.0195         35.0000         36.0000          4.0000        376.9136
  256         14.0195         36.0000         36.0000          4.0000        376.9136
  241         14.0195         33.0000         33.0000          4.0000        376.9136
  242         14.0195         34.0000         33.0000          4.0000        376.9136
  243         14.0195         35.0000         33.0000          4.0000        376.9136
  244         14.0195         36.0000         33.0000          4.0000        376.9136
  245         14.0195         33.0000         34.0000          4.0000        376.9136
  246         14.0195         34.0000         34.0000          4.0000        376.9136
  247         14.0195         35.0000         34.0000          4.0000        376.9136
  248         14.0195         36.0000         34.0000          4.0000        376.9136
  249         14.0195         33.0000         35.0000          4.0000        376.9136
  250         14.0195         34.0000         35.0000          4.0000        376.9136
  251         14.0195         35.0000         35.0000          4.0000        376.9136
  252         14.0195         36.0000         35.0000          4.0000        376.9136
  253         14.0195         33.0000         36.0000          4.0000        376.9136
  254         14.0195         34.0000         36.0000          4.0000        376.9136
  255         14.0195         35.0000         36.0000          4.0000        376.9136
  256         14.0195         36.0000         36.0000          4.0000        376.9136
  241         15.0076         33.0000         33.0000          4.0000        412.2406
  242         15.0076         34.0000         33.0000          4.0000        412.2406
  243         15.0076         35.0000         33.0000          4.0000        412.2406
  244         15.0076         36.0000         33.0000          4.0000        412.2406
  245         15.0076         33.0000         34.0000          4.0000        412.2406
  246         15.0076         34.0000         34.0000          4.0000        412.2406
  247         15.0076         35.0000         34.0000          4.0000        412.2406
  248         15.0076         36.0000         34.0000          4.0000        412.2406
  249         15.0076         33.0000         35.0000          4.0000        412.2406
  250         15.0076         34.0000         35.0000          4.0000        412.2406
  251         15.0076         35.0000         35.0000          4.0000        412.2406
  252         15.0076         36.0000         35.0000          4.0000        412.2406
  253         15.0076         33.0000         36.0000          4.0000        412.2406
  254         15.0076         34.0000         36.0000          4.0000        412.2406
  255         15.0076         35.0000         36.0000          4.0000        412.2406
  256         15.0076         36.0000         36.0000          4.0000        412.2406
  241         15.0076         33.0000         33.0000          4.0000        412.2406
  242         15.0076         34.0000         33.0000          4.0000        412.2406
  243         15.0076         35.0000         33.0000          4.0000        412.2406
  244         15.0076         36.0000         33.0000          4.0000        412.2406
  245         15.0076         33.0000         34.0000          4.0000        412.2406
  246         15.0076         34.0000         34.0000          4.0000        412.2406
  247         15.0076         35.0000         34.0000          4.0000        412.2406
  248         15.0076         36.0000         34.0000          4.0000        412.2406
  249         15.0076         33.0000         35.0000          4.0000        412.2406
  250         15.0076         34.0000         35.0000          4.0000        412.2406
  251         15.0076         35.0000         35.0000          4.0000        412.2406
  252         15.0076         36.0000         35.0000          4.0000        412.2406
  253         15.0076         33.0000         36.0000          4.0000        412.2406
  254         15.0076         34.0000         36.0000          4.0000        412.2406
  255         15.0076         35.0000         36.0000          4.0000        412.2406
  256         15.0076         36.0000         36.0000          4.0000        412.2406
  241         15.0076         33.0000         33.0000          4.0000        412.2406
  242         15.0076         34.0000         33.0000          4.0000        412.2406
  243         15.0076         35.0000         33.0000          4.0000        412.2406
  244         15.0076         36.0000         33.0000          4.0000        412.2406
  245         15.0076         33.0000         34.0000          4.0000        412.2406
  246         15.0076         34.0000         34.0000          4.0000        412.2406
  247         15.0076         35.0000         34.0000          4.0000        412.2406
  248         15.0076         36.0000         34.0000          4.0000        412.2406
  249         15.0076         33.0000         35.0000          4.0000        412.2406
  250         15.0076         34.0000         35.0000          4.0000        412.2406
  251         15.0076         35.0000         35.0000          4.0000        412.2406
  252         15.0076         36.0000         35.0000          4.0000        412.2406
  253         15.0076         33.0000         36.0000          4.0000        412.2406
  254         15.0076         34.0000         36.0000          4.0000        412.2406
  255         15.0076         35.0000         36.0000          4.0000        412.2406
  256         15.0076         36.0000         36.0000          4.0000        412.2406
  241         16.0022         33.0000         33.0000          4.0000        339.2914
  242         16.0022         34.0000         33.0000          4.0000        339.2914
  243         16.0022         35.0000         33.0000          4.0000        339.2914
  244         16.0022         36.0000         33.0000          4.0000        339.2914
  245         16.0022         33.0000         34.0000          4.0000        339.2914
  246         16.0022         34.0000         34.0000          4.0000        339.2914
  247         16.0022         35.0000         34.0000          4.0000        339.2914
  248         16.0022         36.0000         34.0000          4.0000        339.2914
  249         16.0022         33.0000         35.0000          4.0000        339.2914
  250         16.0022         34.0000         35.0000          4.0000        339.2914
  251         16.0022         35.0000         35.0000          4.0000        339.2914
  252         16.0022         36.0000         35.0000          4.0000        339.2914
  253         16.0022         33.0000         36.0000          4.0000        339.2914
  254         16.0022         34.0000         36.0000          4.0000        339.2914
  255         16.0022         35.0000         36.0000          4.0000        339.2914
  256         16.0022         36.0000         36.0000          4.0000        339.2914
  241         16.0022         33.0000         33.0000          4.0000        339.2914
  242         16.0022         34.0000         33.0000          4.0000        339.2914
  243         16.0022         35.0000         33.0000          4.0000        339.2914
  244         16.0022         36.0000         33.0000          4.0000        339.2914
  245         16.0022         33.0000         34.0000          4.0000        339.2914
  246         16.0022         34.0000         34.0000          4.0000        339.2914
  247         16.0022         35.0000         34.0000          4.0000        339.2914
  248         16.0022         36.0000         34.0000          4.0000        339.2914
  249         16.0022         33.0000         35.0000          4.0000        339.2914
  250         16.0022         34.0000         35.0000          4.0000        339.2914
  251         16.0022         35.0000         35.0000          4.0000        339.2914
  252         16.0022         36.0000         35.0000          4.0000        339.2914
  253         16.0022         33.0000         36.0000          4.0000        339.2914
  254         16.0022         34.0000         36.0000          4.0000        339.2914
  255         16.0022         35.0000         36.0000          4.0000        339.2914
  256         16.0022         36.0000         36.0000          4.0000        339.2914
  241         16.0022         33.0000         33.0000          4.0000        339.2914
  242         16.0022         34.0000         33.0000          4.0000        339.2914
  243         16.0022         35.0000         33.0000          4.0000        339.2914
  244         16.0022         36.0000         33.0000          4.0000        339.2914
  245         16.0022         33.0000         34.0000          4.0000        339.2914
  246         16.0022         34.0000         34.0000          4.0000        339.2914
  247         16.0022         35.0000         34.0000          4.0000        339.2914
  248         16.0022         36.0000         34.0000          4.0000        339.2914
  249         16.0022         33.0000         35.0000          4.0000        339.2914
  250         16.0022         34.0000         35.0000          4.0000        339.2914
  251         16.0022         35.0000         35.0000          4.0000        339.2914
  252         16.0022         36.0000         35.0000          4.0000        339.2914
  253         16.0022         33.0000         36.0000          4.0000        339.2914
  254         16.0022         34.0000         36.0000          4.0000        339.2914
  255         16.0022         35.0000         36.0000          4.0000        339.2914
  256         16.0022         36.0000         36.0000          4.0000        339.2914
  241         17.0105         33.0000         33.0000          4.0000        196.0382
  242         17.0105         34.0000         33.0000          4.0000        196.0382
  243         17.0105         35.0000         33.0000          4.0000        196.0382
  244         17.0105         36.0000         33.0000          4.0000        196.0382
  245         17.0105         33.0000         34.0000          4.0000        196.0382
  246         17.0105         34.0000         34.0000          4.0000        196.0382
  247         17.0105         35.0000         34.0000          4.0000        196.0382
  248         17.0105         36.0000         34.0000          4.0000        196.0382
  249         17.0105         33.0000         35.0000          4.0000        196.0382
  250         17.0105         34.0000         35.0000          4.0000        196.0382
  251         17.0105         35.0000         35.0000          4.0000        196.0382
  252         17.0105         36.0000         35.0000          4.0000        196.0382
  253         17.0105         33.0000         36.0000          4.0000        196.0382
  254         17.0105         34.0000         36.0000          4.0000        196.0382
  255         17.0105         35.0000         36.0000          4.0000        196.0382
  256         17.0105         36.0000         36.0000          4.0000        196.0382
  241         17.0105         33.0000         33.0000          4.0000        196.0382
  242         17.0105         34.0000         33.0000          4.0000        196.0382
  243         17.0105         35.0000         33.0000          4.0000        196.0382
  244         17.0105         36.0000         33.0000          4.0000        196.0382
  245         17.0105         33.0000         34.0000          4.0000        196.0382
  246         17.0105         34.0000         34.0000          4.0000        196.0382
  247         17.0105         35.0000         34.0000          4.0000        196.0382
  248         17.0105         36.0000         34.0000          4.0000        196.0382
  249         17.0105         33.0000         35.0000          4.0000        196.0382
  250         17.0105         34.0000         35.0000          4.0000        196.0382
  251         17.0105         35.0000         35.0000          4.0000        196.0382
  252         17.0105         36.0000         35.0000          4.0000        196.0382
  253         17.0105         33.0000         36.0000          4.0000        196.0382
  254         17.0105         34.0000         36.0000          4.0000        196.0382
  255         17.0105         35.0000         36.0000          4.0000        196.0382
  256         17.0105         36.0000         36.0000          4.0000        196.0382
  241         17.0105         33.0000         33.0000          4.0000        196.0382
  242         17.0105         34.0000         33.0000          4.0000        196.0382
  243         17.0105         35.0000         33.0000          4.0000        196.0382
  244         17.0105         36.0000         33.0000          4.0000        196.0382
  245         17.0105         33.0000         34.0000          4.0000        196.0382
  246         17.0105         34.0000         34.0000          4.0000        196.0382
  247         17.0105         35.0000         34.0000          4.0000        196.0382
  248         17.0105         36.0000         34.0000          4.0000        196.0382
  249         17.0105         33.0000         35.0000          4.0000        196.0382
  250         17.0105         34.0000         35.0000          4.0000        196.0382
  251         17.0105         35.0000         35.0000          4.0000        196.0382
  252         17.0105         36.0000         35.0000          4.0000        196.0382
  253         17.0105         33.0000         36.0000          4.0000        196.0382
  254         17.0105         34.0000         36.0000          4.0000        196.0382
  255         17.0105         35.0000         36.0000          4.0000        196.0382
  256         17.0105         36.0000         36.0000          4.0000        196.0382
  241         18.0036         33.0000         33.0000          4.0000        123.8514
  242         18.0036         34.0000         33.0000          4.0000        123.8514
  243         18.0036         35.0000         33.0000          4.0000        123.8514
  244         18.0036         36.0000         33.0000          4.0000        123.8514
  245         18.0036         33.0000         34.0000          4.0000        123.8514
  246         18.0036         34.0000         34.0000          4.0000        123.8514
  247         18.0036         35.0000         34.0000          4.0000        123.8514
  248         18.0036         36.0000         34.0000          4.0000        123.8514
  249         18.0036         33.0000         35.0000          4.0000        123.8514
  250         18.0036         34.0000         35.0000          4.0000        123.8514
  251         18.0036         35.0000         35.0000          4.0000        123.8514
  252         18.0036         36.0000         35.0000          4.0000        123.8514
  253         18.0036         33.0000         36.0000          4.0000        123.8514
  254         18.0036         34.0000         36.0000          4.0000        123.8514
  255         18.0036         35.0000         36.0000          4.0000        123.8514
  256         18.0036         36.0000         36.0000          4.0000        123.8514
  241         18.0036         33.0000         33.0000          4.0000        123.8514
  242         18.0036         34.0000         33.0000          4.0000        123.8514
  243         18.0036         35.0000         33.0000          4.0000        123.8514
  244         18.0036         36.0000         33.0000          4.0000        123.8514
  245         18.0036         33.0000         34.0000          4.0000        123.8514
  246         18.0036         34.0000         34.0000          4.0000        123.8514
  247         18.0036         35.0000         34.0000          4.0000        123.8514
  248         18.0036         36.0000         34.0000          4.0000        123.8514
  249         18.0036         33.0000         35.0000          4.0000        123.8514
  250         18.0036         34.0000         35.0000          4.0000        123.8514
  251         18.0036         35.0000         35.0000          4.0000        123.8514
  252         18.0036         36.0000         35.0000          4.0000        123.8514
  253         18.0036         33.0000         36.0000          4.0000        123.8514
  254         18.0036         34.0000         36.0000          4.0000        123.8514
  255         18.0036         35.0000         36.0000          4.0000        123.8514
  256         18.0036         36.0000         36.0000          4.0000        123.8514
  241         18.0036         33.0000         33.0000          4.0000        123.8514
  242         18.0036         34.0000         33.0000          4.0000        123.8514
  243         18.0036         35.0000         33.0000          4.0000        123.8514
  244         18.0036         36.0000         33.0000          4.0000        123.8514
  245         18.0036         33.0000         34.0000          4.0000        123.8514
  246         18.0036         34.0000         34.0000          4.0000        123.8514
  247         18.0036         35.0000         34.0000          4.0000        123.8514
  248         18.0036         36.0000         34.0000          4.0000        123.8514
  249         18.0036         33.0000         35.0000          4.0000        123.8514
  250         18.0036         34.0000         35.0000          4.0000        123.8514
  251         18.0036         35.0000         35.0000          4.0000        123.8514
  252         18.0036         36.0000         35.0000          4.0000        123.8514
  253         18.0036         33.0000         36.0000          4.0000        123.8514
  254         18.0036         34.0000         36.0000          4.0000        123.8514
  255         18.0036         35.0000         36.0000          4.0000        123.8514
  256         18.0036         36.0000         36.0000          4.0000        123.8514
  241         19.0092         33.0000         33.0000          4.0000         27.9406
  242         19.0092         34.0000         33.0000          4.0000         27.9406
  243         19.0092         35.0000         33.0000          4.0000         27.9406
  244         19.0092         36.0000         33.0000          4.0000         27.9406
  245         19.0092         33.0000         34.0000          4.0000         27.9406
  246         19.0092         34.0000         34.0000          4.0000         27.9406
  247         19.0092         35.0000         34.0000          4.0000         27.9406
  248         19.0092         36.0000         34.0000          4.0000         27.9406
  249         19.0092         33.0000         35.0000          4.0000         27.9406
  250         19.0092         34.0000         35.0000          4.0000         27.9406
  251         19.0092         35.0000         35.0000          4.0000         27.9406
  252         19.0092         36.0000         35.0000          4.0000         27.9406
  253         19.0092         33.0000         36.0000          4.0000         27.9406
  254         19.0092         34.0000         36.0000          4.0000         27.9406
  255         19.0092         35.0000         36.0000          4.0000         27.9406
  256         19.0092         36.0000         36.0000          4.0000         27.9406
  241         19.0092         33.0000         33.0000          4.0000         27.9406
  242         19.0092         34.0000         33.0000          4.0000         27.9406
  243         19.0092         35.0000         33.0000          4.0000         27.9406
  244         19.0092         36.0000         33.0000          4.0000         27.9406
  245         19.0092         33.0000         34.0000          4.0000         27.9406
  246         19.0092         34.0000         34.0000          4.0000         27.9406
  247         19.0092         35.0000         34.0000          4.0000         27.9406
  248         19.0092         36.0000         34.0000          4.0000         27.9406
  249         19.0092         33.0000         35.0000          4.0000         27.9406
  250         19.0092         34.0000         35.0000          4.0000         27.9406
  251         19.0092         35.0000         35.0000          4.0000         27.9406
  252         19.0092         36.0000         35.0000          4.0000         27.9406
  253         19.0092         33.0000         36.0000          4.0000         27.9406
  254         19.0092         34.0000         36.0000          4.0000         27.9406
  255         19.0092         35.0000         36.0000          4.0000         27.9406
  256         19.0092         36.0000         36.0000          4.0000         27.9406
  241         20.0022         33.0000         33.0000          4.0000          0.0000
  242         20.0022         34.0000         33.0000          4.0000          0.0000
  243         20.0022         35.0000         33.0000          4.0000          0.0000
  244         20.0022         36.0000         33.0000          4.0000          0.0000
  245         20.0022         33.0000         34.0000          4.0000          0.0000
  246         20.0022         34.0000         34.0000          4.0000          0.0000
  247         20.0022         35.0000         34.0000          4.0000          0.0000
  248         20.0022         36.0000         34.0000          4.0000          0.0000
  249         20.0022         33.0000         35.0000          4.0000          0.0000
  250         20.0022         34.0000         35.0000          4.0000          0.0000
  251         20.0022         35.0000         35.0000          4.0000          0.0000
  252         20.0022         36.0000         35.0000          4.0000          0.0000
  253         20.0022         33.0000         36.0000          4.0000          0.0000
  254         20.0022         34.0000         36.0000          4.0000          0.0000
  255         20.0022         35.0000         36.0000          4.0000          0.0000
  256         20.0022         36.0000         36.0000          4.0000          0.0000
  241         20.0022         33.0000         33.0000          4.0000          0.0000
  242         20.0022         34.0000         33.0000          4.0000          0.0000
  243         20.0022         35.0000         33.0000          4.0000          0.0000
  244         20.0022         36.0000         33.0000          4.0000          0.0000
  245         20.0022         33.0000         34.0000          4.0000          0.0000
  246         20.0022         34.0000         34.0000          4.0000          0.0000
  247         20.0022         35.0000         34.0000          4.0000          0.0000
  248         20.0022         36.0000         34.0000          4.0000          0.0000
  249         20.0022         33.0000         35.0000          4.0000          0.0000
  250         20.0022         34.0000         35.0000          4.0000          0.0000
  251         20.0022         35.0000         35.0000          4.0000          0.0000
  252         20.0022         36.0000         35.0000          4.0000          0.0000
  253         20.0022         33.0000         36.0000          4.0000          0.0000
  254         20.0022         34.0000         36.0000          4.0000          0.0000
  255         20.0022         35.0000         36.0000          4.0000          0.0000
  256         20.0022         36.0000         36.0000          4.0000          0.0000
  241         21.0060         33.0000         33.0000          4.0000          0.0000
  242         21.0060         34.0000         33.0000          4.0000          0.0000
  243         21.0060         35.0000         33.0000          4.0000          0.0000
  244         21.0060         36.0000         33.0000          4.0000          0.0000
  245         21.0060         33.0000         34.0000          4.0000          0.0000
  246         21.0060         34.0000         34.0000          4.0000          0.0000
  247         21.0060         35.0000         34.0000          4.0000          0.0000
  248         21.0060         36.0000         34.0000          4.0000          0.0000
  249         21.0060         33.0000         35.0000          4.0000          0.0000
  250         21.0060         34.0000         35.0000          4.0000          0.0000
  251         21.0060         35.0000         35.0000          4.0000          0.0000
  252         21.0060         36.0000         35.0000          4.0000          0.0000
  253         21.0060         33.0000         36.0000          4.0000          0.0000
  254         21.0060         34.0000         36.0000          4.0000          0.0000
  255         21.0060         35.0000         36.0000          4.0000          0.0000
  256         21.0060         36.0000         36.0000          4.0000          0.0000
  241         21.0060         33.0000         33.0000          4.0000          0.0000
  242         21.0060         34.0000         33.0000          4.0000          0.0000
  243         21.0060         35.0000         33.0000          4.0000          0.0000
  244         21.0060         36.0000         33.0000          4.0000          0.0000
  245         21.0060         33.0000         34.0000          4.0000          0.0000
  246         21.0060         34.0000         34.0000          4.0000          0.0000
  247         21.0060         35.0000         34.0000          4.0000          0.0000
  248         21.0060         36.0000         34.0000          4.0000          0.0000
  249         21.0060         33.0000         35.0000          4.0000          0.0000
  250         21.0060         34.0000         35.0000          4.0000          0.0000
  251         21.0060         35.0000         35.0000          4.0000          0.0000
  252         21.0060         36.0000         35.0000          4.0000          0.0000
  253         21.0060         33.0000         36.0000          4.0000          0.0000
  254         21.0060         34.0000         36.0000          4.0000          0.0000
  255         21.0060         35.0000         36.0000          4.0000          0.0000
  256         21.0060         36.0000         36.0000          4.0000          0.0000
  241         22.0097         33.0000         33.0000          4.0000          0.0000
  242         22.0097         34.0000         33.0000          4.0000          0.0000
  243         22.0097         35.0000         33.0000          4.0000          0.0000
  244         22.0097         36.0000         33.0000          4.0000          0.0000
  245         22.0097         33.0000         34.0000          4.0000          0.0000
  246         22.0097         34.0000         34.0000          4.0000          0.0000
  247         22.0097         35.0000         34.0000          4.0000          0.0000
  248         22.0097         36.0000         34.0000          4.0000          0.0000
  249         22.0097         33.0000         35.0000          4.0000          0.0000
  250         22.0097         34.0000         35.0000          4.0000          0.0000
  251         22.0097         35.0000         35.0000          4.0000          0.0000
  252         22.0097         36.0000         35.0000          4.0000          0.0000
  253         22.0097         33.0000         36.0000          4.0000          0.0000
  254         22.0097         34.0000         36.0000          4.0000          0.0000
  255         22.0097         35.0000         36.0000          4.0000          0.0000
  256         22.0097         36.0000         36.0000          4.0000          0.0000
  241         22.0097         33.0000         33.0000          4.0000          0.0000
  242         22.0097         34.0000         33.0000          4.0000          0.0000
  243         22.0097         35.0000         33.0000          4.0000          0.0000
  244         22.0097         36.0000         33.0000          4.0000          0.0000
  245         22.0097         33.0000         34.0000          4.0000          0.0000
  246         22.0097         34.0000         34.0000          4.0000          0.0000
  247         22.0097         35.0000         34.0000          4.0000          0.0000
  248         22.0097         36.0000         34.0000          4.0000          0.0000
  249         22.0097         33.0000         35.0000          4.0000          0.0000
  250         22.0097         34.0000         35.0000          4.0000          0.0000
  251         22.0097         35.0000         35.0000          4.0000          0.0000
  252         22.0097         36.0000         35.0000          4.0000          0.0000
  253         22.0097         33.0000         36.0000          4.0000          0.0000
  254         22.0097         34.0000         36.0000          4.0000          0.0000
  255         22.0097         35.0000         36.0000          4.0000          0.0000
  256         22.0097         36.0000         36.0000          4.0000          0.0000
  241         23.0112         33.0000         33.0000          4.0000          0.0000
  242         23.0112         34.0000         33.0000          4.0000          0.0000
  243         23.0112         35.0000         33.0000          4.0000          0.0000
  244         23.0112         36.0000         33.0000          4.0000          0.0000
  245         23.0112         33.0000         34.0000          4.0000          0.0000
  246         23.0112         34.0000         34.0000          4.0000          0.0000
  247         23.0112         35.0000         34.0000          4.0000          0.0000
  248         23.0112         36.0000         34.0000          4.0000          0.0000
  249         23.0112         33.0000         35.0000          4.0000          0.0000
  250         23.0112         34.0000         35.0000          4.0000          0.0000
  251         23.0112         35.0000         35.0000          4.0000          0.0000
  252         23.0112         36.0000         35.0000          4.0000          0.0000
  253         23.0112         33.0000         36.0000          4.0000          0.0000
  254         23.0112         34.0000         36.0000          4.0000          0.0000
  255         23.0112         35.0000         36.0000          4.0000          0.0000
  256         23.0112         36.0000         36.0000          4.0000          0.0000
  241         23.0112         33.0000         33.0000          4.0000          0.0000
  242         23.0112         34.0000         33.0000          4.0000          0.0000
  243         23.0112         35.0000         33.0000          4.0000          0.0000
  244         23.0112         36.0000         33.0000          4.0000          0.0000
  245         23.0112         33.0000         34.0000          4.0000          0.0000
  246         23.0112         34.0000         34.0000          4.0000          0.0000
  247         23.0112         35.0000         34.0000          4.0000          0.0000
  248         23.0112         36.0000         34.0000          4.0000          0.0000
  249         23.0112         33.0000         35.0000          4.0000          0.0000
  250         23.0112         34.0000         35.0000          4.0000          0.0000
  251         23.0112         35.0000         35.0000          4.0000          0.0000
  252         23.0112         36.0000         35.0000          4.0000          0.0000
  253         23.0112         33.0000         36.0000          4.0000          0.0000
  254         23.0112         34.0000         36.0000          4.0000          0.0000
  255         23.0112         35.0000         36.0000          4.0000          0.0000
  256         23.0112         36.0000         36.0000          4.0000          0.0000
