  290          1.0142         34.0000         32.0000          1.0000         -5.3172
  291          1.0142         35.0000         32.0000          1.0000         -5.3827
  292          1.0142         36.0000         32.0000          1.0000         -5.4365
  294          1.0142         34.0000         32.0000          2.0000         -5.6389
  295          1.0142         35.0000         32.0000          2.0000         -5.6603
  296          1.0142         36.0000         32.0000          2.0000         -5.6889
  298          1.0142         34.0000         32.0000          3.0000         -5.9201
  299          1.0142         35.0000         32.0000          3.0000         -5.9288
  300          1.0142         36.0000         32.0000          3.0000         -5.9405
  302          1.0142         34.0000         32.0000          4.0000         -6.1822
  303          1.0142         35.0000         32.0000          4.0000         -6.1869
  304          1.0142         36.0000         32.0000          4.0000         -6.1964
  290          1.0142         34.0000         32.0000          1.0000         -5.3167
  291          1.0142         35.0000         32.0000          1.0000         -5.3817
  292          1.0142         36.0000         32.0000          1.0000         -5.4366
  294          1.0142         34.0000         32.0000          2.0000         -5.6417
  295          1.0142         35.0000         32.0000          2.0000         -5.6629
  296          1.0142         36.0000         32.0000          2.0000         -5.6918
  298          1.0142         34.0000         32.0000          3.0000         -5.9240
  299          1.0142         35.0000         32.0000          3.0000         -5.9326
  300          1.0142         36.0000         32.0000          3.0000         -5.9445
  302          1.0142         34.0000         32.0000          4.0000         -6.1865
  303          1.0142         35.0000         32.0000          4.0000         -6.1911
  304          1.0142         36.0000         32.0000          4.0000         -6.2007
  290          2.0285         34.0000         32.0000          1.0000         -5.8826
  291          2.0285         35.0000         32.0000          1.0000         -5.9476
  292          2.0285         36.0000         32.0000          1.0000         -6.0084
  294          2.0285         34.0000         32.0000          2.0000         -6.2417
  295          2.0285         35.0000         32.0000          2.0000         -6.2631
  296          2.0285         36.0000         32.0000          2.0000         -6.2943
  298          2.0285         34.0000         32.0000          3.0000         -6.5431
  299          2.0285         35.0000         32.0000          3.0000         -6.5518
  300          2.0285         36.0000         32.0000          3.0000         -6.5646
  302          2.0285         34.0000         32.0000          4.0000         -6.8222
  303          2.0285         35.0000         32.0000          4.0000         -6.8269
  304          2.0285         36.0000         32.0000          4.0000         -6.8372
  290          2.0285         34.0000         32.0000          1.0000         -5.8839
  291          2.0285         35.0000         32.0000          1.0000         -5.9484
  292          2.0285         36.0000         32.0000          1.0000         -6.0106
  294          2.0285         34.0000         32.0000          2.0000         -6.2471
  295          2.0285         35.0000         32.0000          2.0000         -6.2684
  296          2.0285         36.0000         32.0000          2.0000         -6.3000
  298          2.0285         34.0000         32.0000          3.0000         -6.5499
  299          2.0285         35.0000         32.0000          3.0000         -6.5585
  300          2.0285         36.0000         32.0000          3.0000         -6.5715
  302          2.0285         34.0000         32.0000          4.0000         -6.8295
  303          2.0285         35.0000         32.0000          4.0000         -6.8342
  304          2.0285         36.0000         32.0000          4.0000         -6.8445
  290          3.0037         34.0000         32.0000          1.0000         -4.6675
  291          3.0037         35.0000         32.0000          1.0000         -4.7228
  292          3.0037         36.0000         32.0000          1.0000         -4.7771
  294          3.0037         34.0000         32.0000          2.0000         -4.9673
  295          3.0037         35.0000         32.0000          2.0000         -4.9857
  296          3.0037         36.0000         32.0000          2.0000         -5.0130
  298          3.0037         34.0000         32.0000          3.0000         -5.2090
  299          3.0037         35.0000         32.0000          3.0000         -5.2165
  300          3.0037         36.0000         32.0000          3.0000         -5.2279
  302          3.0037         34.0000         32.0000          4.0000         -5.4218
  303          3.0037         35.0000         32.0000          4.0000         -5.4257
  304          3.0037         36.0000         32.0000          4.0000         -5.4345
  290          3.0037         34.0000         32.0000          1.0000         -4.6666
  291          3.0037         35.0000         32.0000          1.0000         -4.7214
  292          3.0037         36.0000         32.0000          1.0000         -4.7767
  294          3.0037         34.0000         32.0000          2.0000         -4.9690
  295          3.0037         35.0000         32.0000          2.0000         -4.9873
  296          3.0037         36.0000         32.0000          2.0000         -5.0149
  298          3.0037         34.0000         32.0000          3.0000         -5.2115
  299          3.0037         35.0000         32.0000          3.0000         -5.2189
  300          3.0037         36.0000         32.0000          3.0000         -5.2304
  302          3.0037         34.0000         32.0000          4.0000         -5.4245
  303          3.0037         35.0000         32.0000          4.0000         -5.4285
  304          3.0037         36.0000         32.0000          4.0000         -5.4374
  290          4.0179         34.0000         32.0000          1.0000         -4.9942
  291          4.0179         35.0000         32.0000          1.0000         -5.0504
  292          4.0179         36.0000         32.0000          1.0000         -5.1087
  294          4.0179         34.0000         32.0000          2.0000         -5.3026
  295          4.0179         35.0000         32.0000          2.0000         -5.3214
  296          4.0179         36.0000         32.0000          2.0000         -5.3501
  298          4.0179         34.0000         32.0000          3.0000         -5.5428
  299          4.0179         35.0000         32.0000          3.0000         -5.5503
  300          4.0179         36.0000         32.0000          3.0000         -5.5625
  302          4.0179         34.0000         32.0000          4.0000         -5.7517
  303          4.0179         35.0000         32.0000          4.0000         -5.7557
  304          4.0179         36.0000         32.0000          4.0000         -5.7648
  290          4.0179         34.0000         32.0000          1.0000         -4.9959
  291          4.0179         35.0000         32.0000          1.0000         -5.0518
  292          4.0179         36.0000         32.0000          1.0000         -5.1110
  294          4.0179         34.0000         32.0000          2.0000         -5.3070
  295          4.0179         35.0000         32.0000          2.0000         -5.3258
  296          4.0179         36.0000         32.0000          2.0000         -5.3548
  298          4.0179         34.0000         32.0000          3.0000         -5.5481
  299          4.0179         35.0000         32.0000          3.0000         -5.5557
  300          4.0179         36.0000         32.0000          3.0000         -5.5679
  302          4.0179         34.0000         32.0000          4.0000         -5.7574
  303          4.0179         35.0000         32.0000          4.0000         -5.7615
  304          4.0179         36.0000         32.0000          4.0000         -5.7706
  290          5.0321         34.0000         32.0000          1.0000         -5.0841
  291          5.0321         35.0000         32.0000          1.0000         -5.1396
  292          5.0321         36.0000         32.0000          1.0000         -5.2007
  294          5.0321         34.0000         32.0000          2.0000         -5.3998
  295          5.0321         35.0000         32.0000          2.0000         -5.4184
  296          5.0321         36.0000         32.0000          2.0000         -5.4480
  298          5.0321         34.0000         32.0000          3.0000         -5.6389
  299          5.0321         35.0000         32.0000          3.0000         -5.6464
  300          5.0321         36.0000         32.0000          3.0000         -5.6589
  302          5.0321         34.0000         32.0000          4.0000         -5.8447
  303          5.0321         35.0000         32.0000          4.0000         -5.8487
  304          5.0321         36.0000         32.0000          4.0000         -5.8579
  290          5.0321         34.0000         32.0000          1.0000         -5.0827
  291          5.0321         35.0000         32.0000          1.0000         -5.1378
  292          5.0321         36.0000         32.0000          1.0000         -5.1998
  294          5.0321         34.0000         32.0000          2.0000         -5.4009
  295          5.0321         35.0000         32.0000          2.0000         -5.4194
  296          5.0321         36.0000         32.0000          2.0000         -5.4493
  298          5.0321         34.0000         32.0000          3.0000         -5.6408
  299          5.0321         35.0000         32.0000          3.0000         -5.6483
  300          5.0321         36.0000         32.0000          3.0000         -5.6609
  302          5.0321         34.0000         32.0000          4.0000         -5.8470
  303          5.0321         35.0000         32.0000          4.0000         -5.8509
  304          5.0321         36.0000         32.0000          4.0000         -5.8602
  290          6.0269         34.0000         32.0000          1.0000         -4.7261
  291          6.0269         35.0000         32.0000          1.0000         -4.7791
  292          6.0269         36.0000         32.0000          1.0000         -4.8390
  294          6.0269         34.0000         32.0000          2.0000         -5.0243
  295          6.0269         35.0000         32.0000          2.0000         -5.0422
  296          6.0269         36.0000         32.0000          2.0000         -5.0709
  298          6.0269         34.0000         32.0000          3.0000         -5.2439
  299          6.0269         35.0000         32.0000          3.0000         -5.2510
  300          6.0269         36.0000         32.0000          3.0000         -5.2632
  302          6.0269         34.0000         32.0000          4.0000         -5.4303
  303          6.0269         35.0000         32.0000          4.0000         -5.4341
  304          6.0269         36.0000         32.0000          4.0000         -5.4429
  290          6.0269         34.0000         32.0000          1.0000         -4.7263
  291          6.0269         35.0000         32.0000          1.0000         -4.7790
  292          6.0269         36.0000         32.0000          1.0000         -4.8398
  294          6.0269         34.0000         32.0000          2.0000         -5.0271
  295          6.0269         35.0000         32.0000          2.0000         -5.0449
  296          6.0269         36.0000         32.0000          2.0000         -5.0738
  298          6.0269         34.0000         32.0000          3.0000         -5.2474
  299          6.0269         35.0000         32.0000          3.0000         -5.2545
  300          6.0269         36.0000         32.0000          3.0000         -5.2669
  302          6.0269         34.0000         32.0000          4.0000         -5.4342
  303          6.0269         35.0000         32.0000          4.0000         -5.4379
  304          6.0269         36.0000         32.0000          4.0000         -5.4468
  290          7.0411         34.0000         32.0000          1.0000         -4.3525
  291          7.0411         35.0000         32.0000          1.0000         -4.4031
  292          7.0411         36.0000         32.0000          1.0000         -4.4617
  294          7.0411         34.0000         32.0000          2.0000         -4.6351
  295          7.0411         35.0000         32.0000          2.0000         -4.6522
  296          7.0411         36.0000         32.0000          2.0000         -4.6799
  298          7.0411         34.0000         32.0000          3.0000         -4.8375
  299          7.0411         35.0000         32.0000          3.0000         -4.8443
  300          7.0411         36.0000         32.0000          3.0000         -4.8562
  302          7.0411         34.0000         32.0000          4.0000         -5.0070
  303          7.0411         35.0000         32.0000          4.0000         -5.0106
  304          7.0411         36.0000         32.0000          4.0000         -5.0191
  290          7.0411         34.0000         32.0000          1.0000         -4.3088
  291          7.0411         35.0000         32.0000          1.0000         -4.3589
  292          7.0411         36.0000         32.0000          1.0000         -4.4175
  294          7.0411         34.0000         32.0000          2.0000         -4.5906
  295          7.0411         35.0000         32.0000          2.0000         -4.6076
  296          7.0411         36.0000         32.0000          2.0000         -4.6352
  298          7.0411         34.0000         32.0000          3.0000         -4.7920
  299          7.0411         35.0000         32.0000          3.0000         -4.7987
  300          7.0411         36.0000         32.0000          3.0000         -4.8106
  302          7.0411         34.0000         32.0000          4.0000         -4.9606
  303          7.0411         35.0000         32.0000          4.0000         -4.9641
  304          7.0411         36.0000         32.0000          4.0000         -4.9725
  290          8.0046         34.0000         32.0000          1.0000         -0.5597
  291          8.0046         35.0000         32.0000          1.0000         -0.5892
  292          8.0046         36.0000         32.0000          1.0000         -0.6104
  294          8.0046         34.0000         32.0000          2.0000         -0.5904
  295          8.0046         35.0000         32.0000          2.0000         -0.6003
  296          8.0046         36.0000         32.0000          2.0000         -0.6105
  298          8.0046         34.0000         32.0000          3.0000         -0.5909
  299          8.0046         35.0000         32.0000          3.0000         -0.5947
  300          8.0046         36.0000         32.0000          3.0000         -0.6001
  302          8.0046         34.0000         32.0000          4.0000         -0.5795
  303          8.0046         35.0000         32.0000          4.0000         -0.5814
  304          8.0046         36.0000         32.0000          4.0000         -0.5843
  290          8.0046         34.0000         32.0000          1.0000         -0.5142
  291          8.0046         35.0000         32.0000          1.0000         -0.5427
  292          8.0046         36.0000         32.0000          1.0000         -0.5634
  294          8.0046         34.0000         32.0000          2.0000         -0.5435
  295          8.0046         35.0000         32.0000          2.0000         -0.5530
  296          8.0046         36.0000         32.0000          2.0000         -0.5630
  298          8.0046         34.0000         32.0000          3.0000         -0.5435
  299          8.0046         35.0000         32.0000          3.0000         -0.5472
  300          8.0046         36.0000         32.0000          3.0000         -0.5524
  302          8.0046         34.0000         32.0000          4.0000         -0.5322
  303          8.0046         35.0000         32.0000          4.0000         -0.5341
  304          8.0046         36.0000         32.0000          4.0000         -0.5369
  290          8.0046         34.0000         32.0000          1.0000         -0.5091
  291          8.0046         35.0000         32.0000          1.0000         -0.5372
  292          8.0046         36.0000         32.0000          1.0000         -0.5581
  294          8.0046         34.0000         32.0000          2.0000         -0.5393
  295          8.0046         35.0000         32.0000          2.0000         -0.5487
  296          8.0046         36.0000         32.0000          2.0000         -0.5587
  298          8.0046         34.0000         32.0000          3.0000         -0.5397
  299          8.0046         35.0000         32.0000          3.0000         -0.5434
  300          8.0046         36.0000         32.0000          3.0000         -0.5486
  302          8.0046         34.0000         32.0000          4.0000         -0.5287
  303          8.0046         35.0000         32.0000          4.0000         -0.5306
  304          8.0046         36.0000         32.0000          4.0000         -0.5334
  290          9.0117         34.0000         32.0000          1.0000         20.7992
  291          9.0117         35.0000         32.0000          1.0000         21.0644
  292          9.0117         36.0000         32.0000          1.0000         21.2389
  294          9.0117         34.0000         32.0000          2.0000         22.2498
  295          9.0117         35.0000         32.0000          2.0000         22.2877
  296          9.0117         36.0000         32.0000          2.0000         22.3563
  298          9.0117         34.0000         32.0000          3.0000         23.3261
  299          9.0117         35.0000         32.0000          3.0000         23.3322
  300          9.0117         36.0000         32.0000          3.0000         23.3421
  302          9.0117         34.0000         32.0000          4.0000         24.3077
  303          9.0117         35.0000         32.0000          4.0000         24.3059
  304          9.0117         36.0000         32.0000          4.0000         24.3167
  290          9.0117         34.0000         32.0000          1.0000         20.9470
  291          9.0117         35.0000         32.0000          1.0000         21.2187
  292          9.0117         36.0000         32.0000          1.0000         21.3950
  294          9.0117         34.0000         32.0000          2.0000         22.4051
  295          9.0117         35.0000         32.0000          2.0000         22.4441
  296          9.0117         36.0000         32.0000          2.0000         22.5134
  298          9.0117         34.0000         32.0000          3.0000         23.4835
  299          9.0117         35.0000         32.0000          3.0000         23.4898
  300          9.0117         36.0000         32.0000          3.0000         23.4998
  302          9.0117         34.0000         32.0000          4.0000         24.4656
  303          9.0117         35.0000         32.0000          4.0000         24.4639
  304          9.0117         36.0000         32.0000          4.0000         24.4747
  290          9.0117         34.0000         32.0000          1.0000         20.9606
  291          9.0117         35.0000         32.0000          1.0000         21.2334
  292          9.0117         36.0000         32.0000          1.0000         21.4091
  294          9.0117         34.0000         32.0000          2.0000         22.4163
  295          9.0117         35.0000         32.0000          2.0000         22.4556
  296          9.0117         36.0000         32.0000          2.0000         22.5247
  298          9.0117         34.0000         32.0000          3.0000         23.4932
  299          9.0117         35.0000         32.0000          3.0000         23.4996
  300          9.0117         36.0000         32.0000          3.0000         23.5096
  302          9.0117         34.0000         32.0000          4.0000         24.4743
  303          9.0117         35.0000         32.0000          4.0000         24.4726
  304          9.0117         36.0000         32.0000          4.0000         24.4834
  290         10.0022         34.0000         32.0000          1.0000         59.1666
  291         10.0022         35.0000         32.0000          1.0000         60.3709
  292         10.0022         36.0000         32.0000          1.0000         60.9645
  294         10.0022         34.0000         32.0000          2.0000         63.1620
  295         10.0022         35.0000         32.0000          2.0000         63.3732
  296         10.0022         36.0000         32.0000          2.0000         63.6372
  298         10.0022         34.0000         32.0000          3.0000         65.8035
  299         10.0022         35.0000         32.0000          3.0000         65.8661
  300         10.0022         36.0000         32.0000          3.0000         65.9439
  302         10.0022         34.0000         32.0000          4.0000         68.1846
  303         10.0022         35.0000         32.0000          4.0000         68.2075
  304         10.0022         36.0000         32.0000          4.0000         68.2657
  290         10.0022         34.0000         32.0000          1.0000         59.4180
  291         10.0022         35.0000         32.0000          1.0000         60.6324
  292         10.0022         36.0000         32.0000          1.0000         61.2282
  294         10.0022         34.0000         32.0000          2.0000         63.4243
  295         10.0022         35.0000         32.0000          2.0000         63.6374
  296         10.0022         36.0000         32.0000          2.0000         63.9025
  298         10.0022         34.0000         32.0000          3.0000         66.0699
  299         10.0022         35.0000         32.0000          3.0000         66.1331
  300         10.0022         36.0000         32.0000          3.0000         66.2112
  302         10.0022         34.0000         32.0000          4.0000         68.4517
  303         10.0022         35.0000         32.0000          4.0000         68.4748
  304         10.0022         36.0000         32.0000          4.0000         68.5332
  290         10.0022         34.0000         32.0000          1.0000         59.4319
  291         10.0022         35.0000         32.0000          1.0000         60.6480
  292         10.0022         36.0000         32.0000          1.0000         61.2419
  294         10.0022         34.0000         32.0000          2.0000         63.4322
  295         10.0022         35.0000         32.0000          2.0000         63.6458
  296         10.0022         36.0000         32.0000          2.0000         63.9103
  298         10.0022         34.0000         32.0000          3.0000         66.0750
  299         10.0022         35.0000         32.0000          3.0000         66.1383
  300         10.0022         36.0000         32.0000          3.0000         66.2163
  302         10.0022         34.0000         32.0000          4.0000         68.4551
  303         10.0022         35.0000         32.0000          4.0000         68.4783
  304         10.0022         36.0000         32.0000          4.0000         68.5366
  290         11.0065         34.0000         32.0000          1.0000        103.0428
  291         11.0065         35.0000         32.0000          1.0000        104.3476
  292         11.0065         36.0000         32.0000          1.0000        105.8570
  294         11.0065         34.0000         32.0000          2.0000        109.8164
  295         11.0065         35.0000         32.0000          2.0000        110.0932
  296         11.0065         36.0000         32.0000          2.0000        110.5810
  298         11.0065         34.0000         32.0000          3.0000        114.3935
  299         11.0065         35.0000         32.0000          3.0000        114.4819
  300         11.0065         36.0000         32.0000          3.0000        114.6261
  302         11.0065         34.0000         32.0000          4.0000        118.5406
  303         11.0065         35.0000         32.0000          4.0000        118.5756
  304         11.0065         36.0000         32.0000          4.0000        118.6843
  290         11.0065         34.0000         32.0000          1.0000        103.2208
  291         11.0065         35.0000         32.0000          1.0000        104.5321
  292         11.0065         36.0000         32.0000          1.0000        106.0454
  294         11.0065         34.0000         32.0000          2.0000        109.9985
  295         11.0065         35.0000         32.0000          2.0000        110.2769
  296         11.0065         36.0000         32.0000          2.0000        110.7657
  298         11.0065         34.0000         32.0000          3.0000        114.5743
  299         11.0065         35.0000         32.0000          3.0000        114.6632
  300         11.0065         36.0000         32.0000          3.0000        114.8079
  302         11.0065         34.0000         32.0000          4.0000        118.7186
  303         11.0065         35.0000         32.0000          4.0000        118.7539
  304         11.0065         36.0000         32.0000          4.0000        118.8627
  290         11.0065         34.0000         32.0000          1.0000        103.2363
  291         11.0065         35.0000         32.0000          1.0000        104.5486
  292         11.0065         36.0000         32.0000          1.0000        106.0610
  294         11.0065         34.0000         32.0000          2.0000        110.0110
  295         11.0065         35.0000         32.0000          2.0000        110.2896
  296         11.0065         36.0000         32.0000          2.0000        110.7781
  298         11.0065         34.0000         32.0000          3.0000        114.5852
  299         11.0065         35.0000         32.0000          3.0000        114.6742
  300         11.0065         36.0000         32.0000          3.0000        114.8188
  302         11.0065         34.0000         32.0000          4.0000        118.7284
  303         11.0065         35.0000         32.0000          4.0000        118.7637
  304         11.0065         36.0000         32.0000          4.0000        118.8725
  290         12.0044         34.0000         32.0000          1.0000        126.0973
  291         12.0044         35.0000         32.0000          1.0000        126.6325
  292         12.0044         36.0000         32.0000          1.0000        128.8562
  294         12.0044         34.0000         32.0000          2.0000        134.7297
  295         12.0044         35.0000         32.0000          2.0000        134.8662
  296         12.0044         36.0000         32.0000          2.0000        135.4458
  298         12.0044         34.0000         32.0000          3.0000        139.9488
  299         12.0044         35.0000         32.0000          3.0000        140.0045
  300         12.0044         36.0000         32.0000          3.0000        140.1791
  302         12.0044         34.0000         32.0000          4.0000        144.5003
  303         12.0044         35.0000         32.0000          4.0000        144.5319
  304         12.0044         36.0000         32.0000          4.0000        144.6650
  290         12.0044         34.0000         32.0000          1.0000        126.4411
  291         12.0044         35.0000         32.0000          1.0000        126.5197
  292         12.0044         36.0000         32.0000          1.0000        127.5681
  294         12.0044         34.0000         32.0000          2.0000        134.9475
  295         12.0044         35.0000         32.0000          2.0000        134.8787
  296         12.0044         36.0000         32.0000          2.0000        135.2500
  298         12.0044         34.0000         32.0000          3.0000        140.0957
  299         12.0044         35.0000         32.0000          3.0000        140.0808
  300         12.0044         36.0000         32.0000          3.0000        140.2008
  302         12.0044         34.0000         32.0000          4.0000        144.6193
  303         12.0044         35.0000         32.0000          4.0000        144.6273
  304         12.0044         36.0000         32.0000          4.0000        144.7407
  290         12.0044         34.0000         32.0000          1.0000        126.4663
  291         12.0044         35.0000         32.0000          1.0000        126.5140
  292         12.0044         36.0000         32.0000          1.0000        127.4855
  294         12.0044         34.0000         32.0000          2.0000        134.9637
  295         12.0044         35.0000         32.0000          2.0000        134.8797
  296         12.0044         36.0000         32.0000          2.0000        135.2347
  298         12.0044         34.0000         32.0000          3.0000        140.1069
  299         12.0044         35.0000         32.0000          3.0000        140.0856
  300         12.0044         36.0000         32.0000          3.0000        140.2003
  302         12.0044         34.0000         32.0000          4.0000        144.6283
  303         12.0044         35.0000         32.0000          4.0000        144.6335
  304         12.0044         36.0000         32.0000          4.0000        144.7444
  290         12.0044         34.0000         32.0000          1.0000        126.4689
  291         12.0044         35.0000         32.0000          1.0000        126.5159
  292         12.0044         36.0000         32.0000          1.0000        127.4876
  294         12.0044         34.0000         32.0000          2.0000        134.9649
  295         12.0044         35.0000         32.0000          2.0000        134.8809
  296         12.0044         36.0000         32.0000          2.0000        135.2357
  298         12.0044         34.0000         32.0000          3.0000        140.1078
  299         12.0044         35.0000         32.0000          3.0000        140.0864
  300         12.0044         36.0000         32.0000          3.0000        140.2010
  302         12.0044         34.0000         32.0000          4.0000        144.6290
  303         12.0044         35.0000         32.0000          4.0000        144.6341
  304         12.0044         36.0000         32.0000          4.0000        144.7449
  290         13.0152         34.0000         32.0000          1.0000        136.1546
  291         13.0152         35.0000         32.0000          1.0000        136.2825
  292         13.0152         36.0000         32.0000          1.0000        137.8664
  294         13.0152         34.0000         32.0000          2.0000        145.8622
  295         13.0152         35.0000         32.0000          2.0000        145.8560
  296         13.0152         36.0000         32.0000          2.0000        146.3761
  298         13.0152         34.0000         32.0000          3.0000        151.2245
  299         13.0152         35.0000         32.0000          3.0000        151.2268
  300         13.0152         36.0000         32.0000          3.0000        151.4062
  302         13.0152         34.0000         32.0000          4.0000        155.7933
  303         13.0152         35.0000         32.0000          4.0000        155.8063
  304         13.0152         36.0000         32.0000          4.0000        155.9447
  290         13.0152         34.0000         32.0000          1.0000        136.1344
  291         13.0152         35.0000         32.0000          1.0000        136.2621
  292         13.0152         36.0000         32.0000          1.0000        137.8400
  294         13.0152         34.0000         32.0000          2.0000        145.8244
  295         13.0152         35.0000         32.0000          2.0000        145.8184
  296         13.0152         36.0000         32.0000          2.0000        146.3367
  298         13.0152         34.0000         32.0000          3.0000        151.1825
  299         13.0152         35.0000         32.0000          3.0000        151.1849
  300         13.0152         36.0000         32.0000          3.0000        151.3636
  302         13.0152         34.0000         32.0000          4.0000        155.7505
  303         13.0152         35.0000         32.0000          4.0000        155.7636
  304         13.0152         36.0000         32.0000          4.0000        155.9017
  290         14.0195         34.0000         32.0000          1.0000        157.7532
  291         14.0195         35.0000         32.0000          1.0000        157.7786
  292         14.0195         36.0000         32.0000          1.0000        159.1653
  294         14.0195         34.0000         32.0000          2.0000        168.0577
  295         14.0195         35.0000         32.0000          2.0000        168.0385
  296         14.0195         36.0000         32.0000          2.0000        168.5920
  298         14.0195         34.0000         32.0000          3.0000        174.6189
  299         14.0195         35.0000         32.0000          3.0000        174.6233
  300         14.0195         36.0000         32.0000          3.0000        174.8067
  302         14.0195         34.0000         32.0000          4.0000        180.3809
  303         14.0195         35.0000         32.0000          4.0000        180.3952
  304         14.0195         36.0000         32.0000          4.0000        180.5501
  290         14.0195         34.0000         32.0000          1.0000        158.6617
  291         14.0195         35.0000         32.0000          1.0000        158.6893
  292         14.0195         36.0000         32.0000          1.0000        160.1007
  294         14.0195         34.0000         32.0000          2.0000        169.0327
  295         14.0195         35.0000         32.0000          2.0000        169.0142
  296         14.0195         36.0000         32.0000          2.0000        169.5773
  298         14.0195         34.0000         32.0000          3.0000        175.6001
  299         14.0195         35.0000         32.0000          3.0000        175.6050
  300         14.0195         36.0000         32.0000          3.0000        175.7925
  302         14.0195         34.0000         32.0000          4.0000        181.3495
  303         14.0195         35.0000         32.0000          4.0000        181.3643
  304         14.0195         36.0000         32.0000          4.0000        181.5209
  290         14.0195         34.0000         32.0000          1.0000        158.7302
  291         14.0195         35.0000         32.0000          1.0000        158.7600
  292         14.0195         36.0000         32.0000          1.0000        160.1681
  294         14.0195         34.0000         32.0000          2.0000        169.0904
  295         14.0195         35.0000         32.0000          2.0000        169.0727
  296         14.0195         36.0000         32.0000          2.0000        169.6345
  298         14.0195         34.0000         32.0000          3.0000        175.6522
  299         14.0195         35.0000         32.0000          3.0000        175.6574
  300         14.0195         36.0000         32.0000          3.0000        175.8444
  302         14.0195         34.0000         32.0000          4.0000        181.3976
  303         14.0195         35.0000         32.0000          4.0000        181.4125
  304         14.0195         36.0000         32.0000          4.0000        181.5688
  290         15.0076         34.0000         32.0000          1.0000        111.8532
  291         15.0076         35.0000         32.0000          1.0000        111.4599
  292         15.0076         36.0000         32.0000          1.0000        112.2892
  294         15.0076         34.0000         32.0000          2.0000        119.9484
  295         15.0076         35.0000         32.0000          2.0000        119.7531
  296         15.0076         36.0000         32.0000          2.0000        120.0790
  298         15.0076         34.0000         32.0000          3.0000        124.2111
  299         15.0076         35.0000         32.0000          3.0000        124.1566
  300         15.0076         36.0000         32.0000          3.0000        124.2753
  302         15.0076         34.0000         32.0000          4.0000        127.6771
  303         15.0076         35.0000         32.0000          4.0000        127.6714
  304         15.0076         36.0000         32.0000          4.0000        127.7746
  290         15.0076         34.0000         32.0000          1.0000        110.8649
  291         15.0076         35.0000         32.0000          1.0000        110.4713
  292         15.0076         36.0000         32.0000          1.0000        111.2697
  294         15.0076         34.0000         32.0000          2.0000        118.8669
  295         15.0076         35.0000         32.0000          2.0000        118.6715
  296         15.0076         36.0000         32.0000          2.0000        118.9860
  298         15.0076         34.0000         32.0000          3.0000        123.1012
  299         15.0076         35.0000         32.0000          3.0000        123.0466
  300         15.0076         36.0000         32.0000          3.0000        123.1607
  302         15.0076         34.0000         32.0000          4.0000        126.5610
  303         15.0076         35.0000         32.0000          4.0000        126.5551
  304         15.0076         36.0000         32.0000          4.0000        126.6562
  290         15.0076         34.0000         32.0000          1.0000        110.7974
  291         15.0076         35.0000         32.0000          1.0000        110.4013
  292         15.0076         36.0000         32.0000          1.0000        111.2021
  294         15.0076         34.0000         32.0000          2.0000        118.8099
  295         15.0076         35.0000         32.0000          2.0000        118.6137
  296         15.0076         36.0000         32.0000          2.0000        118.9290
  298         15.0076         34.0000         32.0000          3.0000        123.0507
  299         15.0076         35.0000         32.0000          3.0000        122.9957
  300         15.0076         36.0000         32.0000          3.0000        123.1102
  302         15.0076         34.0000         32.0000          4.0000        126.5159
  303         15.0076         35.0000         32.0000          4.0000        126.5098
  304         15.0076         36.0000         32.0000          4.0000        126.6111
  290         16.0022         34.0000         32.0000          1.0000        115.1226
  291         16.0022         35.0000         32.0000          1.0000        113.7227
  292         16.0022         36.0000         32.0000          1.0000        114.2098
  294         16.0022         34.0000         32.0000          2.0000        121.9450
  295         16.0022         35.0000         32.0000          2.0000        121.6403
  296         16.0022         36.0000         32.0000          2.0000        121.8189
  298         16.0022         34.0000         32.0000          3.0000        125.9316
  299         16.0022         35.0000         32.0000          3.0000        125.8523
  300         16.0022         36.0000         32.0000          3.0000        125.9219
  302         16.0022         34.0000         32.0000          4.0000        129.3766
  303         16.0022         35.0000         32.0000          4.0000        129.3627
  304         16.0022         36.0000         32.0000          4.0000        129.4474
  290         16.0022         34.0000         32.0000          1.0000        114.9341
  291         16.0022         35.0000         32.0000          1.0000        113.5403
  292         16.0022         36.0000         32.0000          1.0000        114.0241
  294         16.0022         34.0000         32.0000          2.0000        121.7347
  295         16.0022         35.0000         32.0000          2.0000        121.4311
  296         16.0022         36.0000         32.0000          2.0000        121.6088
  298         16.0022         34.0000         32.0000          3.0000        125.7120
  299         16.0022         35.0000         32.0000          3.0000        125.6330
  300         16.0022         36.0000         32.0000          3.0000        125.7023
  302         16.0022         34.0000         32.0000          4.0000        129.1490
  303         16.0022         35.0000         32.0000          4.0000        129.1352
  304         16.0022         36.0000         32.0000          4.0000        129.2198
  290         16.0022         34.0000         32.0000          1.0000        114.9236
  291         16.0022         35.0000         32.0000          1.0000        113.5283
  292         16.0022         36.0000         32.0000          1.0000        114.0144
  294         16.0022         34.0000         32.0000          2.0000        121.7310
  295         16.0022         35.0000         32.0000          2.0000        121.4270
  296         16.0022         36.0000         32.0000          2.0000        121.6055
  298         16.0022         34.0000         32.0000          3.0000        125.7113
  299         16.0022         35.0000         32.0000          3.0000        125.6321
  300         16.0022         36.0000         32.0000          3.0000        125.7017
  302         16.0022         34.0000         32.0000          4.0000        129.1499
  303         16.0022         35.0000         32.0000          4.0000        129.1361
  304         16.0022         36.0000         32.0000          4.0000        129.2207
  290         17.0105         34.0000         32.0000          1.0000         90.2496
  291         17.0105         35.0000         32.0000          1.0000         89.6240
  292         17.0105         36.0000         32.0000          1.0000         90.0719
  294         17.0105         34.0000         32.0000          2.0000         95.3300
  295         17.0105         35.0000         32.0000          2.0000         95.2020
  296         17.0105         36.0000         32.0000          2.0000         95.3687
  298         17.0105         34.0000         32.0000          3.0000         98.8248
  299         17.0105         35.0000         32.0000          3.0000         98.7915
  300         17.0105         36.0000         32.0000          3.0000         98.8439
  302         17.0105         34.0000         32.0000          4.0000        101.9510
  303         17.0105         35.0000         32.0000          4.0000        101.9461
  304         17.0105         36.0000         32.0000          4.0000        102.0133
  290         17.0105         34.0000         32.0000          1.0000         90.9386
  291         17.0105         35.0000         32.0000          1.0000         90.3152
  292         17.0105         36.0000         32.0000          1.0000         90.7770
  294         17.0105         34.0000         32.0000          2.0000         96.0600
  295         17.0105         35.0000         32.0000          2.0000         95.9330
  296         17.0105         36.0000         32.0000          2.0000         96.1051
  298         17.0105         34.0000         32.0000          3.0000         99.5687
  299         17.0105         35.0000         32.0000          3.0000         99.5359
  300         17.0105         36.0000         32.0000          3.0000         99.5905
  302         17.0105         34.0000         32.0000          4.0000        102.7011
  303         17.0105         35.0000         32.0000          4.0000        102.6964
  304         17.0105         36.0000         32.0000          4.0000        102.7648
  290         17.0105         34.0000         32.0000          1.0000         90.9893
  291         17.0105         35.0000         32.0000          1.0000         90.3688
  292         17.0105         36.0000         32.0000          1.0000         90.8260
  294         17.0105         34.0000         32.0000          2.0000         96.0960
  295         17.0105         35.0000         32.0000          2.0000         95.9699
  296         17.0105         36.0000         32.0000          2.0000         96.1404
  298         17.0105         34.0000         32.0000          3.0000         99.5979
  299         17.0105         35.0000         32.0000          3.0000         99.5654
  300         17.0105         36.0000         32.0000          3.0000         99.6194
  302         17.0105         34.0000         32.0000          4.0000        102.7259
  303         17.0105         35.0000         32.0000          4.0000        102.7215
  304         17.0105         36.0000         32.0000          4.0000        102.7895
  290         18.0036         34.0000         32.0000          1.0000         54.6313
  291         18.0036         35.0000         32.0000          1.0000         54.1116
  292         18.0036         36.0000         32.0000          1.0000         54.3665
  294         18.0036         34.0000         32.0000          2.0000         57.3846
  295         18.0036         35.0000         32.0000          2.0000         57.3033
  296         18.0036         36.0000         32.0000          2.0000         57.3974
  298         18.0036         34.0000         32.0000          3.0000         59.3111
  299         18.0036         35.0000         32.0000          3.0000         59.2955
  300         18.0036         36.0000         32.0000          3.0000         59.3292
  302         18.0036         34.0000         32.0000          4.0000         61.0515
  303         18.0036         35.0000         32.0000          4.0000         61.0541
  304         18.0036         36.0000         32.0000          4.0000         61.0958
  290         18.0036         34.0000         32.0000          1.0000         54.1318
  291         18.0036         35.0000         32.0000          1.0000         53.6155
  292         18.0036         36.0000         32.0000          1.0000         53.8532
  294         18.0036         34.0000         32.0000          2.0000         56.8395
  295         18.0036         35.0000         32.0000          2.0000         56.7586
  296         18.0036         36.0000         32.0000          2.0000         56.8465
  298         18.0036         34.0000         32.0000          3.0000         58.7572
  299         18.0036         35.0000         32.0000          3.0000         58.7416
  300         18.0036         36.0000         32.0000          3.0000         58.7728
  302         18.0036         34.0000         32.0000          4.0000         60.5013
  303         18.0036         35.0000         32.0000          4.0000         60.5038
  304         18.0036         36.0000         32.0000          4.0000         60.5444
  290         18.0036         34.0000         32.0000          1.0000         54.0937
  291         18.0036         35.0000         32.0000          1.0000         53.5763
  292         18.0036         36.0000         32.0000          1.0000         53.8158
  294         18.0036         34.0000         32.0000          2.0000         56.8072
  295         18.0036         35.0000         32.0000          2.0000         56.7259
  296         18.0036         36.0000         32.0000          2.0000         56.8145
  298         18.0036         34.0000         32.0000          3.0000         58.7280
  299         18.0036         35.0000         32.0000          3.0000         58.7122
  300         18.0036         36.0000         32.0000          3.0000         58.7436
  302         18.0036         34.0000         32.0000          4.0000         60.4743
  303         18.0036         35.0000         32.0000          4.0000         60.4766
  304         18.0036         36.0000         32.0000          4.0000         60.5175
  290         19.0092         34.0000         32.0000          1.0000         16.9471
  291         19.0092         35.0000         32.0000          1.0000         16.7989
  292         19.0092         36.0000         32.0000          1.0000         16.8912
  294         19.0092         34.0000         32.0000          2.0000         17.7031
  295         19.0092         35.0000         32.0000          2.0000         17.6761
  296         19.0092         36.0000         32.0000          2.0000         17.7048
  298         19.0092         34.0000         32.0000          3.0000         18.1212
  299         19.0092         35.0000         32.0000          3.0000         18.1140
  300         19.0092         36.0000         32.0000          3.0000         18.1244
  302         19.0092         34.0000         32.0000          4.0000         18.4620
  303         19.0092         35.0000         32.0000          4.0000         18.4608
  304         19.0092         36.0000         32.0000          4.0000         18.4702
  290         19.0092         34.0000         32.0000          1.0000         16.9061
  291         19.0092         35.0000         32.0000          1.0000         16.7587
  292         19.0092         36.0000         32.0000          1.0000         16.8476
  294         19.0092         34.0000         32.0000          2.0000         17.6512
  295         19.0092         35.0000         32.0000          2.0000         17.6244
  296         19.0092         36.0000         32.0000          2.0000         17.6519
  298         19.0092         34.0000         32.0000          3.0000         18.0658
  299         19.0092         35.0000         32.0000          3.0000         18.0587
  300         19.0092         36.0000         32.0000          3.0000         18.0685
  302         19.0092         34.0000         32.0000          4.0000         18.4058
  303         19.0092         35.0000         32.0000          4.0000         18.4046
  304         19.0092         36.0000         32.0000          4.0000         18.4137
  290         20.0022         34.0000         32.0000          1.0000         -1.8906
  291         20.0022         35.0000         32.0000          1.0000         -1.9631
  292         20.0022         36.0000         32.0000          1.0000         -1.9718
  294         20.0022         34.0000         32.0000          2.0000         -2.0565
  295         20.0022         35.0000         32.0000          2.0000         -2.0752
  296         20.0022         36.0000         32.0000          2.0000         -2.0877
  298         20.0022         34.0000         32.0000          3.0000         -2.3235
  299         20.0022         35.0000         32.0000          3.0000         -2.3307
  300         20.0022         36.0000         32.0000          3.0000         -2.3345
  302         20.0022         34.0000         32.0000          4.0000         -2.6196
  303         20.0022         35.0000         32.0000          4.0000         -2.6231
  304         20.0022         36.0000         32.0000          4.0000         -2.6288
  290         20.0022         34.0000         32.0000          1.0000         -1.9213
  291         20.0022         35.0000         32.0000          1.0000         -1.9931
  292         20.0022         36.0000         32.0000          1.0000         -2.0044
  294         20.0022         34.0000         32.0000          2.0000         -2.0949
  295         20.0022         35.0000         32.0000          2.0000         -2.1134
  296         20.0022         36.0000         32.0000          2.0000         -2.1268
  298         20.0022         34.0000         32.0000          3.0000         -2.3643
  299         20.0022         35.0000         32.0000          3.0000         -2.3715
  300         20.0022         36.0000         32.0000          3.0000         -2.3756
  302         20.0022         34.0000         32.0000          4.0000         -2.6612
  303         20.0022         35.0000         32.0000          4.0000         -2.6647
  304         20.0022         36.0000         32.0000          4.0000         -2.6706
  290         21.0060         34.0000         32.0000          1.0000         -5.5289
  291         21.0060         35.0000         32.0000          1.0000         -5.5966
  292         21.0060         36.0000         32.0000          1.0000         -5.6286
  294         21.0060         34.0000         32.0000          2.0000         -5.8610
  295         21.0060         35.0000         32.0000          2.0000         -5.8812
  296         21.0060         36.0000         32.0000          2.0000         -5.9034
  298         21.0060         34.0000         32.0000          3.0000         -6.2409
  299         21.0060         35.0000         32.0000          3.0000         -6.2492
  300         21.0060         36.0000         32.0000          3.0000         -6.2569
  302         21.0060         34.0000         32.0000          4.0000         -6.6346
  303         21.0060         35.0000         32.0000          4.0000         -6.6391
  304         21.0060         36.0000         32.0000          4.0000         -6.6481
  290         21.0060         34.0000         32.0000          1.0000         -5.5437
  291         21.0060         35.0000         32.0000          1.0000         -5.6108
  292         21.0060         36.0000         32.0000          1.0000         -5.6452
  294         21.0060         34.0000         32.0000          2.0000         -5.8827
  295         21.0060         35.0000         32.0000          2.0000         -5.9027
  296         21.0060         36.0000         32.0000          2.0000         -5.9258
  298         21.0060         34.0000         32.0000          3.0000         -6.2647
  299         21.0060         35.0000         32.0000          3.0000         -6.2730
  300         21.0060         36.0000         32.0000          3.0000         -6.2810
  302         21.0060         34.0000         32.0000          4.0000         -6.6591
  303         21.0060         35.0000         32.0000          4.0000         -6.6636
  304         21.0060         36.0000         32.0000          4.0000         -6.6727
  290         22.0097         34.0000         32.0000          1.0000         -3.9999
  291         22.0097         35.0000         32.0000          1.0000         -4.0549
  292         22.0097         36.0000         32.0000          1.0000         -4.0888
  294         22.0097         34.0000         32.0000          2.0000         -4.2794
  295         22.0097         35.0000         32.0000          2.0000         -4.2968
  296         22.0097         36.0000         32.0000          2.0000         -4.3177
  298         22.0097         34.0000         32.0000          3.0000         -4.5721
  299         22.0097         35.0000         32.0000          3.0000         -4.5794
  300         22.0097         36.0000         32.0000          3.0000         -4.5872
  302         22.0097         34.0000         32.0000          4.0000         -4.8606
  303         22.0097         35.0000         32.0000          4.0000         -4.8646
  304         22.0097         36.0000         32.0000          4.0000         -4.8724
  290         22.0097         34.0000         32.0000          1.0000         -4.0111
  291         22.0097         35.0000         32.0000          1.0000         -4.0659
  292         22.0097         36.0000         32.0000          1.0000         -4.1011
  294         22.0097         34.0000         32.0000          2.0000         -4.2944
  295         22.0097         35.0000         32.0000          2.0000         -4.3119
  296         22.0097         36.0000         32.0000          2.0000         -4.3332
  298         22.0097         34.0000         32.0000          3.0000         -4.5886
  299         22.0097         35.0000         32.0000          3.0000         -4.5959
  300         22.0097         36.0000         32.0000          3.0000         -4.6038
  302         22.0097         34.0000         32.0000          4.0000         -4.8777
  303         22.0097         35.0000         32.0000          4.0000         -4.8817
  304         22.0097         36.0000         32.0000          4.0000         -4.8896
  290         23.0112         34.0000         32.0000          1.0000         -4.2806
  291         23.0112         35.0000         32.0000          1.0000         -4.3408
  292         23.0112         36.0000         32.0000          1.0000         -4.3817
  294         23.0112         34.0000         32.0000          2.0000         -4.5650
  295         23.0112         35.0000         32.0000          2.0000         -4.5845
  296         23.0112         36.0000         32.0000          2.0000         -4.6082
  298         23.0112         34.0000         32.0000          3.0000         -4.8452
  299         23.0112         35.0000         32.0000          3.0000         -4.8532
  300         23.0112         36.0000         32.0000          3.0000         -4.8626
  302         23.0112         34.0000         32.0000          4.0000         -5.1102
  303         23.0112         35.0000         32.0000          4.0000         -5.1146
  304         23.0112         36.0000         32.0000          4.0000         -5.1230
  290         23.0112         34.0000         32.0000          1.0000         -4.2854
  291         23.0112         35.0000         32.0000          1.0000         -4.3453
  292         23.0112         36.0000         32.0000          1.0000         -4.3872
  294         23.0112         34.0000         32.0000          2.0000         -4.5726
  295         23.0112         35.0000         32.0000          2.0000         -4.5921
  296         23.0112         36.0000         32.0000          2.0000         -4.6161
  298         23.0112         34.0000         32.0000          3.0000         -4.8538
  299         23.0112         35.0000         32.0000          3.0000         -4.8618
  300         23.0112         36.0000         32.0000          3.0000         -4.8713
  302         23.0112         34.0000         32.0000          4.0000         -5.1191
  303         23.0112         35.0000         32.0000          4.0000         -5.1235
  304         23.0112         36.0000         32.0000          4.0000         -5.1319
