  305          1.0142         32.0000         33.0000          1.0000          0.0000
  309          1.0142         32.0000         33.0000          2.0000          0.0000
  313          1.0142         32.0000         33.0000          3.0000          0.0000
  317          1.0142         32.0000         33.0000          4.0000          0.0000
  305          1.0142         32.0000         33.0000          1.0000          0.0000
  309          1.0142         32.0000         33.0000          2.0000          0.0000
  313          1.0142         32.0000         33.0000          3.0000          0.0000
  317          1.0142         32.0000         33.0000          4.0000          0.0000
  305          2.0285         32.0000         33.0000          1.0000          0.0000
  309          2.0285         32.0000         33.0000          2.0000          0.0000
  313          2.0285         32.0000         33.0000          3.0000          0.0000
  317          2.0285         32.0000         33.0000          4.0000          0.0000
  305          2.0285         32.0000         33.0000          1.0000          0.0000
  309          2.0285         32.0000         33.0000          2.0000          0.0000
  313          2.0285         32.0000         33.0000          3.0000          0.0000
  317          2.0285         32.0000         33.0000          4.0000          0.0000
  305          3.0037         32.0000         33.0000          1.0000          0.0000
  309          3.0037         32.0000         33.0000          2.0000          0.0000
  313          3.0037         32.0000         33.0000          3.0000          0.0000
  317          3.0037         32.0000         33.0000          4.0000          0.0000
  305          3.0037         32.0000         33.0000          1.0000          0.0000
  309          3.0037         32.0000         33.0000          2.0000          0.0000
  313          3.0037         32.0000         33.0000          3.0000          0.0000
  317          3.0037         32.0000         33.0000          4.0000          0.0000
  305          4.0179         32.0000         33.0000          1.0000          0.0000
  309          4.0179         32.0000         33.0000          2.0000          0.0000
  313          4.0179         32.0000         33.0000          3.0000          0.0000
  317          4.0179         32.0000         33.0000          4.0000          0.0000
  305          4.0179         32.0000         33.0000          1.0000          0.0000
  309          4.0179         32.0000         33.0000          2.0000          0.0000
  313          4.0179         32.0000         33.0000          3.0000          0.0000
  317          4.0179         32.0000         33.0000          4.0000          0.0000
  305          5.0321         32.0000         33.0000          1.0000          0.0000
  309          5.0321         32.0000         33.0000          2.0000          0.0000
  313          5.0321         32.0000         33.0000          3.0000          0.0000
  317          5.0321         32.0000         33.0000          4.0000          0.0000
  305          5.0321         32.0000         33.0000          1.0000          0.0000
  309          5.0321         32.0000         33.0000          2.0000          0.0000
  313          5.0321         32.0000         33.0000          3.0000          0.0000
  317          5.0321         32.0000         33.0000          4.0000          0.0000
  305          6.0269         32.0000         33.0000          1.0000          0.0000
  309          6.0269         32.0000         33.0000          2.0000          0.0000
  313          6.0269         32.0000         33.0000          3.0000          0.0000
  317          6.0269         32.0000         33.0000          4.0000          0.0000
  305          6.0269         32.0000         33.0000          1.0000          0.0000
  309          6.0269         32.0000         33.0000          2.0000          0.0000
  313          6.0269         32.0000         33.0000          3.0000          0.0000
  317          6.0269         32.0000         33.0000          4.0000          0.0000
  305          7.0411         32.0000         33.0000          1.0000          0.0578
  309          7.0411         32.0000         33.0000          2.0000          0.0611
  313          7.0411         32.0000         33.0000          3.0000          0.0640
  317          7.0411         32.0000         33.0000          4.0000          0.0669
  305          7.0411         32.0000         33.0000          1.0000          0.0578
  309          7.0411         32.0000         33.0000          2.0000          0.0611
  313          7.0411         32.0000         33.0000          3.0000          0.0640
  317          7.0411         32.0000         33.0000          4.0000          0.0669
  305          8.0046         32.0000         33.0000          1.0000          1.4351
  309          8.0046         32.0000         33.0000          2.0000          1.5153
  313          8.0046         32.0000         33.0000          3.0000          1.5885
  317          8.0046         32.0000         33.0000          4.0000          1.6605
  305          8.0046         32.0000         33.0000          1.0000          1.4350
  309          8.0046         32.0000         33.0000          2.0000          1.5152
  313          8.0046         32.0000         33.0000          3.0000          1.5884
  317          8.0046         32.0000         33.0000          4.0000          1.6604
  305          8.0046         32.0000         33.0000          1.0000          1.4348
  309          8.0046         32.0000         33.0000          2.0000          1.5151
  313          8.0046         32.0000         33.0000          3.0000          1.5884
  317          8.0046         32.0000         33.0000          4.0000          1.6604
  305          9.0117         32.0000         33.0000          1.0000          7.3507
  309          9.0117         32.0000         33.0000          2.0000          7.7898
  313          9.0117         32.0000         33.0000          3.0000          8.1744
  317          9.0117         32.0000         33.0000          4.0000          8.5424
  305          9.0117         32.0000         33.0000          1.0000          7.3498
  309          9.0117         32.0000         33.0000          2.0000          7.7892
  313          9.0117         32.0000         33.0000          3.0000          8.1740
  317          9.0117         32.0000         33.0000          4.0000          8.5420
  305          9.0117         32.0000         33.0000          1.0000          7.3489
  309          9.0117         32.0000         33.0000          2.0000          7.7886
  313          9.0117         32.0000         33.0000          3.0000          8.1735
  317          9.0117         32.0000         33.0000          4.0000          8.5416
  305         10.0022         32.0000         33.0000          1.0000         12.5777
  309         10.0022         32.0000         33.0000          2.0000         13.3946
  313         10.0022         32.0000         33.0000          3.0000         14.0915
  317         10.0022         32.0000         33.0000          4.0000         14.7394
  305         10.0022         32.0000         33.0000          1.0000         12.5761
  309         10.0022         32.0000         33.0000          2.0000         13.3934
  313         10.0022         32.0000         33.0000          3.0000         14.0906
  317         10.0022         32.0000         33.0000          4.0000         14.7387
  305         10.0022         32.0000         33.0000          1.0000         12.5744
  309         10.0022         32.0000         33.0000          2.0000         13.3923
  313         10.0022         32.0000         33.0000          3.0000         14.0897
  317         10.0022         32.0000         33.0000          4.0000         14.7379
  305         11.0065         32.0000         33.0000          1.0000         18.2613
  309         11.0065         32.0000         33.0000          2.0000         19.4668
  313         11.0065         32.0000         33.0000          3.0000         20.4681
  317         11.0065         32.0000         33.0000          4.0000         21.3938
  305         11.0065         32.0000         33.0000          1.0000         18.2591
  309         11.0065         32.0000         33.0000          2.0000         19.4654
  313         11.0065         32.0000         33.0000          3.0000         20.4669
  317         11.0065         32.0000         33.0000          4.0000         21.3928
  305         11.0065         32.0000         33.0000          1.0000         18.2570
  309         11.0065         32.0000         33.0000          2.0000         19.4639
  313         11.0065         32.0000         33.0000          3.0000         20.4658
  317         11.0065         32.0000         33.0000          4.0000         21.3919
  305         12.0044         32.0000         33.0000          1.0000         32.9042
  309         12.0044         32.0000         33.0000          2.0000         33.8770
  313         12.0044         32.0000         33.0000          3.0000         34.7638
  317         12.0044         32.0000         33.0000          4.0000         35.6406
  305         12.0044         32.0000         33.0000          1.0000         32.9013
  309         12.0044         32.0000         33.0000          2.0000         33.8751
  313         12.0044         32.0000         33.0000          3.0000         34.7624
  317         12.0044         32.0000         33.0000          4.0000         35.6394
  305         12.0044         32.0000         33.0000          1.0000         32.8983
  309         12.0044         32.0000         33.0000          2.0000         33.8731
  313         12.0044         32.0000         33.0000          3.0000         34.7609
  317         12.0044         32.0000         33.0000          4.0000         35.6382
  305         12.0044         32.0000         33.0000          1.0000         32.8953
  309         12.0044         32.0000         33.0000          2.0000         33.8712
  313         12.0044         32.0000         33.0000          3.0000         34.7594
  317         12.0044         32.0000         33.0000          4.0000         35.6370
  305         13.0152         32.0000         33.0000          1.0000         27.4001
  309         13.0152         32.0000         33.0000          2.0000         28.3452
  313         13.0152         32.0000         33.0000          3.0000         29.2036
  317         13.0152         32.0000         33.0000          4.0000         30.0513
  305         13.0152         32.0000         33.0000          1.0000         27.3969
  309         13.0152         32.0000         33.0000          2.0000         28.3431
  313         13.0152         32.0000         33.0000          3.0000         29.2020
  317         13.0152         32.0000         33.0000          4.0000         30.0500
  305         14.0195         32.0000         33.0000          1.0000         24.5356
  309         14.0195         32.0000         33.0000          2.0000         25.6201
  313         14.0195         32.0000         33.0000          3.0000         26.6070
  317         14.0195         32.0000         33.0000          4.0000         27.5799
  305         14.0195         32.0000         33.0000          1.0000         24.5329
  309         14.0195         32.0000         33.0000          2.0000         25.6183
  313         14.0195         32.0000         33.0000          3.0000         26.6056
  317         14.0195         32.0000         33.0000          4.0000         27.5787
  305         14.0195         32.0000         33.0000          1.0000         24.5301
  309         14.0195         32.0000         33.0000          2.0000         25.6165
  313         14.0195         32.0000         33.0000          3.0000         26.6043
  317         14.0195         32.0000         33.0000          4.0000         27.5776
  305         15.0076         32.0000         33.0000          1.0000         32.4831
  309         15.0076         32.0000         33.0000          2.0000         33.3605
  313         15.0076         32.0000         33.0000          3.0000         34.1595
  317         15.0076         32.0000         33.0000          4.0000         34.9500
  305         15.0076         32.0000         33.0000          1.0000         32.4800
  309         15.0076         32.0000         33.0000          2.0000         33.3584
  313         15.0076         32.0000         33.0000          3.0000         34.1580
  317         15.0076         32.0000         33.0000          4.0000         34.9488
  305         15.0076         32.0000         33.0000          1.0000         32.4769
  309         15.0076         32.0000         33.0000          2.0000         33.3564
  313         15.0076         32.0000         33.0000          3.0000         34.1565
  317         15.0076         32.0000         33.0000          4.0000         34.9475
  305         16.0022         32.0000         33.0000          1.0000         35.3736
  309         16.0022         32.0000         33.0000          2.0000         36.1300
  313         16.0022         32.0000         33.0000          3.0000         36.8220
  317         16.0022         32.0000         33.0000          4.0000         37.5086
  305         16.0022         32.0000         33.0000          1.0000         35.3711
  309         16.0022         32.0000         33.0000          2.0000         36.1284
  313         16.0022         32.0000         33.0000          3.0000         36.8207
  317         16.0022         32.0000         33.0000          4.0000         37.5075
  305         16.0022         32.0000         33.0000          1.0000         35.3686
  309         16.0022         32.0000         33.0000          2.0000         36.1267
  313         16.0022         32.0000         33.0000          3.0000         36.8195
  317         16.0022         32.0000         33.0000          4.0000         37.5065
  305         17.0105         32.0000         33.0000          1.0000         21.4841
  309         17.0105         32.0000         33.0000          2.0000         22.1578
  313         17.0105         32.0000         33.0000          3.0000         22.7747
  317         17.0105         32.0000         33.0000          4.0000         23.3851
  305         17.0105         32.0000         33.0000          1.0000         21.4826
  309         17.0105         32.0000         33.0000          2.0000         22.1569
  313         17.0105         32.0000         33.0000          3.0000         22.7740
  317         17.0105         32.0000         33.0000          4.0000         23.3845
  305         17.0105         32.0000         33.0000          1.0000         21.4812
  309         17.0105         32.0000         33.0000          2.0000         22.1559
  313         17.0105         32.0000         33.0000          3.0000         22.7732
  317         17.0105         32.0000         33.0000          4.0000         23.3839
  305         18.0036         32.0000         33.0000          1.0000         18.4199
  309         18.0036         32.0000         33.0000          2.0000         18.8180
  313         18.0036         32.0000         33.0000          3.0000         19.1930
  317         18.0036         32.0000         33.0000          4.0000         19.5716
  305         18.0036         32.0000         33.0000          1.0000         18.4190
  309         18.0036         32.0000         33.0000          2.0000         18.8174
  313         18.0036         32.0000         33.0000          3.0000         19.1926
  317         18.0036         32.0000         33.0000          4.0000         19.5713
  305         18.0036         32.0000         33.0000          1.0000         18.4181
  309         18.0036         32.0000         33.0000          2.0000         18.8168
  313         18.0036         32.0000         33.0000          3.0000         19.1921
  317         18.0036         32.0000         33.0000          4.0000         19.5709
  305         19.0092         32.0000         33.0000          1.0000          2.2126
  309         19.0092         32.0000         33.0000          2.0000          2.3368
  313         19.0092         32.0000         33.0000          3.0000          2.4498
  317         19.0092         32.0000         33.0000          4.0000          3.7354
  305         19.0092         32.0000         33.0000          1.0000          2.2124
  309         19.0092         32.0000         33.0000          2.0000          2.3367
  313         19.0092         32.0000         33.0000          3.0000          2.4497
  317         19.0092         32.0000         33.0000          4.0000          3.7353
  305         20.0022         32.0000         33.0000          1.0000          0.0000
  309         20.0022         32.0000         33.0000          2.0000          0.0000
  313         20.0022         32.0000         33.0000          3.0000          0.0000
  317         20.0022         32.0000         33.0000          4.0000          0.0000
  305         20.0022         32.0000         33.0000          1.0000          0.0000
  309         20.0022         32.0000         33.0000          2.0000          0.0000
  313         20.0022         32.0000         33.0000          3.0000          0.0000
  317         20.0022         32.0000         33.0000          4.0000          0.0000
  305         21.0060         32.0000         33.0000          1.0000          0.0000
  309         21.0060         32.0000         33.0000          2.0000          0.0000
  313         21.0060         32.0000         33.0000          3.0000          0.0000
  317         21.0060         32.0000         33.0000          4.0000          0.0000
  305         21.0060         32.0000         33.0000          1.0000          0.0000
  309         21.0060         32.0000         33.0000          2.0000          0.0000
  313         21.0060         32.0000         33.0000          3.0000          0.0000
  317         21.0060         32.0000         33.0000          4.0000          0.0000
  305         22.0097         32.0000         33.0000          1.0000          0.0000
  309         22.0097         32.0000         33.0000          2.0000          0.0000
  313         22.0097         32.0000         33.0000          3.0000          0.0000
  317         22.0097         32.0000         33.0000          4.0000          0.0000
  305         22.0097         32.0000         33.0000          1.0000          0.0000
  309         22.0097         32.0000         33.0000          2.0000          0.0000
  313         22.0097         32.0000         33.0000          3.0000          0.0000
  317         22.0097         32.0000         33.0000          4.0000          0.0000
  305         23.0112         32.0000         33.0000          1.0000          0.0000
  309         23.0112         32.0000         33.0000          2.0000          0.0000
  313         23.0112         32.0000         33.0000          3.0000          0.0000
  317         23.0112         32.0000         33.0000          4.0000          0.0000
  305         23.0112         32.0000         33.0000          1.0000          0.0000
  309         23.0112         32.0000         33.0000          2.0000          0.0000
  313         23.0112         32.0000         33.0000          3.0000          0.0000
  317         23.0112         32.0000         33.0000          4.0000          0.0000
