  306          1.0142         32.0000         34.0000          1.0000         -4.7020
  307          1.0142         32.0000         35.0000          1.0000         -4.7496
  308          1.0142         32.0000         36.0000          1.0000         -4.8082
  310          1.0142         32.0000         34.0000          2.0000         -5.0777
  311          1.0142         32.0000         35.0000          2.0000         -5.0925
  312          1.0142         32.0000         36.0000          2.0000         -5.1166
  314          1.0142         32.0000         34.0000          3.0000         -5.3591
  315          1.0142         32.0000         35.0000          3.0000         -5.3642
  316          1.0142         32.0000         36.0000          3.0000         -5.3730
  318          1.0142         32.0000         34.0000          4.0000         -5.6082
  319          1.0142         32.0000         35.0000          4.0000         -5.6110
  320          1.0142         32.0000         36.0000          4.0000         -5.6184
  306          1.0142         32.0000         34.0000          1.0000         -4.7034
  307          1.0142         32.0000         35.0000          1.0000         -4.7506
  308          1.0142         32.0000         36.0000          1.0000         -4.8102
  310          1.0142         32.0000         34.0000          2.0000         -5.0816
  311          1.0142         32.0000         35.0000          2.0000         -5.0963
  312          1.0142         32.0000         36.0000          2.0000         -5.1207
  314          1.0142         32.0000         34.0000          3.0000         -5.3638
  315          1.0142         32.0000         35.0000          3.0000         -5.3690
  316          1.0142         32.0000         36.0000          3.0000         -5.3778
  318          1.0142         32.0000         34.0000          4.0000         -5.6133
  319          1.0142         32.0000         35.0000          4.0000         -5.6161
  320          1.0142         32.0000         36.0000          4.0000         -5.6235
  306          2.0285         32.0000         34.0000          1.0000         -5.1650
  307          2.0285         32.0000         35.0000          1.0000         -5.2148
  308          2.0285         32.0000         36.0000          1.0000         -5.2781
  310          2.0285         32.0000         34.0000          2.0000         -5.5588
  311          2.0285         32.0000         35.0000          2.0000         -5.5747
  312          2.0285         32.0000         36.0000          2.0000         -5.6013
  314          2.0285         32.0000         34.0000          3.0000         -5.8516
  315          2.0285         32.0000         35.0000          3.0000         -5.8573
  316          2.0285         32.0000         36.0000          3.0000         -5.8673
  318          2.0285         32.0000         34.0000          4.0000         -6.1145
  319          2.0285         32.0000         35.0000          4.0000         -6.1176
  320          2.0285         32.0000         36.0000          4.0000         -6.1257
  306          2.0285         32.0000         34.0000          1.0000         -5.1677
  307          2.0285         32.0000         35.0000          1.0000         -5.2172
  308          2.0285         32.0000         36.0000          1.0000         -5.2816
  310          2.0285         32.0000         34.0000          2.0000         -5.5648
  311          2.0285         32.0000         35.0000          2.0000         -5.5806
  312          2.0285         32.0000         36.0000          2.0000         -5.6076
  314          2.0285         32.0000         34.0000          3.0000         -5.8587
  315          2.0285         32.0000         35.0000          3.0000         -5.8644
  316          2.0285         32.0000         36.0000          3.0000         -5.8745
  318          2.0285         32.0000         34.0000          4.0000         -6.1221
  319          2.0285         32.0000         35.0000          4.0000         -6.1252
  320          2.0285         32.0000         36.0000          4.0000         -6.1334
  306          3.0037         32.0000         34.0000          1.0000         -4.3847
  307          3.0037         32.0000         35.0000          1.0000         -4.4322
  308          3.0037         32.0000         36.0000          1.0000         -4.4917
  310          3.0037         32.0000         34.0000          2.0000         -4.7286
  311          3.0037         32.0000         35.0000          2.0000         -4.7440
  312          3.0037         32.0000         36.0000          2.0000         -4.7694
  314          3.0037         32.0000         34.0000          3.0000         -4.9772
  315          3.0037         32.0000         35.0000          3.0000         -4.9828
  316          3.0037         32.0000         36.0000          3.0000         -4.9927
  318          3.0037         32.0000         34.0000          4.0000         -5.1878
  319          3.0037         32.0000         35.0000          4.0000         -5.1908
  320          3.0037         32.0000         36.0000          4.0000         -5.1984
  306          3.0037         32.0000         34.0000          1.0000         -4.3997
  307          3.0037         32.0000         35.0000          1.0000         -4.4470
  308          3.0037         32.0000         36.0000          1.0000         -4.5074
  310          3.0037         32.0000         34.0000          2.0000         -4.7464
  311          3.0037         32.0000         35.0000          2.0000         -4.7618
  312          3.0037         32.0000         36.0000          2.0000         -4.7875
  314          3.0037         32.0000         34.0000          3.0000         -4.9962
  315          3.0037         32.0000         35.0000          3.0000         -5.0018
  316          3.0037         32.0000         36.0000          3.0000         -5.0119
  318          3.0037         32.0000         34.0000          4.0000         -5.2076
  319          3.0037         32.0000         35.0000          4.0000         -5.2106
  320          3.0037         32.0000         36.0000          4.0000         -5.2183
  306          4.0179         32.0000         34.0000          1.0000         -4.6813
  307          4.0179         32.0000         35.0000          1.0000         -4.7316
  308          4.0179         32.0000         36.0000          1.0000         -4.7945
  310          4.0179         32.0000         34.0000          2.0000         -5.0277
  311          4.0179         32.0000         35.0000          2.0000         -5.0441
  312          4.0179         32.0000         36.0000          2.0000         -5.0712
  314          4.0179         32.0000         34.0000          3.0000         -5.2728
  315          4.0179         32.0000         35.0000          3.0000         -5.2788
  316          4.0179         32.0000         36.0000          3.0000         -5.2897
  318          4.0179         32.0000         34.0000          4.0000         -5.4785
  319          4.0179         32.0000         35.0000          4.0000         -5.4817
  320          4.0179         32.0000         36.0000          4.0000         -5.4898
  306          4.0179         32.0000         34.0000          1.0000         -4.6837
  307          4.0179         32.0000         35.0000          1.0000         -4.7338
  308          4.0179         32.0000         36.0000          1.0000         -4.7974
  310          4.0179         32.0000         34.0000          2.0000         -5.0324
  311          4.0179         32.0000         35.0000          2.0000         -5.0488
  312          4.0179         32.0000         36.0000          2.0000         -5.0761
  314          4.0179         32.0000         34.0000          3.0000         -5.2783
  315          4.0179         32.0000         35.0000          3.0000         -5.2843
  316          4.0179         32.0000         36.0000          3.0000         -5.2952
  318          4.0179         32.0000         34.0000          4.0000         -5.4843
  319          4.0179         32.0000         35.0000          4.0000         -5.4875
  320          4.0179         32.0000         36.0000          4.0000         -5.4956
  306          5.0321         32.0000         34.0000          1.0000         -4.7829
  307          5.0321         32.0000         35.0000          1.0000         -4.8345
  308          5.0321         32.0000         36.0000          1.0000         -4.8997
  310          5.0321         32.0000         34.0000          2.0000         -5.1314
  311          5.0321         32.0000         35.0000          2.0000         -5.1484
  312          5.0321         32.0000         36.0000          2.0000         -5.1767
  314          5.0321         32.0000         34.0000          3.0000         -5.3747
  315          5.0321         32.0000         35.0000          3.0000         -5.3810
  316          5.0321         32.0000         36.0000          3.0000         -5.3925
  318          5.0321         32.0000         34.0000          4.0000         -5.5775
  319          5.0321         32.0000         35.0000          4.0000         -5.5808
  320          5.0321         32.0000         36.0000          4.0000         -5.5892
  306          5.0321         32.0000         34.0000          1.0000         -4.7823
  307          5.0321         32.0000         35.0000          1.0000         -4.8336
  308          5.0321         32.0000         36.0000          1.0000         -4.8996
  310          5.0321         32.0000         34.0000          2.0000         -5.1329
  311          5.0321         32.0000         35.0000          2.0000         -5.1498
  312          5.0321         32.0000         36.0000          2.0000         -5.1783
  314          5.0321         32.0000         34.0000          3.0000         -5.3769
  315          5.0321         32.0000         35.0000          3.0000         -5.3831
  316          5.0321         32.0000         36.0000          3.0000         -5.3947
  318          5.0321         32.0000         34.0000          4.0000         -5.5799
  319          5.0321         32.0000         35.0000          4.0000         -5.5832
  320          5.0321         32.0000         36.0000          4.0000         -5.5916
  306          6.0269         32.0000         34.0000          1.0000         -4.4423
  307          6.0269         32.0000         35.0000          1.0000         -4.4930
  308          6.0269         32.0000         36.0000          1.0000         -4.5566
  310          6.0269         32.0000         34.0000          2.0000         -4.7681
  311          6.0269         32.0000         35.0000          2.0000         -4.7849
  312          6.0269         32.0000         36.0000          2.0000         -4.8126
  314          6.0269         32.0000         34.0000          3.0000         -4.9909
  315          6.0269         32.0000         35.0000          3.0000         -4.9972
  316          6.0269         32.0000         36.0000          3.0000         -5.0086
  318          6.0269         32.0000         34.0000          4.0000         -5.1744
  319          6.0269         32.0000         35.0000          4.0000         -5.1777
  320          6.0269         32.0000         36.0000          4.0000         -5.1858
  306          6.0269         32.0000         34.0000          1.0000         -4.4433
  307          6.0269         32.0000         35.0000          1.0000         -4.4938
  308          6.0269         32.0000         36.0000          1.0000         -4.5581
  310          6.0269         32.0000         34.0000          2.0000         -4.7712
  311          6.0269         32.0000         35.0000          2.0000         -4.7879
  312          6.0269         32.0000         36.0000          2.0000         -4.8159
  314          6.0269         32.0000         34.0000          3.0000         -4.9947
  315          6.0269         32.0000         35.0000          3.0000         -5.0009
  316          6.0269         32.0000         36.0000          3.0000         -5.0125
  318          6.0269         32.0000         34.0000          4.0000         -5.1785
  319          6.0269         32.0000         35.0000          4.0000         -5.1817
  320          6.0269         32.0000         36.0000          4.0000         -5.1899
  306          7.0411         32.0000         34.0000          1.0000         -4.0882
  307          7.0411         32.0000         35.0000          1.0000         -4.1377
  308          7.0411         32.0000         36.0000          1.0000         -4.1994
  310          7.0411         32.0000         34.0000          2.0000         -4.3936
  311          7.0411         32.0000         35.0000          2.0000         -4.4100
  312          7.0411         32.0000         36.0000          2.0000         -4.4371
  314          7.0411         32.0000         34.0000          3.0000         -4.5986
  315          7.0411         32.0000         35.0000          3.0000         -4.6048
  316          7.0411         32.0000         36.0000          3.0000         -4.6160
  318          7.0411         32.0000         34.0000          4.0000         -4.7654
  319          7.0411         32.0000         35.0000          4.0000         -4.7686
  320          7.0411         32.0000         36.0000          4.0000         -4.7765
  306          7.0411         32.0000         34.0000          1.0000         -4.0429
  307          7.0411         32.0000         35.0000          1.0000         -4.0920
  308          7.0411         32.0000         36.0000          1.0000         -4.1536
  310          7.0411         32.0000         34.0000          2.0000         -4.3469
  311          7.0411         32.0000         35.0000          2.0000         -4.3632
  312          7.0411         32.0000         36.0000          2.0000         -4.3902
  314          7.0411         32.0000         34.0000          3.0000         -4.5506
  315          7.0411         32.0000         35.0000          3.0000         -4.5567
  316          7.0411         32.0000         36.0000          3.0000         -4.5680
  318          7.0411         32.0000         34.0000          4.0000         -4.7162
  319          7.0411         32.0000         35.0000          4.0000         -4.7194
  320          7.0411         32.0000         36.0000          4.0000         -4.7272
  306          8.0046         32.0000         34.0000          1.0000         -0.4788
  307          8.0046         32.0000         35.0000          1.0000         -0.5064
  308          8.0046         32.0000         36.0000          1.0000         -0.5286
  310          8.0046         32.0000         34.0000          2.0000         -0.5253
  311          8.0046         32.0000         35.0000          2.0000         -0.5342
  312          8.0046         32.0000         36.0000          2.0000         -0.5436
  314          8.0046         32.0000         34.0000          3.0000         -0.5309
  315          8.0046         32.0000         35.0000          3.0000         -0.5341
  316          8.0046         32.0000         36.0000          3.0000         -0.5388
  318          8.0046         32.0000         34.0000          4.0000         -0.5223
  319          8.0046         32.0000         35.0000          4.0000         -0.5238
  320          8.0046         32.0000         36.0000          4.0000         -0.5262
  306          8.0046         32.0000         34.0000          1.0000         -0.4295
  307          8.0046         32.0000         35.0000          1.0000         -0.4560
  308          8.0046         32.0000         36.0000          1.0000         -0.4771
  310          8.0046         32.0000         34.0000          2.0000         -0.4733
  311          8.0046         32.0000         35.0000          2.0000         -0.4818
  312          8.0046         32.0000         36.0000          2.0000         -0.4907
  314          8.0046         32.0000         34.0000          3.0000         -0.4779
  315          8.0046         32.0000         35.0000          3.0000         -0.4808
  316          8.0046         32.0000         36.0000          3.0000         -0.4852
  318          8.0046         32.0000         34.0000          4.0000         -0.4689
  319          8.0046         32.0000         35.0000          4.0000         -0.4703
  320          8.0046         32.0000         36.0000          4.0000         -0.4725
  306          8.0046         32.0000         34.0000          1.0000         -0.4237
  307          8.0046         32.0000         35.0000          1.0000         -0.4498
  308          8.0046         32.0000         36.0000          1.0000         -0.4712
  310          8.0046         32.0000         34.0000          2.0000         -0.4683
  311          8.0046         32.0000         35.0000          2.0000         -0.4767
  312          8.0046         32.0000         36.0000          2.0000         -0.4856
  314          8.0046         32.0000         34.0000          3.0000         -0.4734
  315          8.0046         32.0000         35.0000          3.0000         -0.4763
  316          8.0046         32.0000         36.0000          3.0000         -0.4806
  318          8.0046         32.0000         34.0000          4.0000         -0.4648
  319          8.0046         32.0000         35.0000          4.0000         -0.4661
  320          8.0046         32.0000         36.0000          4.0000         -0.4683
  306          9.0117         32.0000         34.0000          1.0000         20.4149
  307          9.0117         32.0000         35.0000          1.0000         20.4350
  308          9.0117         32.0000         36.0000          1.0000         20.7413
  310          9.0117         32.0000         34.0000          2.0000         21.9514
  311          9.0117         32.0000         35.0000          2.0000         22.0031
  312          9.0117         32.0000         36.0000          2.0000         22.2235
  314          9.0117         32.0000         34.0000          3.0000         23.2185
  315          9.0117         32.0000         35.0000          3.0000         23.2623
  316          9.0117         32.0000         36.0000          3.0000         23.3735
  318          9.0117         32.0000         34.0000          4.0000         24.3407
  319          9.0117         32.0000         35.0000          4.0000         24.3706
  320          9.0117         32.0000         36.0000          4.0000         24.4446
  306          9.0117         32.0000         34.0000          1.0000         20.5505
  307          9.0117         32.0000         35.0000          1.0000         20.5719
  308          9.0117         32.0000         36.0000          1.0000         20.8830
  310          9.0117         32.0000         34.0000          2.0000         22.0967
  311          9.0117         32.0000         35.0000          2.0000         22.1498
  312          9.0117         32.0000         36.0000          2.0000         22.3740
  314          9.0117         32.0000         34.0000          3.0000         23.3699
  315          9.0117         32.0000         35.0000          3.0000         23.4147
  316          9.0117         32.0000         36.0000          3.0000         23.5282
  318          9.0117         32.0000         34.0000          4.0000         24.4958
  319          9.0117         32.0000         35.0000          4.0000         24.5263
  320          9.0117         32.0000         36.0000          4.0000         24.6015
  306          9.0117         32.0000         34.0000          1.0000         20.5625
  307          9.0117         32.0000         35.0000          1.0000         20.5846
  308          9.0117         32.0000         36.0000          1.0000         20.8953
  310          9.0117         32.0000         34.0000          2.0000         22.1067
  311          9.0117         32.0000         35.0000          2.0000         22.1602
  312          9.0117         32.0000         36.0000          2.0000         22.3845
  314          9.0117         32.0000         34.0000          3.0000         23.3789
  315          9.0117         32.0000         35.0000          3.0000         23.4239
  316          9.0117         32.0000         36.0000          3.0000         23.5375
  318          9.0117         32.0000         34.0000          4.0000         24.5040
  319          9.0117         32.0000         35.0000          4.0000         24.5346
  320          9.0117         32.0000         36.0000          4.0000         24.6099
  306         10.0022         32.0000         34.0000          1.0000         58.8180
  307         10.0022         32.0000         35.0000          1.0000         59.0412
  308         10.0022         32.0000         36.0000          1.0000         60.2444
  310         10.0022         32.0000         34.0000          2.0000         63.4784
  311         10.0022         32.0000         35.0000          2.0000         63.7591
  312         10.0022         32.0000         36.0000          2.0000         64.6435
  314         10.0022         32.0000         34.0000          3.0000         67.0855
  315         10.0022         32.0000         35.0000          3.0000         67.2791
  316         10.0022         32.0000         36.0000          3.0000         67.7305
  318         10.0022         32.0000         34.0000          4.0000         70.1354
  319         10.0022         32.0000         35.0000          4.0000         70.2504
  320         10.0022         32.0000         36.0000          4.0000         70.5209
  306         10.0022         32.0000         34.0000          1.0000         58.9531
  307         10.0022         32.0000         35.0000          1.0000         59.1785
  308         10.0022         32.0000         36.0000          1.0000         60.3866
  310         10.0022         32.0000         34.0000          2.0000         63.6210
  311         10.0022         32.0000         35.0000          2.0000         63.9037
  312         10.0022         32.0000         36.0000          2.0000         64.7924
  314         10.0022         32.0000         34.0000          3.0000         67.2327
  315         10.0022         32.0000         35.0000          3.0000         67.4277
  316         10.0022         32.0000         36.0000          3.0000         67.8815
  318         10.0022         32.0000         34.0000          4.0000         70.2847
  319         10.0022         32.0000         35.0000          4.0000         70.4005
  320         10.0022         32.0000         36.0000          4.0000         70.6724
  306         10.0022         32.0000         34.0000          1.0000         58.9650
  307         10.0022         32.0000         35.0000          1.0000         59.1910
  308         10.0022         32.0000         36.0000          1.0000         60.3986
  310         10.0022         32.0000         34.0000          2.0000         63.6307
  311         10.0022         32.0000         35.0000          2.0000         63.9137
  312         10.0022         32.0000         36.0000          2.0000         64.8024
  314         10.0022         32.0000         34.0000          3.0000         67.2415
  315         10.0022         32.0000         35.0000          3.0000         67.4366
  316         10.0022         32.0000         36.0000          3.0000         67.8905
  318         10.0022         32.0000         34.0000          4.0000         70.2928
  319         10.0022         32.0000         35.0000          4.0000         70.4087
  320         10.0022         32.0000         36.0000          4.0000         70.6806
  306         11.0065         32.0000         34.0000          1.0000         98.8811
  307         11.0065         32.0000         35.0000          1.0000         99.2067
  308         11.0065         32.0000         36.0000          1.0000        101.0178
  310         11.0065         32.0000         34.0000          2.0000        106.8026
  311         11.0065         32.0000         35.0000          2.0000        107.1240
  312         11.0065         32.0000         36.0000          2.0000        108.3284
  314         11.0065         32.0000         34.0000          3.0000        112.6873
  315         11.0065         32.0000         35.0000          3.0000        112.8767
  316         11.0065         32.0000         36.0000          3.0000        113.4133
  318         11.0065         32.0000         34.0000          4.0000        117.5520
  319         11.0065         32.0000         35.0000          4.0000        117.6526
  320         11.0065         32.0000         36.0000          4.0000        117.9565
  306         11.0065         32.0000         34.0000          1.0000         99.0492
  307         11.0065         32.0000         35.0000          1.0000         99.3965
  308         11.0065         32.0000         36.0000          1.0000        101.2335
  310         11.0065         32.0000         34.0000          2.0000        106.9862
  311         11.0065         32.0000         35.0000          2.0000        107.3286
  312         11.0065         32.0000         36.0000          2.0000        108.5519
  314         11.0065         32.0000         34.0000          3.0000        112.8717
  315         11.0065         32.0000         35.0000          3.0000        113.0699
  316         11.0065         32.0000         36.0000          3.0000        113.6131
  318         11.0065         32.0000         34.0000          4.0000        117.7332
  319         11.0065         32.0000         35.0000          4.0000        117.8372
  320         11.0065         32.0000         36.0000          4.0000        118.1434
  306         11.0065         32.0000         34.0000          1.0000         99.0639
  307         11.0065         32.0000         35.0000          1.0000         99.4134
  308         11.0065         32.0000         36.0000          1.0000        101.2513
  310         11.0065         32.0000         34.0000          2.0000        106.9987
  311         11.0065         32.0000         35.0000          2.0000        107.3428
  312         11.0065         32.0000         36.0000          2.0000        108.5670
  314         11.0065         32.0000         34.0000          3.0000        112.8826
  315         11.0065         32.0000         35.0000          3.0000        113.0815
  316         11.0065         32.0000         36.0000          3.0000        113.6250
  318         11.0065         32.0000         34.0000          4.0000        117.7430
  319         11.0065         32.0000         35.0000          4.0000        117.8472
  320         11.0065         32.0000         36.0000          4.0000        118.1536
  306         12.0044         32.0000         34.0000          1.0000        146.6206
  307         12.0044         32.0000         35.0000          1.0000        146.9857
  308         12.0044         32.0000         36.0000          1.0000        148.8130
  310         12.0044         32.0000         34.0000          2.0000        155.2409
  311         12.0044         32.0000         35.0000          2.0000        155.5266
  312         12.0044         32.0000         36.0000          2.0000        156.6351
  314         12.0044         32.0000         34.0000          3.0000        161.2755
  315         12.0044         32.0000         35.0000          3.0000        161.4229
  316         12.0044         32.0000         36.0000          3.0000        161.8679
  318         12.0044         32.0000         34.0000          4.0000        166.2281
  319         12.0044         32.0000         35.0000          4.0000        166.2984
  320         12.0044         32.0000         36.0000          4.0000        166.5516
  306         12.0044         32.0000         34.0000          1.0000        152.7501
  307         12.0044         32.0000         35.0000          1.0000        153.0334
  308         12.0044         32.0000         36.0000          1.0000        154.0931
  310         12.0044         32.0000         34.0000          2.0000        158.9987
  311         12.0044         32.0000         35.0000          2.0000        159.1637
  312         12.0044         32.0000         36.0000          2.0000        159.7785
  314         12.0044         32.0000         34.0000          3.0000        163.9346
  315         12.0044         32.0000         35.0000          3.0000        164.0221
  316         12.0044         32.0000         36.0000          3.0000        164.2750
  318         12.0044         32.0000         34.0000          4.0000        168.4160
  319         12.0044         32.0000         35.0000          4.0000        168.4597
  320         12.0044         32.0000         36.0000          4.0000        168.6387
  306         12.0044         32.0000         34.0000          1.0000        153.1103
  307         12.0044         32.0000         35.0000          1.0000        153.3939
  308         12.0044         32.0000         36.0000          1.0000        154.3613
  310         12.0044         32.0000         34.0000          2.0000        159.0858
  311         12.0044         32.0000         35.0000          2.0000        159.2442
  312         12.0044         32.0000         36.0000          2.0000        159.8099
  314         12.0044         32.0000         34.0000          3.0000        163.9021
  315         12.0044         32.0000         35.0000          3.0000        163.9861
  316         12.0044         32.0000         36.0000          3.0000        164.2201
  318         12.0044         32.0000         34.0000          4.0000        168.3310
  319         12.0044         32.0000         35.0000          4.0000        168.3731
  320         12.0044         32.0000         36.0000          4.0000        168.5446
  306         12.0044         32.0000         34.0000          1.0000        153.1260
  307         12.0044         32.0000         35.0000          1.0000        153.4101
  308         12.0044         32.0000         36.0000          1.0000        154.3739
  310         12.0044         32.0000         34.0000          2.0000        159.0941
  311         12.0044         32.0000         35.0000          2.0000        159.2529
  312         12.0044         32.0000         36.0000          2.0000        159.8183
  314         12.0044         32.0000         34.0000          3.0000        163.9090
  315         12.0044         32.0000         35.0000          3.0000        163.9931
  316         12.0044         32.0000         36.0000          3.0000        164.2272
  318         12.0044         32.0000         34.0000          4.0000        168.3373
  319         12.0044         32.0000         35.0000          4.0000        168.3795
  320         12.0044         32.0000         36.0000          4.0000        168.5511
  306         13.0152         32.0000         34.0000          1.0000        145.3797
  307         13.0152         32.0000         35.0000          1.0000        145.6993
  308         13.0152         32.0000         36.0000          1.0000        146.9279
  310         13.0152         32.0000         34.0000          2.0000        152.0889
  311         13.0152         32.0000         35.0000          2.0000        152.2771
  312         13.0152         32.0000         36.0000          2.0000        152.9744
  314         13.0152         32.0000         34.0000          3.0000        157.0576
  315         13.0152         32.0000         35.0000          3.0000        157.1502
  316         13.0152         32.0000         36.0000          3.0000        157.4211
  318         13.0152         32.0000         34.0000          4.0000        161.4460
  319         13.0152         32.0000         35.0000          4.0000        161.4885
  320         13.0152         32.0000         36.0000          4.0000        161.6673
  306         13.0152         32.0000         34.0000          1.0000        145.3449
  307         13.0152         32.0000         35.0000          1.0000        145.6647
  308         13.0152         32.0000         36.0000          1.0000        146.8882
  310         13.0152         32.0000         34.0000          2.0000        152.0409
  311         13.0152         32.0000         35.0000          2.0000        152.2288
  312         13.0152         32.0000         36.0000          2.0000        152.9234
  314         13.0152         32.0000         34.0000          3.0000        157.0048
  315         13.0152         32.0000         35.0000          3.0000        157.0970
  316         13.0152         32.0000         36.0000          3.0000        157.3668
  318         13.0152         32.0000         34.0000          4.0000        161.3917
  319         13.0152         32.0000         35.0000          4.0000        161.4341
  320         13.0152         32.0000         36.0000          4.0000        161.6123
  306         14.0195         32.0000         34.0000          1.0000        157.0558
  307         14.0195         32.0000         35.0000          1.0000        157.3030
  308         14.0195         32.0000         36.0000          1.0000        158.2842
  310         14.0195         32.0000         34.0000          2.0000        164.1075
  311         14.0195         32.0000         35.0000          2.0000        164.2234
  312         14.0195         32.0000         36.0000          2.0000        164.7247
  314         14.0195         32.0000         34.0000          3.0000        169.8167
  315         14.0195         32.0000         35.0000          3.0000        169.8724
  316         14.0195         32.0000         36.0000          3.0000        170.0514
  318         14.0195         32.0000         34.0000          4.0000        175.0817
  319         14.0195         32.0000         35.0000          4.0000        175.1084
  320         14.0195         32.0000         36.0000          4.0000        175.2609
  306         14.0195         32.0000         34.0000          1.0000        158.0443
  307         14.0195         32.0000         35.0000          1.0000        158.2961
  308         14.0195         32.0000         36.0000          1.0000        159.2976
  310         14.0195         32.0000         34.0000          2.0000        165.1397
  311         14.0195         32.0000         35.0000          2.0000        165.2574
  312         14.0195         32.0000         36.0000          2.0000        165.7664
  314         14.0195         32.0000         34.0000          3.0000        170.8539
  315         14.0195         32.0000         35.0000          3.0000        170.9104
  316         14.0195         32.0000         36.0000          3.0000        171.0926
  318         14.0195         32.0000         34.0000          4.0000        176.1098
  319         14.0195         32.0000         35.0000          4.0000        176.1370
  320         14.0195         32.0000         36.0000          4.0000        176.2909
  306         14.0195         32.0000         34.0000          1.0000        158.1188
  307         14.0195         32.0000         35.0000          1.0000        158.3731
  308         14.0195         32.0000         36.0000          1.0000        159.3707
  310         14.0195         32.0000         34.0000          2.0000        165.2007
  311         14.0195         32.0000         35.0000          2.0000        165.3192
  312         14.0195         32.0000         36.0000          2.0000        165.8268
  314         14.0195         32.0000         34.0000          3.0000        170.9079
  315         14.0195         32.0000         35.0000          3.0000        170.9647
  316         14.0195         32.0000         36.0000          3.0000        171.1464
  318         14.0195         32.0000         34.0000          4.0000        176.1589
  319         14.0195         32.0000         35.0000          4.0000        176.1862
  320         14.0195         32.0000         36.0000          4.0000        176.3398
  306         15.0076         32.0000         34.0000          1.0000        145.9034
  307         15.0076         32.0000         35.0000          1.0000        146.1831
  308         15.0076         32.0000         36.0000          1.0000        146.8089
  310         15.0076         32.0000         34.0000          2.0000        150.2209
  311         15.0076         32.0000         35.0000          2.0000        150.3322
  312         15.0076         32.0000         36.0000          2.0000        150.6563
  314         15.0076         32.0000         34.0000          3.0000        153.6987
  315         15.0076         32.0000         35.0000          3.0000        153.7486
  316         15.0076         32.0000         36.0000          3.0000        153.8726
  318         15.0076         32.0000         34.0000          4.0000        157.0064
  319         15.0076         32.0000         35.0000          4.0000        157.0280
  320         15.0076         32.0000         36.0000          4.0000        157.1371
  306         15.0076         32.0000         34.0000          1.0000        144.8962
  307         15.0076         32.0000         35.0000          1.0000        145.1744
  308         15.0076         32.0000         36.0000          1.0000        145.7691
  310         15.0076         32.0000         34.0000          2.0000        149.1280
  311         15.0076         32.0000         35.0000          2.0000        149.2384
  312         15.0076         32.0000         36.0000          2.0000        149.5506
  314         15.0076         32.0000         34.0000          3.0000        152.5781
  315         15.0076         32.0000         35.0000          3.0000        152.6275
  316         15.0076         32.0000         36.0000          3.0000        152.7467
  318         15.0076         32.0000         34.0000          4.0000        155.8792
  319         15.0076         32.0000         35.0000          4.0000        155.9005
  320         15.0076         32.0000         36.0000          4.0000        156.0074
  306         15.0076         32.0000         34.0000          1.0000        144.8279
  307         15.0076         32.0000         35.0000          1.0000        145.1038
  308         15.0076         32.0000         36.0000          1.0000        145.7005
  310         15.0076         32.0000         34.0000          2.0000        149.0693
  311         15.0076         32.0000         35.0000          2.0000        149.1789
  312         15.0076         32.0000         36.0000          2.0000        149.4918
  314         15.0076         32.0000         34.0000          3.0000        152.5258
  315         15.0076         32.0000         35.0000          3.0000        152.5749
  316         15.0076         32.0000         36.0000          3.0000        152.6944
  318         15.0076         32.0000         34.0000          4.0000        155.8324
  319         15.0076         32.0000         35.0000          4.0000        155.8536
  320         15.0076         32.0000         36.0000          4.0000        155.9606
  306         16.0022         32.0000         34.0000          1.0000        166.0805
  307         16.0022         32.0000         35.0000          1.0000        166.3621
  308         16.0022         32.0000         36.0000          1.0000        166.8075
  310         16.0022         32.0000         34.0000          2.0000        169.6763
  311         16.0022         32.0000         35.0000          2.0000        169.7828
  312         16.0022         32.0000         36.0000          2.0000        170.0256
  314         16.0022         32.0000         34.0000          3.0000        172.7302
  315         16.0022         32.0000         35.0000          3.0000        172.7756
  316         16.0022         32.0000         36.0000          3.0000        172.8705
  318         16.0022         32.0000         34.0000          4.0000        175.7486
  319         16.0022         32.0000         35.0000          4.0000        175.7690
  320         16.0022         32.0000         36.0000          4.0000        175.8631
  306         16.0022         32.0000         34.0000          1.0000        166.0383
  307         16.0022         32.0000         35.0000          1.0000        166.3200
  308         16.0022         32.0000         36.0000          1.0000        166.7612
  310         16.0022         32.0000         34.0000          2.0000        169.6239
  311         16.0022         32.0000         35.0000          2.0000        169.7301
  312         16.0022         32.0000         36.0000          2.0000        169.9710
  314         16.0022         32.0000         34.0000          3.0000        172.6748
  315         16.0022         32.0000         35.0000          3.0000        172.7198
  316         16.0022         32.0000         36.0000          3.0000        172.8137
  318         16.0022         32.0000         34.0000          4.0000        175.6928
  319         16.0022         32.0000         35.0000          4.0000        175.7128
  320         16.0022         32.0000         36.0000          4.0000        175.8060
  306         16.0022         32.0000         34.0000          1.0000        166.0368
  307         16.0022         32.0000         35.0000          1.0000        166.3185
  308         16.0022         32.0000         36.0000          1.0000        166.7591
  310         16.0022         32.0000         34.0000          2.0000        169.6211
  311         16.0022         32.0000         35.0000          2.0000        169.7273
  312         16.0022         32.0000         36.0000          2.0000        169.9680
  314         16.0022         32.0000         34.0000          3.0000        172.6716
  315         16.0022         32.0000         35.0000          3.0000        172.7166
  316         16.0022         32.0000         36.0000          3.0000        172.8104
  318         16.0022         32.0000         34.0000          4.0000        175.6895
  319         16.0022         32.0000         35.0000          4.0000        175.7095
  320         16.0022         32.0000         36.0000          4.0000        175.8027
  306         17.0105         32.0000         34.0000          1.0000        122.9156
  307         17.0105         32.0000         35.0000          1.0000        123.1048
  308         17.0105         32.0000         36.0000          1.0000        123.5100
  310         17.0105         32.0000         34.0000          2.0000        126.4750
  311         17.0105         32.0000         35.0000          2.0000        126.5489
  312         17.0105         32.0000         36.0000          2.0000        126.7605
  314         17.0105         32.0000         34.0000          3.0000        129.5356
  315         17.0105         32.0000         35.0000          3.0000        129.5689
  316         17.0105         32.0000         36.0000          3.0000        129.6465
  318         17.0105         32.0000         34.0000          4.0000        132.5376
  319         17.0105         32.0000         35.0000          4.0000        132.5550
  320         17.0105         32.0000         36.0000          4.0000        132.6367
  306         17.0105         32.0000         34.0000          1.0000        123.4627
  307         17.0105         32.0000         35.0000          1.0000        123.6546
  308         17.0105         32.0000         36.0000          1.0000        124.0742
  310         17.0105         32.0000         34.0000          2.0000        127.0560
  311         17.0105         32.0000         35.0000          2.0000        127.1312
  312         17.0105         32.0000         36.0000          2.0000        127.3485
  314         17.0105         32.0000         34.0000          3.0000        130.1240
  315         17.0105         32.0000         35.0000          3.0000        130.1582
  316         17.0105         32.0000         36.0000          3.0000        130.2385
  318         17.0105         32.0000         34.0000          4.0000        133.1237
  319         17.0105         32.0000         35.0000          4.0000        133.1419
  320         17.0105         32.0000         36.0000          4.0000        133.2251
  306         17.0105         32.0000         34.0000          1.0000        123.5053
  307         17.0105         32.0000         35.0000          1.0000        123.6986
  308         17.0105         32.0000         36.0000          1.0000        124.1163
  310         17.0105         32.0000         34.0000          2.0000        127.0920
  311         17.0105         32.0000         35.0000          2.0000        127.1676
  312         17.0105         32.0000         36.0000          2.0000        127.3842
  314         17.0105         32.0000         34.0000          3.0000        130.1565
  315         17.0105         32.0000         35.0000          3.0000        130.1908
  316         17.0105         32.0000         36.0000          3.0000        130.2708
  318         17.0105         32.0000         34.0000          4.0000        133.1535
  319         17.0105         32.0000         35.0000          4.0000        133.1717
  320         17.0105         32.0000         36.0000          4.0000        133.2547
  306         18.0036         32.0000         34.0000          1.0000         88.0482
  307         18.0036         32.0000         35.0000          1.0000         88.1956
  308         18.0036         32.0000         36.0000          1.0000         88.4276
  310         18.0036         32.0000         34.0000          2.0000         89.8314
  311         18.0036         32.0000         35.0000          2.0000         89.9104
  312         18.0036         32.0000         36.0000          2.0000         90.0697
  314         18.0036         32.0000         34.0000          3.0000         91.4532
  315         18.0036         32.0000         35.0000          3.0000         91.5032
  316         18.0036         32.0000         36.0000          3.0000         91.5922
  318         18.0036         32.0000         34.0000          4.0000         93.1839
  319         18.0036         32.0000         35.0000          4.0000         93.2169
  320         18.0036         32.0000         36.0000          4.0000         93.2993
  306         18.0036         32.0000         34.0000          1.0000         87.5045
  307         18.0036         32.0000         35.0000          1.0000         87.6509
  308         18.0036         32.0000         36.0000          1.0000         87.8652
  310         18.0036         32.0000         34.0000          2.0000         89.2466
  311         18.0036         32.0000         35.0000          2.0000         89.3249
  312         18.0036         32.0000         36.0000          2.0000         89.4774
  314         18.0036         32.0000         34.0000          3.0000         90.8602
  315         18.0036         32.0000         35.0000          3.0000         90.9097
  316         18.0036         32.0000         36.0000          3.0000         90.9957
  318         18.0036         32.0000         34.0000          4.0000         92.5942
  319         18.0036         32.0000         35.0000          4.0000         92.6269
  320         18.0036         32.0000         36.0000          4.0000         92.7078
  306         18.0036         32.0000         34.0000          1.0000         87.4638
  307         18.0036         32.0000         35.0000          1.0000         87.6089
  308         18.0036         32.0000         36.0000          1.0000         87.8249
  310         18.0036         32.0000         34.0000          2.0000         89.2123
  311         18.0036         32.0000         35.0000          2.0000         89.2902
  312         18.0036         32.0000         36.0000          2.0000         89.4432
  314         18.0036         32.0000         34.0000          3.0000         90.8293
  315         18.0036         32.0000         35.0000          3.0000         90.8787
  316         18.0036         32.0000         36.0000          3.0000         90.9649
  318         18.0036         32.0000         34.0000          4.0000         92.5659
  319         18.0036         32.0000         35.0000          4.0000         92.5984
  320         18.0036         32.0000         36.0000          4.0000         92.6795
  306         19.0092         32.0000         34.0000          1.0000         22.6959
  307         19.0092         32.0000         35.0000          1.0000         24.1609
  308         19.0092         32.0000         36.0000          1.0000         25.6429
  310         19.0092         32.0000         34.0000          2.0000         23.0518
  311         19.0092         32.0000         35.0000          2.0000         24.4791
  312         19.0092         32.0000         36.0000          2.0000         25.9293
  314         19.0092         32.0000         34.0000          3.0000         23.3897
  315         19.0092         32.0000         35.0000          3.0000         24.7814
  316         19.0092         32.0000         36.0000          3.0000         26.1851
  318         19.0092         32.0000         34.0000          4.0000         26.4465
  319         19.0092         32.0000         35.0000          4.0000         26.4586
  320         19.0092         32.0000         36.0000          4.0000         26.4826
  306         19.0092         32.0000         34.0000          1.0000         22.6498
  307         19.0092         32.0000         35.0000          1.0000         24.1089
  308         19.0092         32.0000         36.0000          1.0000         25.5812
  310         19.0092         32.0000         34.0000          2.0000         22.9959
  311         19.0092         32.0000         35.0000          2.0000         24.4183
  312         19.0092         32.0000         36.0000          2.0000         25.8622
  314         19.0092         32.0000         34.0000          3.0000         23.2889
  315         19.0092         32.0000         35.0000          3.0000         24.6964
  316         19.0092         32.0000         36.0000          3.0000         26.1169
  318         19.0092         32.0000         34.0000          4.0000         26.3798
  319         19.0092         32.0000         35.0000          4.0000         26.3914
  320         19.0092         32.0000         36.0000          4.0000         26.4148
  306         20.0022         32.0000         34.0000          1.0000         -0.8735
  307         20.0022         32.0000         35.0000          1.0000         -0.6727
  308         20.0022         32.0000         36.0000          1.0000         -0.4977
  310         20.0022         32.0000         34.0000          2.0000         -1.2269
  311         20.0022         32.0000         35.0000          2.0000         -1.0244
  312         20.0022         32.0000         36.0000          2.0000         -0.8310
  314         20.0022         32.0000         34.0000          3.0000         -1.3426
  315         20.0022         32.0000         35.0000          3.0000         -1.2398
  316         20.0022         32.0000         36.0000          3.0000         -1.1371
  318         20.0022         32.0000         34.0000          4.0000         -1.4504
  319         20.0022         32.0000         35.0000          4.0000         -1.4482
  320         20.0022         32.0000         36.0000          4.0000         -1.4481
  306         20.0022         32.0000         34.0000          1.0000         -0.9031
  307         20.0022         32.0000         35.0000          1.0000         -0.7017
  308         20.0022         32.0000         36.0000          1.0000         -0.5291
  310         20.0022         32.0000         34.0000          2.0000         -1.2640
  311         20.0022         32.0000         35.0000          2.0000         -1.0611
  312         20.0022         32.0000         36.0000          2.0000         -0.8682
  314         20.0022         32.0000         34.0000          3.0000         -1.3814
  315         20.0022         32.0000         35.0000          3.0000         -1.2787
  316         20.0022         32.0000         36.0000          3.0000         -1.1763
  318         20.0022         32.0000         34.0000          4.0000         -1.4902
  319         20.0022         32.0000         35.0000          4.0000         -1.4880
  320         20.0022         32.0000         36.0000          4.0000         -1.4881
  306         21.0060         32.0000         34.0000          1.0000         -5.1406
  307         21.0060         32.0000         35.0000          1.0000         -5.1099
  308         21.0060         32.0000         36.0000          1.0000         -5.1054
  310         21.0060         32.0000         34.0000          2.0000         -5.6275
  311         21.0060         32.0000         35.0000          2.0000         -5.5824
  312         21.0060         32.0000         36.0000          2.0000         -5.5487
  314         21.0060         32.0000         34.0000          3.0000         -6.0004
  315         21.0060         32.0000         35.0000          3.0000         -5.9741
  316         21.0060         32.0000         36.0000          3.0000         -5.9491
  318         21.0060         32.0000         34.0000          4.0000         -6.3510
  319         21.0060         32.0000         35.0000          4.0000         -6.3514
  320         21.0060         32.0000         36.0000          4.0000         -6.3560
  306         21.0060         32.0000         34.0000          1.0000         -5.1562
  307         21.0060         32.0000         35.0000          1.0000         -5.1252
  308         21.0060         32.0000         36.0000          1.0000         -5.1231
  310         21.0060         32.0000         34.0000          2.0000         -5.6495
  311         21.0060         32.0000         35.0000          2.0000         -5.6044
  312         21.0060         32.0000         36.0000          2.0000         -5.5716
  314         21.0060         32.0000         34.0000          3.0000         -6.0246
  315         21.0060         32.0000         35.0000          3.0000         -5.9982
  316         21.0060         32.0000         36.0000          3.0000         -5.9736
  318         21.0060         32.0000         34.0000          4.0000         -6.3759
  319         21.0060         32.0000         35.0000          4.0000         -6.3762
  320         21.0060         32.0000         36.0000          4.0000         -6.3810
  306         22.0097         32.0000         34.0000          1.0000         -3.8484
  307         22.0097         32.0000         35.0000          1.0000         -3.8668
  308         22.0097         32.0000         36.0000          1.0000         -3.9016
  310         22.0097         32.0000         34.0000          2.0000         -4.2309
  311         22.0097         32.0000         35.0000          2.0000         -4.2303
  312         22.0097         32.0000         36.0000          2.0000         -4.2383
  314         22.0097         32.0000         34.0000          3.0000         -4.5400
  315         22.0097         32.0000         35.0000          3.0000         -4.5379
  316         22.0097         32.0000         36.0000          3.0000         -4.5374
  318         22.0097         32.0000         34.0000          4.0000         -4.8262
  319         22.0097         32.0000         35.0000          4.0000         -4.8275
  320         22.0097         32.0000         36.0000          4.0000         -4.8325
  306         22.0097         32.0000         34.0000          1.0000         -3.8600
  307         22.0097         32.0000         35.0000          1.0000         -3.8784
  308         22.0097         32.0000         36.0000          1.0000         -3.9145
  310         22.0097         32.0000         34.0000          2.0000         -4.2463
  311         22.0097         32.0000         35.0000          2.0000         -4.2458
  312         22.0097         32.0000         36.0000          2.0000         -4.2543
  314         22.0097         32.0000         34.0000          3.0000         -4.5569
  315         22.0097         32.0000         35.0000          3.0000         -4.5548
  316         22.0097         32.0000         36.0000          3.0000         -4.5546
  318         22.0097         32.0000         34.0000          4.0000         -4.8438
  319         22.0097         32.0000         35.0000          4.0000         -4.8451
  320         22.0097         32.0000         36.0000          4.0000         -4.8502
  306         23.0112         32.0000         34.0000          1.0000         -3.9120
  307         23.0112         32.0000         35.0000          1.0000         -3.9446
  308         23.0112         32.0000         36.0000          1.0000         -3.9902
  310         23.0112         32.0000         34.0000          2.0000         -4.2808
  311         23.0112         32.0000         35.0000          2.0000         -4.2892
  312         23.0112         32.0000         36.0000          2.0000         -4.3060
  314         23.0112         32.0000         34.0000          3.0000         -4.5725
  315         23.0112         32.0000         35.0000          3.0000         -4.5749
  316         23.0112         32.0000         36.0000          3.0000         -4.5796
  318         23.0112         32.0000         34.0000          4.0000         -4.8327
  319         23.0112         32.0000         35.0000          4.0000         -4.8346
  320         23.0112         32.0000         36.0000          4.0000         -4.8404
  306         23.0112         32.0000         34.0000          1.0000         -3.9177
  307         23.0112         32.0000         35.0000          1.0000         -3.9503
  308         23.0112         32.0000         36.0000          1.0000         -3.9968
  310         23.0112         32.0000         34.0000          2.0000         -4.2890
  311         23.0112         32.0000         35.0000          2.0000         -4.2975
  312         23.0112         32.0000         36.0000          2.0000         -4.3146
  314         23.0112         32.0000         34.0000          3.0000         -4.5815
  315         23.0112         32.0000         35.0000          3.0000         -4.5840
  316         23.0112         32.0000         36.0000          3.0000         -4.5888
  318         23.0112         32.0000         34.0000          4.0000         -4.8421
  319         23.0112         32.0000         35.0000          4.0000         -4.8440
  320         23.0112         32.0000         36.0000          4.0000         -4.8498
