  257          1.0142         33.0000         37.0000          1.0000        304.2645
  261          1.0142         33.0000         37.0000          2.0000        304.2296
  265          1.0142         33.0000         37.0000          3.0000        304.2073
  269          1.0142         33.0000         37.0000          4.0000        304.1822
  257          1.0142         33.0000         37.0000          1.0000        304.2644
  261          1.0142         33.0000         37.0000          2.0000        304.2293
  265          1.0142         33.0000         37.0000          3.0000        304.2069
  269          1.0142         33.0000         37.0000          4.0000        304.1818
  257          2.0285         33.0000         37.0000          1.0000        303.7515
  261          2.0285         33.0000         37.0000          2.0000        303.7104
  265          2.0285         33.0000         37.0000          3.0000        303.6840
  269          2.0285         33.0000         37.0000          4.0000        303.6556
  257          2.0285         33.0000         37.0000          1.0000        303.7509
  261          2.0285         33.0000         37.0000          2.0000        303.7096
  265          2.0285         33.0000         37.0000          3.0000        303.6832
  269          2.0285         33.0000         37.0000          4.0000        303.6547
  257          3.0037         33.0000         37.0000          1.0000        303.4154
  261          3.0037         33.0000         37.0000          2.0000        303.3661
  265          3.0037         33.0000         37.0000          3.0000        303.3360
  269          3.0037         33.0000         37.0000          4.0000        303.3055
  257          3.0037         33.0000         37.0000          1.0000        303.4153
  261          3.0037         33.0000         37.0000          2.0000        303.3658
  265          3.0037         33.0000         37.0000          3.0000        303.3356
  269          3.0037         33.0000         37.0000          4.0000        303.3051
  257          4.0179         33.0000         37.0000          1.0000        303.0595
  261          4.0179         33.0000         37.0000          2.0000        303.0029
  265          4.0179         33.0000         37.0000          3.0000        302.9691
  269          4.0179         33.0000         37.0000          4.0000        302.9363
  257          4.0179         33.0000         37.0000          1.0000        303.0593
  261          4.0179         33.0000         37.0000          2.0000        303.0025
  265          4.0179         33.0000         37.0000          3.0000        302.9686
  269          4.0179         33.0000         37.0000          4.0000        302.9358
  257          5.0321         33.0000         37.0000          1.0000        302.6852
  261          5.0321         33.0000         37.0000          2.0000        302.6215
  265          5.0321         33.0000         37.0000          3.0000        302.5838
  269          5.0321         33.0000         37.0000          4.0000        302.5482
  257          5.0321         33.0000         37.0000          1.0000        302.6854
  261          5.0321         33.0000         37.0000          2.0000        302.6214
  265          5.0321         33.0000         37.0000          3.0000        302.5836
  269          5.0321         33.0000         37.0000          4.0000        302.5480
  257          6.0269         33.0000         37.0000          1.0000        302.3763
  261          6.0269         33.0000         37.0000          2.0000        302.3092
  265          6.0269         33.0000         37.0000          3.0000        302.2703
  269          6.0269         33.0000         37.0000          4.0000        302.2344
  257          6.0269         33.0000         37.0000          1.0000        302.3763
  261          6.0269         33.0000         37.0000          2.0000        302.3089
  265          6.0269         33.0000         37.0000          3.0000        302.2699
  269          6.0269         33.0000         37.0000          4.0000        302.2340
  257          7.0411         33.0000         37.0000          1.0000        302.0720
  261          7.0411         33.0000         37.0000          2.0000        302.0018
  265          7.0411         33.0000         37.0000          3.0000        301.9617
  269          7.0411         33.0000         37.0000          4.0000        301.9254
  257          7.0411         33.0000         37.0000          1.0000        302.0751
  261          7.0411         33.0000         37.0000          2.0000        302.0048
  265          7.0411         33.0000         37.0000          3.0000        301.9645
  269          7.0411         33.0000         37.0000          4.0000        301.9280
  257          8.0046         33.0000         37.0000          1.0000        302.3429
  261          8.0046         33.0000         37.0000          2.0000        302.2968
  265          8.0046         33.0000         37.0000          3.0000        302.2763
  269          8.0046         33.0000         37.0000          4.0000        302.2588
  257          8.0046         33.0000         37.0000          1.0000        302.3487
  261          8.0046         33.0000         37.0000          2.0000        302.3025
  265          8.0046         33.0000         37.0000          3.0000        302.2818
  269          8.0046         33.0000         37.0000          4.0000        302.2639
  257          8.0046         33.0000         37.0000          1.0000        302.3491
  261          8.0046         33.0000         37.0000          2.0000        302.3028
  265          8.0046         33.0000         37.0000          3.0000        302.2820
  269          8.0046         33.0000         37.0000          4.0000        302.2641
  257          9.0117         33.0000         37.0000          1.0000        305.1524
  261          9.0117         33.0000         37.0000          2.0000        305.2117
  265          9.0117         33.0000         37.0000          3.0000        305.2696
  269          9.0117         33.0000         37.0000          4.0000        305.3239
  257          9.0117         33.0000         37.0000          1.0000        305.1632
  261          9.0117         33.0000         37.0000          2.0000        305.2222
  265          9.0117         33.0000         37.0000          3.0000        305.2795
  269          9.0117         33.0000         37.0000          4.0000        305.3331
  257          9.0117         33.0000         37.0000          1.0000        305.1634
  261          9.0117         33.0000         37.0000          2.0000        305.2221
  265          9.0117         33.0000         37.0000          3.0000        305.2794
  269          9.0117         33.0000         37.0000          4.0000        305.3330
  257         10.0022         33.0000         37.0000          1.0000        308.3192
  261         10.0022         33.0000         37.0000          2.0000        308.4737
  265         10.0022         33.0000         37.0000          3.0000        308.5987
  269         10.0022         33.0000         37.0000          4.0000        308.7106
  257         10.0022         33.0000         37.0000          1.0000        308.3301
  261         10.0022         33.0000         37.0000          2.0000        308.4843
  265         10.0022         33.0000         37.0000          3.0000        308.6089
  269         10.0022         33.0000         37.0000          4.0000        308.7202
  257         10.0022         33.0000         37.0000          1.0000        308.3304
  261         10.0022         33.0000         37.0000          2.0000        308.4845
  265         10.0022         33.0000         37.0000          3.0000        308.6090
  269         10.0022         33.0000         37.0000          4.0000        308.7203
  257         11.0065         33.0000         37.0000          1.0000        311.2643
  261         11.0065         33.0000         37.0000          2.0000        311.5297
  265         11.0065         33.0000         37.0000          3.0000        311.7373
  269         11.0065         33.0000         37.0000          4.0000        311.9209
  257         11.0065         33.0000         37.0000          1.0000        311.2748
  261         11.0065         33.0000         37.0000          2.0000        311.5400
  265         11.0065         33.0000         37.0000          3.0000        311.7471
  269         11.0065         33.0000         37.0000          4.0000        311.9301
  257         11.0065         33.0000         37.0000          1.0000        311.2753
  261         11.0065         33.0000         37.0000          2.0000        311.5403
  265         11.0065         33.0000         37.0000          3.0000        311.7474
  269         11.0065         33.0000         37.0000          4.0000        311.9304
  257         12.0044         33.0000         37.0000          1.0000        313.6800
  261         12.0044         33.0000         37.0000          2.0000        313.9751
  265         12.0044         33.0000         37.0000          3.0000        314.1982
  269         12.0044         33.0000         37.0000          4.0000        314.3939
  257         12.0044         33.0000         37.0000          1.0000        313.6857
  261         12.0044         33.0000         37.0000          2.0000        313.9803
  265         12.0044         33.0000         37.0000          3.0000        314.2029
  269         12.0044         33.0000         37.0000          4.0000        314.3982
  257         12.0044         33.0000         37.0000          1.0000        313.6868
  261         12.0044         33.0000         37.0000          2.0000        313.9811
  265         12.0044         33.0000         37.0000          3.0000        314.2034
  269         12.0044         33.0000         37.0000          4.0000        314.3986
  257         12.0044         33.0000         37.0000          1.0000        313.6869
  261         12.0044         33.0000         37.0000          2.0000        313.9812
  265         12.0044         33.0000         37.0000          3.0000        314.2035
  269         12.0044         33.0000         37.0000          4.0000        314.3987
  257         13.0152         33.0000         37.0000          1.0000        315.0606
  261         13.0152         33.0000         37.0000          2.0000        315.3518
  265         13.0152         33.0000         37.0000          3.0000        315.5661
  269         13.0152         33.0000         37.0000          4.0000        315.7489
  257         13.0152         33.0000         37.0000          1.0000        315.0579
  261         13.0152         33.0000         37.0000          2.0000        315.3488
  265         13.0152         33.0000         37.0000          3.0000        315.5631
  269         13.0152         33.0000         37.0000          4.0000        315.7460
  257         14.0195         33.0000         37.0000          1.0000        315.2190
  261         14.0195         33.0000         37.0000          2.0000        315.5641
  265         14.0195         33.0000         37.0000          3.0000        315.8299
  269         14.0195         33.0000         37.0000          4.0000        316.0609
  257         14.0195         33.0000         37.0000          1.0000        315.2675
  261         14.0195         33.0000         37.0000          2.0000        315.6141
  265         14.0195         33.0000         37.0000          3.0000        315.8787
  269         14.0195         33.0000         37.0000          4.0000        316.1076
  257         14.0195         33.0000         37.0000          1.0000        315.2702
  261         14.0195         33.0000         37.0000          2.0000        315.6163
  265         14.0195         33.0000         37.0000          3.0000        315.8806
  269         14.0195         33.0000         37.0000          4.0000        316.1094
  257         15.0076         33.0000         37.0000          1.0000        316.8056
  261         15.0076         33.0000         37.0000          2.0000        317.1102
  265         15.0076         33.0000         37.0000          3.0000        317.3225
  269         15.0076         33.0000         37.0000          4.0000        317.4965
  257         15.0076         33.0000         37.0000          1.0000        316.7507
  261         15.0076         33.0000         37.0000          2.0000        317.0523
  265         15.0076         33.0000         37.0000          3.0000        317.2658
  269         15.0076         33.0000         37.0000          4.0000        317.4424
  257         15.0076         33.0000         37.0000          1.0000        316.7491
  261         15.0076         33.0000         37.0000          2.0000        317.0515
  265         15.0076         33.0000         37.0000          3.0000        317.2654
  269         15.0076         33.0000         37.0000          4.0000        317.4422
  257         16.0022         33.0000         37.0000          1.0000        315.9255
  261         16.0022         33.0000         37.0000          2.0000        316.1924
  265         16.0022         33.0000         37.0000          3.0000        316.3802
  269         16.0022         33.0000         37.0000          4.0000        316.5318
  257         16.0022         33.0000         37.0000          1.0000        315.9194
  261         16.0022         33.0000         37.0000          2.0000        316.1860
  265         16.0022         33.0000         37.0000          3.0000        316.3738
  269         16.0022         33.0000         37.0000          4.0000        316.5256
  257         16.0022         33.0000         37.0000          1.0000        315.9194
  261         16.0022         33.0000         37.0000          2.0000        316.1860
  265         16.0022         33.0000         37.0000          3.0000        316.3738
  269         16.0022         33.0000         37.0000          4.0000        316.5256
  257         17.0105         33.0000         37.0000          1.0000        313.8312
  261         17.0105         33.0000         37.0000          2.0000        314.0916
  265         17.0105         33.0000         37.0000          3.0000        314.2840
  269         17.0105         33.0000         37.0000          4.0000        314.4423
  257         17.0105         33.0000         37.0000          1.0000        313.8627
  261         17.0105         33.0000         37.0000          2.0000        314.1245
  265         17.0105         33.0000         37.0000          3.0000        314.3164
  269         17.0105         33.0000         37.0000          4.0000        314.4735
  257         17.0105         33.0000         37.0000          1.0000        313.8643
  261         17.0105         33.0000         37.0000          2.0000        314.1259
  265         17.0105         33.0000         37.0000          3.0000        314.3175
  269         17.0105         33.0000         37.0000          4.0000        314.4745
  257         18.0036         33.0000         37.0000          1.0000        311.3661
  261         18.0036         33.0000         37.0000          2.0000        311.5464
  265         18.0036         33.0000         37.0000          3.0000        311.6730
  269         18.0036         33.0000         37.0000          4.0000        311.7678
  257         18.0036         33.0000         37.0000          1.0000        311.3356
  261         18.0036         33.0000         37.0000          2.0000        311.5144
  265         18.0036         33.0000         37.0000          3.0000        311.6416
  269         18.0036         33.0000         37.0000          4.0000        311.7376
  257         18.0036         33.0000         37.0000          1.0000        311.3339
  261         18.0036         33.0000         37.0000          2.0000        311.5130
  265         18.0036         33.0000         37.0000          3.0000        311.6403
  269         18.0036         33.0000         37.0000          4.0000        311.7365
  257         19.0092         33.0000         37.0000          1.0000        308.5124
  261         19.0092         33.0000         37.0000          2.0000        308.6114
  265         19.0092         33.0000         37.0000          3.0000        308.6767
  269         19.0092         33.0000         37.0000          4.0000        308.7176
  257         19.0092         33.0000         37.0000          1.0000        308.5085
  261         19.0092         33.0000         37.0000          2.0000        308.6072
  265         19.0092         33.0000         37.0000          3.0000        308.6726
  269         19.0092         33.0000         37.0000          4.0000        308.7137
  257         20.0022         33.0000         37.0000          1.0000        307.0377
  261         20.0022         33.0000         37.0000          2.0000        307.0797
  265         20.0022         33.0000         37.0000          3.0000        307.1016
  269         20.0022         33.0000         37.0000          4.0000        307.1068
  257         20.0022         33.0000         37.0000          1.0000        307.0339
  261         20.0022         33.0000         37.0000          2.0000        307.0755
  265         20.0022         33.0000         37.0000          3.0000        307.0975
  269         20.0022         33.0000         37.0000          4.0000        307.1028
  257         21.0060         33.0000         37.0000          1.0000        306.1846
  261         21.0060         33.0000         37.0000          2.0000        306.2031
  265         21.0060         33.0000         37.0000          3.0000        306.2096
  269         21.0060         33.0000         37.0000          4.0000        306.2026
  257         21.0060         33.0000         37.0000          1.0000        306.1825
  261         21.0060         33.0000         37.0000          2.0000        306.2008
  265         21.0060         33.0000         37.0000          3.0000        306.2072
  269         21.0060         33.0000         37.0000          4.0000        306.2003
  257         22.0097         33.0000         37.0000          1.0000        305.7132
  261         22.0097         33.0000         37.0000          2.0000        305.7134
  265         22.0097         33.0000         37.0000          3.0000        305.7090
  269         22.0097         33.0000         37.0000          4.0000        305.6954
  257         22.0097         33.0000         37.0000          1.0000        305.7120
  261         22.0097         33.0000         37.0000          2.0000        305.7119
  265         22.0097         33.0000         37.0000          3.0000        305.7074
  269         22.0097         33.0000         37.0000          4.0000        305.6939
  257         23.0112         33.0000         37.0000          1.0000        305.2588
  261         23.0112         33.0000         37.0000          2.0000        305.2449
  265         23.0112         33.0000         37.0000          3.0000        305.2332
  269         23.0112         33.0000         37.0000          4.0000        305.2153
  257         23.0112         33.0000         37.0000          1.0000        305.2582
  261         23.0112         33.0000         37.0000          2.0000        305.2440
  265         23.0112         33.0000         37.0000          3.0000        305.2322
  269         23.0112         33.0000         37.0000          4.0000        305.2142
