  289          1.0142         33.0000         32.0000          1.0000          4.2327
  293          1.0142         33.0000         32.0000          2.0000          4.2623
  297          1.0142         33.0000         32.0000          3.0000          4.2417
  301          1.0142         33.0000         32.0000          4.0000          4.2055
  289          1.0142         33.0000         32.0000          1.0000          4.2280
  293          1.0142         33.0000         32.0000          2.0000          4.2571
  297          1.0142         33.0000         32.0000          3.0000          4.2363
  301          1.0142         33.0000         32.0000          4.0000          4.2001
  289          2.0285         33.0000         32.0000          1.0000          5.5148
  293          2.0285         33.0000         32.0000          2.0000          5.5153
  297          2.0285         33.0000         32.0000          3.0000          5.4708
  301          2.0285         33.0000         32.0000          4.0000          5.4136
  289          2.0285         33.0000         32.0000          1.0000          5.5099
  293          2.0285         33.0000         32.0000          2.0000          5.5096
  297          2.0285         33.0000         32.0000          3.0000          5.4649
  301          2.0285         33.0000         32.0000          4.0000          5.4078
  289          3.0037         33.0000         32.0000          1.0000          2.6803
  293          3.0037         33.0000         32.0000          2.0000          2.6582
  297          3.0037         33.0000         32.0000          3.0000          2.6191
  301          3.0037         33.0000         32.0000          4.0000          2.5680
  289          3.0037         33.0000         32.0000          1.0000          2.6742
  293          3.0037         33.0000         32.0000          2.0000          2.6516
  297          3.0037         33.0000         32.0000          3.0000          2.6124
  301          3.0037         33.0000         32.0000          4.0000          2.5613
  289          4.0179         33.0000         32.0000          1.0000          2.1539
  293          4.0179         33.0000         32.0000          2.0000          2.1126
  297          4.0179         33.0000         32.0000          3.0000          2.0658
  301          4.0179         33.0000         32.0000          4.0000          2.0110
  289          4.0179         33.0000         32.0000          1.0000          2.1488
  293          4.0179         33.0000         32.0000          2.0000          2.1069
  297          4.0179         33.0000         32.0000          3.0000          2.0600
  301          4.0179         33.0000         32.0000          4.0000          2.0053
  289          5.0321         33.0000         32.0000          1.0000          1.8405
  293          5.0321         33.0000         32.0000          2.0000          1.7809
  297          5.0321         33.0000         32.0000          3.0000          1.7260
  301          5.0321         33.0000         32.0000          4.0000          1.6667
  289          5.0321         33.0000         32.0000          1.0000          1.8365
  293          5.0321         33.0000         32.0000          2.0000          1.7767
  297          5.0321         33.0000         32.0000          3.0000          1.7217
  301          5.0321         33.0000         32.0000          4.0000          1.6623
  289          6.0269         33.0000         32.0000          1.0000          1.7529
  293          6.0269         33.0000         32.0000          2.0000          1.6824
  297          6.0269         33.0000         32.0000          3.0000          1.6242
  301          6.0269         33.0000         32.0000          4.0000          1.5640
  289          6.0269         33.0000         32.0000          1.0000          1.7477
  293          6.0269         33.0000         32.0000          2.0000          1.6768
  297          6.0269         33.0000         32.0000          3.0000          1.6186
  301          6.0269         33.0000         32.0000          4.0000          1.5585
  289          7.0411         33.0000         32.0000          1.0000          1.7122
  293          7.0411         33.0000         32.0000          2.0000          1.6311
  297          7.0411         33.0000         32.0000          3.0000          1.5691
  301          7.0411         33.0000         32.0000          4.0000          1.5077
  289          7.0411         33.0000         32.0000          1.0000          1.7190
  293          7.0411         33.0000         32.0000          2.0000          1.6380
  297          7.0411         33.0000         32.0000          3.0000          1.5760
  301          7.0411         33.0000         32.0000          4.0000          1.5145
  289          8.0046         33.0000         32.0000          1.0000          2.4243
  293          8.0046         33.0000         32.0000          2.0000          2.3845
  297          8.0046         33.0000         32.0000          3.0000          2.3581
  301          8.0046         33.0000         32.0000          4.0000          2.3308
  289          8.0046         33.0000         32.0000          1.0000          2.4417
  293          8.0046         33.0000         32.0000          2.0000          2.4026
  297          8.0046         33.0000         32.0000          3.0000          2.3765
  301          8.0046         33.0000         32.0000          4.0000          2.3493
  289          8.0046         33.0000         32.0000          1.0000          2.4445
  293          8.0046         33.0000         32.0000          2.0000          2.4052
  297          8.0046         33.0000         32.0000          3.0000          2.3790
  301          8.0046         33.0000         32.0000          4.0000          2.3517
  289          9.0117         33.0000         32.0000          1.0000          7.9653
  293          9.0117         33.0000         32.0000          2.0000          8.3377
  297          9.0117         33.0000         32.0000          3.0000          8.5753
  301          9.0117         33.0000         32.0000          4.0000          8.7858
  289          9.0117         33.0000         32.0000          1.0000          8.0090
  293          9.0117         33.0000         32.0000          2.0000          8.3843
  297          9.0117         33.0000         32.0000          3.0000          8.6222
  301          9.0117         33.0000         32.0000          4.0000          8.8323
  289          9.0117         33.0000         32.0000          1.0000          8.0136
  293          9.0117         33.0000         32.0000          2.0000          8.3888
  297          9.0117         33.0000         32.0000          3.0000          8.6264
  301          9.0117         33.0000         32.0000          4.0000          8.8362
  289         10.0022         33.0000         32.0000          1.0000         20.8366
  293         10.0022         33.0000         32.0000          2.0000         22.2641
  297         10.0022         33.0000         32.0000          3.0000         23.0845
  301         10.0022         33.0000         32.0000          4.0000         23.8275
  289         10.0022         33.0000         32.0000          1.0000         20.8986
  293         10.0022         33.0000         32.0000          2.0000         22.3300
  297         10.0022         33.0000         32.0000          3.0000         23.1506
  301         10.0022         33.0000         32.0000          4.0000         23.8925
  289         10.0022         33.0000         32.0000          1.0000         20.9041
  293         10.0022         33.0000         32.0000          2.0000         22.3345
  297         10.0022         33.0000         32.0000          3.0000         23.1544
  301         10.0022         33.0000         32.0000          4.0000         23.8959
  289         11.0065         33.0000         32.0000          1.0000         36.7933
  293         11.0065         33.0000         32.0000          2.0000         39.6707
  297         11.0065         33.0000         32.0000          3.0000         41.3758
  301         11.0065         33.0000         32.0000          4.0000         42.9351
  289         11.0065         33.0000         32.0000          1.0000         36.8656
  293         11.0065         33.0000         32.0000          2.0000         39.7464
  297         11.0065         33.0000         32.0000          3.0000         41.4504
  301         11.0065         33.0000         32.0000          4.0000         43.0074
  289         11.0065         33.0000         32.0000          1.0000         36.8703
  293         11.0065         33.0000         32.0000          2.0000         39.7504
  297         11.0065         33.0000         32.0000          3.0000         41.4539
  301         11.0065         33.0000         32.0000          4.0000         43.0107
  289         12.0044         33.0000         32.0000          1.0000         49.2820
  293         12.0044         33.0000         32.0000          2.0000         52.9445
  297         12.0044         33.0000         32.0000          3.0000         55.0605
  301         12.0044         33.0000         32.0000          4.0000         56.9581
  289         12.0044         33.0000         32.0000          1.0000         50.1563
  293         12.0044         33.0000         32.0000          2.0000         53.1872
  297         12.0044         33.0000         32.0000          3.0000         55.1735
  301         12.0044         33.0000         32.0000          4.0000         57.0350
  289         12.0044         33.0000         32.0000          1.0000         50.1735
  293         12.0044         33.0000         32.0000          2.0000         53.1943
  297         12.0044         33.0000         32.0000          3.0000         55.1776
  301         12.0044         33.0000         32.0000          4.0000         57.0380
  289         12.0044         33.0000         32.0000          1.0000         50.1754
  293         12.0044         33.0000         32.0000          2.0000         53.1952
  297         12.0044         33.0000         32.0000          3.0000         55.1781
  301         12.0044         33.0000         32.0000          4.0000         57.0385
  289         13.0152         33.0000         32.0000          1.0000         59.4720
  293         13.0152         33.0000         32.0000          2.0000         63.8163
  297         13.0152         33.0000         32.0000          3.0000         66.1355
  301         13.0152         33.0000         32.0000          4.0000         68.2210
  289         13.0152         33.0000         32.0000          1.0000         59.4552
  293         13.0152         33.0000         32.0000          2.0000         63.7940
  297         13.0152         33.0000         32.0000          3.0000         66.1124
  301         13.0152         33.0000         32.0000          4.0000         68.1982
  289         14.0195         33.0000         32.0000          1.0000         77.4029
  293         14.0195         33.0000         32.0000          2.0000         82.6674
  297         14.0195         33.0000         32.0000          3.0000         85.8719
  301         14.0195         33.0000         32.0000          4.0000         88.7645
  289         14.0195         33.0000         32.0000          1.0000         77.8884
  293         14.0195         33.0000         32.0000          2.0000         83.1782
  297         14.0195         33.0000         32.0000          3.0000         86.3751
  301         14.0195         33.0000         32.0000          4.0000         89.2503
  289         14.0195         33.0000         32.0000          1.0000         77.9156
  293         14.0195         33.0000         32.0000          2.0000         83.2010
  297         14.0195         33.0000         32.0000          3.0000         86.3956
  301         14.0195         33.0000         32.0000          4.0000         89.2693
  289         15.0076         33.0000         32.0000          1.0000         47.8344
  293         15.0076         33.0000         32.0000          2.0000         50.6369
  297         15.0076         33.0000         32.0000          3.0000         52.3081
  301         15.0076         33.0000         32.0000          4.0000         53.7696
  289         15.0076         33.0000         32.0000          1.0000         47.3941
  293         15.0076         33.0000         32.0000          2.0000         50.1643
  297         15.0076         33.0000         32.0000          3.0000         51.8314
  301         15.0076         33.0000         32.0000          4.0000         53.2982
  289         15.0076         33.0000         32.0000          1.0000         47.3688
  293         15.0076         33.0000         32.0000          2.0000         50.1424
  297         15.0076         33.0000         32.0000          3.0000         51.8115
  301         15.0076         33.0000         32.0000          4.0000         53.2797
  289         16.0022         33.0000         32.0000          1.0000         60.0035
  293         16.0022         33.0000         32.0000          2.0000         63.1493
  297         16.0022         33.0000         32.0000          3.0000         65.0928
  301         16.0022         33.0000         32.0000          4.0000         66.8782
  289         16.0022         33.0000         32.0000          1.0000         59.9697
  293         16.0022         33.0000         32.0000          2.0000         63.1118
  297         16.0022         33.0000         32.0000          3.0000         65.0545
  301         16.0022         33.0000         32.0000          4.0000         66.8401
  289         16.0022         33.0000         32.0000          1.0000         59.9634
  293         16.0022         33.0000         32.0000          2.0000         63.1075
  297         16.0022         33.0000         32.0000          3.0000         65.0514
  301         16.0022         33.0000         32.0000          4.0000         66.8376
  289         17.0105         33.0000         32.0000          1.0000         53.7982
  293         17.0105         33.0000         32.0000          2.0000         56.6790
  297         17.0105         33.0000         32.0000          3.0000         58.5676
  301         17.0105         33.0000         32.0000          4.0000         60.2859
  289         17.0105         33.0000         32.0000          1.0000         54.0593
  293         17.0105         33.0000         32.0000          2.0000         56.9546
  297         17.0105         33.0000         32.0000          3.0000         58.8419
  301         17.0105         33.0000         32.0000          4.0000         60.5536
  289         17.0105         33.0000         32.0000          1.0000         54.0811
  293         17.0105         33.0000         32.0000          2.0000         56.9718
  297         17.0105         33.0000         32.0000          3.0000         58.8566
  301         17.0105         33.0000         32.0000          4.0000         60.5668
  289         18.0036         33.0000         32.0000          1.0000         42.1619
  293         18.0036         33.0000         32.0000          2.0000         44.1904
  297         18.0036         33.0000         32.0000          3.0000         45.4422
  301         18.0036         33.0000         32.0000          4.0000         46.5887
  289         18.0036         33.0000         32.0000          1.0000         41.9028
  293         18.0036         33.0000         32.0000          2.0000         43.9167
  297         18.0036         33.0000         32.0000          3.0000         45.1709
  301         18.0036         33.0000         32.0000          4.0000         46.3251
  289         18.0036         33.0000         32.0000          1.0000         41.8874
  293         18.0036         33.0000         32.0000          2.0000         43.9035
  297         18.0036         33.0000         32.0000          3.0000         45.1590
  301         18.0036         33.0000         32.0000          4.0000         46.3140
  289         19.0092         33.0000         32.0000          1.0000         29.0075
  293         19.0092         33.0000         32.0000          2.0000         30.2072
  297         19.0092         33.0000         32.0000          3.0000         30.8702
  301         19.0092         33.0000         32.0000          4.0000         31.4485
  289         19.0092         33.0000         32.0000          1.0000         28.9809
  293         19.0092         33.0000         32.0000          2.0000         30.1777
  297         19.0092         33.0000         32.0000          3.0000         30.8401
  301         19.0092         33.0000         32.0000          4.0000         31.4186
  289         20.0022         33.0000         32.0000          1.0000         14.4827
  293         20.0022         33.0000         32.0000          2.0000         14.9964
  297         20.0022         33.0000         32.0000          3.0000         15.2145
  301         20.0022         33.0000         32.0000          4.0000         15.3658
  289         20.0022         33.0000         32.0000          1.0000         14.4597
  293         20.0022         33.0000         32.0000          2.0000         14.9714
  297         20.0022         33.0000         32.0000          3.0000         15.1892
  301         20.0022         33.0000         32.0000          4.0000         15.3410
  289         21.0060         33.0000         32.0000          1.0000         12.0130
  293         21.0060         33.0000         32.0000          2.0000         12.3749
  297         21.0060         33.0000         32.0000          3.0000         12.5002
  301         21.0060         33.0000         32.0000          4.0000         12.5767
  289         21.0060         33.0000         32.0000          1.0000         12.0006
  293         21.0060         33.0000         32.0000          2.0000         12.3608
  297         21.0060         33.0000         32.0000          3.0000         12.4859
  301         21.0060         33.0000         32.0000          4.0000         12.5625
  289         22.0097         33.0000         32.0000          1.0000          6.4945
  293         22.0097         33.0000         32.0000          2.0000          6.6529
  297         22.0097         33.0000         32.0000          3.0000          6.6931
  301         22.0097         33.0000         32.0000          4.0000          6.6982
  289         22.0097         33.0000         32.0000          1.0000          6.4864
  293         22.0097         33.0000         32.0000          2.0000          6.6438
  297         22.0097         33.0000         32.0000          3.0000          6.6838
  301         22.0097         33.0000         32.0000          4.0000          6.6889
  289         23.0112         33.0000         32.0000          1.0000          4.5126
  293         23.0112         33.0000         32.0000          2.0000          4.6073
  297         23.0112         33.0000         32.0000          3.0000          4.6206
  301         23.0112         33.0000         32.0000          4.0000          4.6008
  289         23.0112         33.0000         32.0000          1.0000          4.5050
  293         23.0112         33.0000         32.0000          2.0000          4.5989
  297         23.0112         33.0000         32.0000          3.0000          4.6120
  301         23.0112         33.0000         32.0000          4.0000          4.5922
