  257          1.0142         33.0000         37.0000          1.0000          4.5705
  261          1.0142         33.0000         37.0000          2.0000          4.4831
  265          1.0142         33.0000         37.0000          3.0000          4.4277
  269          1.0142         33.0000         37.0000          4.0000          4.3748
  257          1.0142         33.0000         37.0000          1.0000          4.5637
  261          1.0142         33.0000         37.0000          2.0000          4.4760
  265          1.0142         33.0000         37.0000          3.0000          4.4205
  269          1.0142         33.0000         37.0000          4.0000          4.3676
  257          2.0285         33.0000         37.0000          1.0000          5.7587
  261          2.0285         33.0000         37.0000          2.0000          5.6362
  265          2.0285         33.0000         37.0000          3.0000          5.5584
  269          2.0285         33.0000         37.0000          4.0000          5.4932
  257          2.0285         33.0000         37.0000          1.0000          5.7520
  261          2.0285         33.0000         37.0000          2.0000          5.6290
  265          2.0285         33.0000         37.0000          3.0000          5.5510
  269          2.0285         33.0000         37.0000          4.0000          5.4859
  257          3.0037         33.0000         37.0000          1.0000          3.2406
  261          3.0037         33.0000         37.0000          2.0000          3.1318
  265          3.0037         33.0000         37.0000          3.0000          3.0659
  269          3.0037         33.0000         37.0000          4.0000          3.0007
  257          3.0037         33.0000         37.0000          1.0000          3.2325
  261          3.0037         33.0000         37.0000          2.0000          3.1234
  265          3.0037         33.0000         37.0000          3.0000          3.0574
  269          3.0037         33.0000         37.0000          4.0000          2.9922
  257          4.0179         33.0000         37.0000          1.0000          2.6581
  261          4.0179         33.0000         37.0000          2.0000          2.5393
  265          4.0179         33.0000         37.0000          3.0000          2.4691
  269          4.0179         33.0000         37.0000          4.0000          2.4023
  257          4.0179         33.0000         37.0000          1.0000          2.6510
  261          4.0179         33.0000         37.0000          2.0000          2.5319
  265          4.0179         33.0000         37.0000          3.0000          2.4616
  269          4.0179         33.0000         37.0000          4.0000          2.3948
  257          5.0321         33.0000         37.0000          1.0000          2.2970
  261          5.0321         33.0000         37.0000          2.0000          2.1680
  265          5.0321         33.0000         37.0000          3.0000          2.0925
  269          5.0321         33.0000         37.0000          4.0000          2.0228
  257          5.0321         33.0000         37.0000          1.0000          2.2913
  261          5.0321         33.0000         37.0000          2.0000          2.1621
  265          5.0321         33.0000         37.0000          3.0000          2.0865
  269          5.0321         33.0000         37.0000          4.0000          2.0168
  257          6.0269         33.0000         37.0000          1.0000          2.1665
  261          6.0269         33.0000         37.0000          2.0000          2.0326
  265          6.0269         33.0000         37.0000          3.0000          1.9559
  269          6.0269         33.0000         37.0000          4.0000          1.8867
  257          6.0269         33.0000         37.0000          1.0000          2.1591
  261          6.0269         33.0000         37.0000          2.0000          2.0250
  265          6.0269         33.0000         37.0000          3.0000          1.9483
  269          6.0269         33.0000         37.0000          4.0000          1.8791
  257          7.0411         33.0000         37.0000          1.0000          2.0836
  261          7.0411         33.0000         37.0000          2.0000          1.9444
  265          7.0411         33.0000         37.0000          3.0000          1.8659
  269          7.0411         33.0000         37.0000          4.0000          1.7963
  257          7.0411         33.0000         37.0000          1.0000          2.0900
  261          7.0411         33.0000         37.0000          2.0000          1.9511
  265          7.0411         33.0000         37.0000          3.0000          1.8727
  269          7.0411         33.0000         37.0000          4.0000          1.8033
  257          8.0046         33.0000         37.0000          1.0000          2.7619
  261          8.0046         33.0000         37.0000          2.0000          2.6632
  265          8.0046         33.0000         37.0000          3.0000          2.6193
  269          8.0046         33.0000         37.0000          4.0000          2.5827
  257          8.0046         33.0000         37.0000          1.0000          2.7855
  261          8.0046         33.0000         37.0000          2.0000          2.6874
  265          8.0046         33.0000         37.0000          3.0000          2.6437
  269          8.0046         33.0000         37.0000          4.0000          2.6072
  257          8.0046         33.0000         37.0000          1.0000          2.7890
  261          8.0046         33.0000         37.0000          2.0000          2.6906
  265          8.0046         33.0000         37.0000          3.0000          2.6467
  269          8.0046         33.0000         37.0000          4.0000          2.6100
  257          9.0117         33.0000         37.0000          1.0000          8.7599
  261          9.0117         33.0000         37.0000          2.0000          8.9333
  265          9.0117         33.0000         37.0000          3.0000          9.1042
  269          9.0117         33.0000         37.0000          4.0000          9.2777
  257          9.0117         33.0000         37.0000          1.0000          8.8141
  261          9.0117         33.0000         37.0000          2.0000          8.9886
  265          9.0117         33.0000         37.0000          3.0000          9.1595
  269          9.0117         33.0000         37.0000          4.0000          9.3328
  257          9.0117         33.0000         37.0000          1.0000          8.8206
  261          9.0117         33.0000         37.0000          2.0000          8.9945
  265          9.0117         33.0000         37.0000          3.0000          9.1650
  269          9.0117         33.0000         37.0000          4.0000          9.3380
  257         10.0022         33.0000         37.0000          1.0000         27.0195
  261         10.0022         33.0000         37.0000          2.0000         27.8125
  265         10.0022         33.0000         37.0000          3.0000         28.4585
  269         10.0022         33.0000         37.0000          4.0000         29.1560
  257         10.0022         33.0000         37.0000          1.0000         27.0860
  261         10.0022         33.0000         37.0000          2.0000         27.8787
  265         10.0022         33.0000         37.0000          3.0000         28.5234
  269         10.0022         33.0000         37.0000          4.0000         29.2191
  257         10.0022         33.0000         37.0000          1.0000         27.0906
  261         10.0022         33.0000         37.0000          2.0000         27.8827
  265         10.0022         33.0000         37.0000          3.0000         28.5271
  269         10.0022         33.0000         37.0000          4.0000         29.2225
  257         11.0065         33.0000         37.0000          1.0000         45.1567
  261         11.0065         33.0000         37.0000          2.0000         46.9529
  265         11.0065         33.0000         37.0000          3.0000         48.3659
  269         11.0065         33.0000         37.0000          4.0000         49.8462
  257         11.0065         33.0000         37.0000          1.0000         45.2368
  261         11.0065         33.0000         37.0000          2.0000         47.0320
  265         11.0065         33.0000         37.0000          3.0000         48.4427
  269         11.0065         33.0000         37.0000          4.0000         49.9203
  257         11.0065         33.0000         37.0000          1.0000         45.2420
  261         11.0065         33.0000         37.0000          2.0000         47.0363
  265         11.0065         33.0000         37.0000          3.0000         48.4465
  269         11.0065         33.0000         37.0000          4.0000         49.9238
  257         12.0044         33.0000         37.0000          1.0000         58.8977
  261         12.0044         33.0000         37.0000          2.0000         61.0476
  265         12.0044         33.0000         37.0000          3.0000         62.6806
  269         12.0044         33.0000         37.0000          4.0000         64.3212
  257         12.0044         33.0000         37.0000          1.0000         58.9591
  261         12.0044         33.0000         37.0000          2.0000         61.1072
  265         12.0044         33.0000         37.0000          3.0000         62.7377
  269         12.0044         33.0000         37.0000          4.0000         64.3772
  257         12.0044         33.0000         37.0000          1.0000         58.9681
  261         12.0044         33.0000         37.0000          2.0000         61.1139
  265         12.0044         33.0000         37.0000          3.0000         62.7424
  269         12.0044         33.0000         37.0000          4.0000         64.3808
  257         12.0044         33.0000         37.0000          1.0000         58.9690
  261         12.0044         33.0000         37.0000          2.0000         61.1145
  265         12.0044         33.0000         37.0000          3.0000         62.7428
  269         12.0044         33.0000         37.0000          4.0000         64.3811
  257         13.0152         33.0000         37.0000          1.0000         70.2911
  261         13.0152         33.0000         37.0000          2.0000         72.5558
  265         13.0152         33.0000         37.0000          3.0000         74.2338
  269         13.0152         33.0000         37.0000          4.0000         75.9617
  257         13.0152         33.0000         37.0000          1.0000         70.2700
  261         13.0152         33.0000         37.0000          2.0000         72.5331
  265         13.0152         33.0000         37.0000          3.0000         74.2112
  269         13.0152         33.0000         37.0000          4.0000         75.9398
  257         14.0195         33.0000         37.0000          1.0000         91.9301
  261         14.0195         33.0000         37.0000          2.0000         95.4473
  265         14.0195         33.0000         37.0000          3.0000         98.1652
  269         14.0195         33.0000         37.0000          4.0000        100.9240
  257         14.0195         33.0000         37.0000          1.0000         92.4307
  261         14.0195         33.0000         37.0000          2.0000         95.9658
  265         14.0195         33.0000         37.0000          3.0000         98.6740
  269         14.0195         33.0000         37.0000          4.0000        101.4148
  257         14.0195         33.0000         37.0000          1.0000         92.4592
  261         14.0195         33.0000         37.0000          2.0000         95.9896
  265         14.0195         33.0000         37.0000          3.0000         98.6953
  269         14.0195         33.0000         37.0000          4.0000        101.4345
  257         15.0076         33.0000         37.0000          1.0000         58.1864
  261         15.0076         33.0000         37.0000          2.0000         60.0724
  265         15.0076         33.0000         37.0000          3.0000         61.4039
  269         15.0076         33.0000         37.0000          4.0000         62.8297
  257         15.0076         33.0000         37.0000          1.0000         57.7247
  261         15.0076         33.0000         37.0000          2.0000         59.5807
  265         15.0076         33.0000         37.0000          3.0000         60.9079
  269         15.0076         33.0000         37.0000          4.0000         62.3383
  257         15.0076         33.0000         37.0000          1.0000         57.6960
  261         15.0076         33.0000         37.0000          2.0000         59.5555
  265         15.0076         33.0000         37.0000          3.0000         60.8848
  269         15.0076         33.0000         37.0000          4.0000         62.3168
  257         16.0022         33.0000         37.0000          1.0000         75.1710
  261         16.0022         33.0000         37.0000          2.0000         77.4300
  265         16.0022         33.0000         37.0000          3.0000         79.0300
  269         16.0022         33.0000         37.0000          4.0000         80.7143
  257         16.0022         33.0000         37.0000          1.0000         75.1191
  261         16.0022         33.0000         37.0000          2.0000         77.3755
  265         16.0022         33.0000         37.0000          3.0000         78.9755
  269         16.0022         33.0000         37.0000          4.0000         80.6609
  257         16.0022         33.0000         37.0000          1.0000         75.1184
  261         16.0022         33.0000         37.0000          2.0000         77.3746
  265         16.0022         33.0000         37.0000          3.0000         78.9745
  269         16.0022         33.0000         37.0000          4.0000         80.6599
  257         17.0105         33.0000         37.0000          1.0000         69.3163
  261         17.0105         33.0000         37.0000          2.0000         71.7126
  265         17.0105         33.0000         37.0000          3.0000         73.4925
  269         17.0105         33.0000         37.0000          4.0000         75.3397
  257         17.0105         33.0000         37.0000          1.0000         69.6144
  261         17.0105         33.0000         37.0000          2.0000         72.0255
  265         17.0105         33.0000         37.0000          3.0000         73.8024
  269         17.0105         33.0000         37.0000          4.0000         75.6407
  257         17.0105         33.0000         37.0000          1.0000         69.6304
  261         17.0105         33.0000         37.0000          2.0000         72.0390
  265         17.0105         33.0000         37.0000          3.0000         73.8145
  269         17.0105         33.0000         37.0000          4.0000         75.6519
  257         18.0036         33.0000         37.0000          1.0000         55.2164
  261         18.0036         33.0000         37.0000          2.0000         56.8286
  265         18.0036         33.0000         37.0000          3.0000         57.9750
  269         18.0036         33.0000         37.0000          4.0000         59.2375
  257         18.0036         33.0000         37.0000          1.0000         54.9381
  261         18.0036         33.0000         37.0000          2.0000         56.5361
  265         18.0036         33.0000         37.0000          3.0000         57.6861
  269         18.0036         33.0000         37.0000          4.0000         58.9576
  257         18.0036         33.0000         37.0000          1.0000         54.9220
  261         18.0036         33.0000         37.0000          2.0000         56.5225
  265         18.0036         33.0000         37.0000          3.0000         57.6739
  269         18.0036         33.0000         37.0000          4.0000         58.9463
  257         19.0092         33.0000         37.0000          1.0000         36.2469
  261         19.0092         33.0000         37.0000          2.0000         37.0414
  265         19.0092         33.0000         37.0000          3.0000         37.5744
  269         19.0092         33.0000         37.0000          4.0000         38.1713
  257         19.0092         33.0000         37.0000          1.0000         36.2148
  261         19.0092         33.0000         37.0000          2.0000         37.0075
  265         19.0092         33.0000         37.0000          3.0000         37.5410
  269         19.0092         33.0000         37.0000          4.0000         38.1389
  257         20.0022         33.0000         37.0000          1.0000         16.2422
  261         20.0022         33.0000         37.0000          2.0000         16.4447
  265         20.0022         33.0000         37.0000          3.0000         16.5532
  269         20.0022         33.0000         37.0000          4.0000         16.6698
  257         20.0022         33.0000         37.0000          1.0000         16.2184
  261         20.0022         33.0000         37.0000          2.0000         16.4190
  265         20.0022         33.0000         37.0000          3.0000         16.5273
  269         20.0022         33.0000         37.0000          4.0000         16.6444
  257         21.0060         33.0000         37.0000          1.0000         13.6902
  261         21.0060         33.0000         37.0000          2.0000         13.7774
  265         21.0060         33.0000         37.0000          3.0000         13.8106
  269         21.0060         33.0000         37.0000          4.0000         13.8651
  257         21.0060         33.0000         37.0000          1.0000         13.6770
  261         21.0060         33.0000         37.0000          2.0000         13.7628
  265         21.0060         33.0000         37.0000          3.0000         13.7958
  269         21.0060         33.0000         37.0000          4.0000         13.8505
  257         22.0097         33.0000         37.0000          1.0000          6.9629
  261         22.0097         33.0000         37.0000          2.0000          6.9637
  265         22.0097         33.0000         37.0000          3.0000          6.9521
  269         22.0097         33.0000         37.0000          4.0000          6.9272
  257         22.0097         33.0000         37.0000          1.0000          6.9522
  261         22.0097         33.0000         37.0000          2.0000          6.9521
  265         22.0097         33.0000         37.0000          3.0000          6.9403
  269         22.0097         33.0000         37.0000          4.0000          6.9154
  257         23.0112         33.0000         37.0000          1.0000          5.3853
  261         23.0112         33.0000         37.0000          2.0000          5.3505
  265         23.0112         33.0000         37.0000          3.0000          5.3212
  269         23.0112         33.0000         37.0000          4.0000          5.2779
  257         23.0112         33.0000         37.0000          1.0000          5.3759
  261         23.0112         33.0000         37.0000          2.0000          5.3406
  265         23.0112         33.0000         37.0000          3.0000          5.3111
  269         23.0112         33.0000         37.0000          4.0000          5.2678
