  306          1.0142         32.0000         34.0000          1.0000        299.6162
  307          1.0142         32.0000         35.0000          1.0000        299.5970
  308          1.0142         32.0000         36.0000          1.0000        299.5736
  310          1.0142         32.0000         34.0000          2.0000        299.4666
  311          1.0142         32.0000         35.0000          2.0000        299.4607
  312          1.0142         32.0000         36.0000          2.0000        299.4513
  314          1.0142         32.0000         34.0000          3.0000        299.3562
  315          1.0142         32.0000         35.0000          3.0000        299.3542
  316          1.0142         32.0000         36.0000          3.0000        299.3508
  318          1.0142         32.0000         34.0000          4.0000        299.2623
  319          1.0142         32.0000         35.0000          4.0000        299.2612
  320          1.0142         32.0000         36.0000          4.0000        299.2584
  306          1.0142         32.0000         34.0000          1.0000        299.6186
  307          1.0142         32.0000         35.0000          1.0000        299.5996
  308          1.0142         32.0000         36.0000          1.0000        299.5756
  310          1.0142         32.0000         34.0000          2.0000        299.4672
  311          1.0142         32.0000         35.0000          2.0000        299.4614
  312          1.0142         32.0000         36.0000          2.0000        299.4517
  314          1.0142         32.0000         34.0000          3.0000        299.3562
  315          1.0142         32.0000         35.0000          3.0000        299.3542
  316          1.0142         32.0000         36.0000          3.0000        299.3507
  318          1.0142         32.0000         34.0000          4.0000        299.2621
  319          1.0142         32.0000         35.0000          4.0000        299.2610
  320          1.0142         32.0000         36.0000          4.0000        299.2581
  306          2.0285         32.0000         34.0000          1.0000        299.3678
  307          2.0285         32.0000         35.0000          1.0000        299.3497
  308          2.0285         32.0000         36.0000          1.0000        299.3268
  310          2.0285         32.0000         34.0000          2.0000        299.2259
  311          2.0285         32.0000         35.0000          2.0000        299.2202
  312          2.0285         32.0000         36.0000          2.0000        299.2107
  314          2.0285         32.0000         34.0000          3.0000        299.1216
  315          2.0285         32.0000         35.0000          3.0000        299.1196
  316          2.0285         32.0000         36.0000          3.0000        299.1161
  318          2.0285         32.0000         34.0000          4.0000        299.0340
  319          2.0285         32.0000         35.0000          4.0000        299.0329
  320          2.0285         32.0000         36.0000          4.0000        299.0301
  306          2.0285         32.0000         34.0000          1.0000        299.3691
  307          2.0285         32.0000         35.0000          1.0000        299.3512
  308          2.0285         32.0000         36.0000          1.0000        299.3277
  310          2.0285         32.0000         34.0000          2.0000        299.2255
  311          2.0285         32.0000         35.0000          2.0000        299.2199
  312          2.0285         32.0000         36.0000          2.0000        299.2102
  314          2.0285         32.0000         34.0000          3.0000        299.1207
  315          2.0285         32.0000         35.0000          3.0000        299.1187
  316          2.0285         32.0000         36.0000          3.0000        299.1151
  318          2.0285         32.0000         34.0000          4.0000        299.0329
  319          2.0285         32.0000         35.0000          4.0000        299.0318
  320          2.0285         32.0000         36.0000          4.0000        299.0289
  306          3.0037         32.0000         34.0000          1.0000        299.0735
  307          3.0037         32.0000         35.0000          1.0000        299.0535
  308          3.0037         32.0000         36.0000          1.0000        299.0287
  310          3.0037         32.0000         34.0000          2.0000        298.9304
  311          3.0037         32.0000         35.0000          2.0000        298.9241
  312          3.0037         32.0000         36.0000          2.0000        298.9136
  314          3.0037         32.0000         34.0000          3.0000        298.8285
  315          3.0037         32.0000         35.0000          3.0000        298.8262
  316          3.0037         32.0000         36.0000          3.0000        298.8222
  318          3.0037         32.0000         34.0000          4.0000        298.7434
  319          3.0037         32.0000         35.0000          4.0000        298.7421
  320          3.0037         32.0000         36.0000          4.0000        298.7391
  306          3.0037         32.0000         34.0000          1.0000        299.0773
  307          3.0037         32.0000         35.0000          1.0000        299.0575
  308          3.0037         32.0000         36.0000          1.0000        299.0321
  310          3.0037         32.0000         34.0000          2.0000        298.9326
  311          3.0037         32.0000         35.0000          2.0000        298.9263
  312          3.0037         32.0000         36.0000          2.0000        298.9157
  314          3.0037         32.0000         34.0000          3.0000        298.8301
  315          3.0037         32.0000         35.0000          3.0000        298.8278
  316          3.0037         32.0000         36.0000          3.0000        298.8237
  318          3.0037         32.0000         34.0000          4.0000        298.7448
  319          3.0037         32.0000         35.0000          4.0000        298.7436
  320          3.0037         32.0000         36.0000          4.0000        298.7405
  306          4.0179         32.0000         34.0000          1.0000        298.8693
  307          4.0179         32.0000         35.0000          1.0000        298.8484
  308          4.0179         32.0000         36.0000          1.0000        298.8226
  310          4.0179         32.0000         34.0000          2.0000        298.7276
  311          4.0179         32.0000         35.0000          2.0000        298.7209
  312          4.0179         32.0000         36.0000          2.0000        298.7100
  314          4.0179         32.0000         34.0000          3.0000        298.6287
  315          4.0179         32.0000         35.0000          3.0000        298.6263
  316          4.0179         32.0000         36.0000          3.0000        298.6220
  318          4.0179         32.0000         34.0000          4.0000        298.5469
  319          4.0179         32.0000         35.0000          4.0000        298.5456
  320          4.0179         32.0000         36.0000          4.0000        298.5424
  306          4.0179         32.0000         34.0000          1.0000        298.8714
  307          4.0179         32.0000         35.0000          1.0000        298.8508
  308          4.0179         32.0000         36.0000          1.0000        298.8244
  310          4.0179         32.0000         34.0000          2.0000        298.7280
  311          4.0179         32.0000         35.0000          2.0000        298.7213
  312          4.0179         32.0000         36.0000          2.0000        298.7102
  314          4.0179         32.0000         34.0000          3.0000        298.6285
  315          4.0179         32.0000         35.0000          3.0000        298.6260
  316          4.0179         32.0000         36.0000          3.0000        298.6216
  318          4.0179         32.0000         34.0000          4.0000        298.5464
  319          4.0179         32.0000         35.0000          4.0000        298.5451
  320          4.0179         32.0000         36.0000          4.0000        298.5419
  306          5.0321         32.0000         34.0000          1.0000        298.6276
  307          5.0321         32.0000         35.0000          1.0000        298.6063
  308          5.0321         32.0000         36.0000          1.0000        298.5797
  310          5.0321         32.0000         34.0000          2.0000        298.4858
  311          5.0321         32.0000         35.0000          2.0000        298.4790
  312          5.0321         32.0000         36.0000          2.0000        298.4676
  314          5.0321         32.0000         34.0000          3.0000        298.3882
  315          5.0321         32.0000         35.0000          3.0000        298.3857
  316          5.0321         32.0000         36.0000          3.0000        298.3811
  318          5.0321         32.0000         34.0000          4.0000        298.3080
  319          5.0321         32.0000         35.0000          4.0000        298.3067
  320          5.0321         32.0000         36.0000          4.0000        298.3034
  306          5.0321         32.0000         34.0000          1.0000        298.6304
  307          5.0321         32.0000         35.0000          1.0000        298.6094
  308          5.0321         32.0000         36.0000          1.0000        298.5822
  310          5.0321         32.0000         34.0000          2.0000        298.4869
  311          5.0321         32.0000         35.0000          2.0000        298.4801
  312          5.0321         32.0000         36.0000          2.0000        298.4685
  314          5.0321         32.0000         34.0000          3.0000        298.3886
  315          5.0321         32.0000         35.0000          3.0000        298.3861
  316          5.0321         32.0000         36.0000          3.0000        298.3815
  318          5.0321         32.0000         34.0000          4.0000        298.3081
  319          5.0321         32.0000         35.0000          4.0000        298.3068
  320          5.0321         32.0000         36.0000          4.0000        298.3035
  306          6.0269         32.0000         34.0000          1.0000        298.5251
  307          6.0269         32.0000         35.0000          1.0000        298.5038
  308          6.0269         32.0000         36.0000          1.0000        298.4774
  310          6.0269         32.0000         34.0000          2.0000        298.3902
  311          6.0269         32.0000         35.0000          2.0000        298.3832
  312          6.0269         32.0000         36.0000          2.0000        298.3719
  314          6.0269         32.0000         34.0000          3.0000        298.2991
  315          6.0269         32.0000         35.0000          3.0000        298.2965
  316          6.0269         32.0000         36.0000          3.0000        298.2919
  318          6.0269         32.0000         34.0000          4.0000        298.2252
  319          6.0269         32.0000         35.0000          4.0000        298.2239
  320          6.0269         32.0000         36.0000          4.0000        298.2206
  306          6.0269         32.0000         34.0000          1.0000        298.5274
  307          6.0269         32.0000         35.0000          1.0000        298.5064
  308          6.0269         32.0000         36.0000          1.0000        298.4794
  310          6.0269         32.0000         34.0000          2.0000        298.3908
  311          6.0269         32.0000         35.0000          2.0000        298.3839
  312          6.0269         32.0000         36.0000          2.0000        298.3724
  314          6.0269         32.0000         34.0000          3.0000        298.2991
  315          6.0269         32.0000         35.0000          3.0000        298.2966
  316          6.0269         32.0000         36.0000          3.0000        298.2919
  318          6.0269         32.0000         34.0000          4.0000        298.2249
  319          6.0269         32.0000         35.0000          4.0000        298.2236
  320          6.0269         32.0000         36.0000          4.0000        298.2203
  306          7.0411         32.0000         34.0000          1.0000        298.4241
  307          7.0411         32.0000         35.0000          1.0000        298.4029
  308          7.0411         32.0000         36.0000          1.0000        298.3768
  310          7.0411         32.0000         34.0000          2.0000        298.2960
  311          7.0411         32.0000         35.0000          2.0000        298.2891
  312          7.0411         32.0000         36.0000          2.0000        298.2778
  314          7.0411         32.0000         34.0000          3.0000        298.2113
  315          7.0411         32.0000         35.0000          3.0000        298.2088
  316          7.0411         32.0000         36.0000          3.0000        298.2041
  318          7.0411         32.0000         34.0000          4.0000        298.1436
  319          7.0411         32.0000         35.0000          4.0000        298.1423
  320          7.0411         32.0000         36.0000          4.0000        298.1391
  306          7.0411         32.0000         34.0000          1.0000        298.4309
  307          7.0411         32.0000         35.0000          1.0000        298.4100
  308          7.0411         32.0000         36.0000          1.0000        298.3836
  310          7.0411         32.0000         34.0000          2.0000        298.3013
  311          7.0411         32.0000         35.0000          2.0000        298.2944
  312          7.0411         32.0000         36.0000          2.0000        298.2831
  314          7.0411         32.0000         34.0000          3.0000        298.2157
  315          7.0411         32.0000         35.0000          3.0000        298.2132
  316          7.0411         32.0000         36.0000          3.0000        298.2085
  318          7.0411         32.0000         34.0000          4.0000        298.1472
  319          7.0411         32.0000         35.0000          4.0000        298.1459
  320          7.0411         32.0000         36.0000          4.0000        298.1427
  306          8.0046         32.0000         34.0000          1.0000        300.2278
  307          8.0046         32.0000         35.0000          1.0000        300.2081
  308          8.0046         32.0000         36.0000          1.0000        300.1928
  310          8.0046         32.0000         34.0000          2.0000        300.1966
  311          8.0046         32.0000         35.0000          2.0000        300.1903
  312          8.0046         32.0000         36.0000          2.0000        300.1839
  314          8.0046         32.0000         34.0000          3.0000        300.1940
  315          8.0046         32.0000         35.0000          3.0000        300.1918
  316          8.0046         32.0000         36.0000          3.0000        300.1885
  318          8.0046         32.0000         34.0000          4.0000        300.2013
  319          8.0046         32.0000         35.0000          4.0000        300.2003
  320          8.0046         32.0000         36.0000          4.0000        300.1987
  306          8.0046         32.0000         34.0000          1.0000        300.2431
  307          8.0046         32.0000         35.0000          1.0000        300.2237
  308          8.0046         32.0000         36.0000          1.0000        300.2084
  310          8.0046         32.0000         34.0000          2.0000        300.2108
  311          8.0046         32.0000         35.0000          2.0000        300.2048
  312          8.0046         32.0000         36.0000          2.0000        300.1984
  314          8.0046         32.0000         34.0000          3.0000        300.2073
  315          8.0046         32.0000         35.0000          3.0000        300.2053
  316          8.0046         32.0000         36.0000          3.0000        300.2021
  318          8.0046         32.0000         34.0000          4.0000        300.2138
  319          8.0046         32.0000         35.0000          4.0000        300.2129
  320          8.0046         32.0000         36.0000          4.0000        300.2113
  306          8.0046         32.0000         34.0000          1.0000        300.2443
  307          8.0046         32.0000         35.0000          1.0000        300.2251
  308          8.0046         32.0000         36.0000          1.0000        300.2095
  310          8.0046         32.0000         34.0000          2.0000        300.2115
  311          8.0046         32.0000         35.0000          2.0000        300.2054
  312          8.0046         32.0000         36.0000          2.0000        300.1990
  314          8.0046         32.0000         34.0000          3.0000        300.2077
  315          8.0046         32.0000         35.0000          3.0000        300.2057
  316          8.0046         32.0000         36.0000          3.0000        300.2025
  318          8.0046         32.0000         34.0000          4.0000        300.2142
  319          8.0046         32.0000         35.0000          4.0000        300.2132
  320          8.0046         32.0000         36.0000          4.0000        300.2116
  306          9.0117         32.0000         34.0000          1.0000        308.4095
  307          9.0117         32.0000         35.0000          1.0000        308.4149
  308          9.0117         32.0000         36.0000          1.0000        308.4991
  310          9.0117         32.0000         34.0000          2.0000        308.8289
  311          9.0117         32.0000         35.0000          2.0000        308.8429
  312          9.0117         32.0000         36.0000          2.0000        308.9024
  314          9.0117         32.0000         34.0000          3.0000        309.1696
  315          9.0117         32.0000         35.0000          3.0000        309.1813
  316          9.0117         32.0000         36.0000          3.0000        309.2110
  318          9.0117         32.0000         34.0000          4.0000        309.4620
  319          9.0117         32.0000         35.0000          4.0000        309.4699
  320          9.0117         32.0000         36.0000          4.0000        309.4895
  306          9.0117         32.0000         34.0000          1.0000        308.4243
  307          9.0117         32.0000         35.0000          1.0000        308.4303
  308          9.0117         32.0000         36.0000          1.0000        308.5153
  310          9.0117         32.0000         34.0000          2.0000        308.8436
  311          9.0117         32.0000         35.0000          2.0000        308.8580
  312          9.0117         32.0000         36.0000          2.0000        308.9184
  314          9.0117         32.0000         34.0000          3.0000        309.1837
  315          9.0117         32.0000         35.0000          3.0000        309.1957
  316          9.0117         32.0000         36.0000          3.0000        309.2259
  318          9.0117         32.0000         34.0000          4.0000        309.4752
  319          9.0117         32.0000         35.0000          4.0000        309.4832
  320          9.0117         32.0000         36.0000          4.0000        309.5031
  306          9.0117         32.0000         34.0000          1.0000        308.4248
  307          9.0117         32.0000         35.0000          1.0000        308.4309
  308          9.0117         32.0000         36.0000          1.0000        308.5156
  310          9.0117         32.0000         34.0000          2.0000        308.8434
  311          9.0117         32.0000         35.0000          2.0000        308.8578
  312          9.0117         32.0000         36.0000          2.0000        308.9180
  314          9.0117         32.0000         34.0000          3.0000        309.1833
  315          9.0117         32.0000         35.0000          3.0000        309.1952
  316          9.0117         32.0000         36.0000          3.0000        309.2254
  318          9.0117         32.0000         34.0000          4.0000        309.4747
  319          9.0117         32.0000         35.0000          4.0000        309.4827
  320          9.0117         32.0000         36.0000          4.0000        309.5025
  306         10.0022         32.0000         34.0000          1.0000        315.3530
  307         10.0022         32.0000         35.0000          1.0000        315.3949
  308         10.0022         32.0000         36.0000          1.0000        315.6204
  310         10.0022         32.0000         34.0000          2.0000        316.2230
  311         10.0022         32.0000         35.0000          2.0000        316.2750
  312         10.0022         32.0000         36.0000          2.0000        316.4387
  314         10.0022         32.0000         34.0000          3.0000        316.8884
  315         10.0022         32.0000         35.0000          3.0000        316.9239
  316         10.0022         32.0000         36.0000          3.0000        317.0067
  318         10.0022         32.0000         34.0000          4.0000        317.4218
  319         10.0022         32.0000         35.0000          4.0000        317.4428
  320         10.0022         32.0000         36.0000          4.0000        317.4920
  306         10.0022         32.0000         34.0000          1.0000        315.3658
  307         10.0022         32.0000         35.0000          1.0000        315.4081
  308         10.0022         32.0000         36.0000          1.0000        315.6342
  310         10.0022         32.0000         34.0000          2.0000        316.2355
  311         10.0022         32.0000         35.0000          2.0000        316.2878
  312         10.0022         32.0000         36.0000          2.0000        316.4521
  314         10.0022         32.0000         34.0000          3.0000        316.9004
  315         10.0022         32.0000         35.0000          3.0000        316.9361
  316         10.0022         32.0000         36.0000          3.0000        317.0193
  318         10.0022         32.0000         34.0000          4.0000        317.4331
  319         10.0022         32.0000         35.0000          4.0000        317.4542
  320         10.0022         32.0000         36.0000          4.0000        317.5036
  306         10.0022         32.0000         34.0000          1.0000        315.3666
  307         10.0022         32.0000         35.0000          1.0000        315.4089
  308         10.0022         32.0000         36.0000          1.0000        315.6348
  310         10.0022         32.0000         34.0000          2.0000        316.2357
  311         10.0022         32.0000         35.0000          2.0000        316.2881
  312         10.0022         32.0000         36.0000          2.0000        316.4523
  314         10.0022         32.0000         34.0000          3.0000        316.9004
  315         10.0022         32.0000         35.0000          3.0000        316.9362
  316         10.0022         32.0000         36.0000          3.0000        317.0193
  318         10.0022         32.0000         34.0000          4.0000        317.4331
  319         10.0022         32.0000         35.0000          4.0000        317.4542
  320         10.0022         32.0000         36.0000          4.0000        317.5036
  306         11.0065         32.0000         34.0000          1.0000        321.9948
  307         11.0065         32.0000         35.0000          1.0000        322.0468
  308         11.0065         32.0000         36.0000          1.0000        322.3339
  310         11.0065         32.0000         34.0000          2.0000        323.2438
  311         11.0065         32.0000         35.0000          2.0000        323.2946
  312         11.0065         32.0000         36.0000          2.0000        323.4834
  314         11.0065         32.0000         34.0000          3.0000        324.1614
  315         11.0065         32.0000         35.0000          3.0000        324.1910
  316         11.0065         32.0000         36.0000          3.0000        324.2745
  318         11.0065         32.0000         34.0000          4.0000        324.8755
  319         11.0065         32.0000         35.0000          4.0000        324.8910
  320         11.0065         32.0000         36.0000          4.0000        324.9379
  306         11.0065         32.0000         34.0000          1.0000        322.0087
  307         11.0065         32.0000         35.0000          1.0000        322.0641
  308         11.0065         32.0000         36.0000          1.0000        322.3549
  310         11.0065         32.0000         34.0000          2.0000        323.2585
  311         11.0065         32.0000         35.0000          2.0000        323.3125
  312         11.0065         32.0000         36.0000          2.0000        323.5040
  314         11.0065         32.0000         34.0000          3.0000        324.1750
  315         11.0065         32.0000         35.0000          3.0000        324.2059
  316         11.0065         32.0000         36.0000          3.0000        324.2903
  318         11.0065         32.0000         34.0000          4.0000        324.8876
  319         11.0065         32.0000         35.0000          4.0000        324.9036
  320         11.0065         32.0000         36.0000          4.0000        324.9508
  306         11.0065         32.0000         34.0000          1.0000        322.0096
  307         11.0065         32.0000         35.0000          1.0000        322.0650
  308         11.0065         32.0000         36.0000          1.0000        322.3555
  310         11.0065         32.0000         34.0000          2.0000        323.2589
  311         11.0065         32.0000         35.0000          2.0000        323.3127
  312         11.0065         32.0000         36.0000          2.0000        323.5041
  314         11.0065         32.0000         34.0000          3.0000        324.1752
  315         11.0065         32.0000         35.0000          3.0000        324.2061
  316         11.0065         32.0000         36.0000          3.0000        324.2904
  318         11.0065         32.0000         34.0000          4.0000        324.8877
  319         11.0065         32.0000         35.0000          4.0000        324.9037
  320         11.0065         32.0000         36.0000          4.0000        324.9509
  306         12.0044         32.0000         34.0000          1.0000        329.6642
  307         12.0044         32.0000         35.0000          1.0000        329.7148
  308         12.0044         32.0000         36.0000          1.0000        329.9607
  310         12.0044         32.0000         34.0000          2.0000        330.8494
  311         12.0044         32.0000         35.0000          2.0000        330.8874
  312         12.0044         32.0000         36.0000          2.0000        331.0347
  314         12.0044         32.0000         34.0000          3.0000        331.6844
  315         12.0044         32.0000         35.0000          3.0000        331.7039
  316         12.0044         32.0000         36.0000          3.0000        331.7629
  318         12.0044         32.0000         34.0000          4.0000        332.3230
  319         12.0044         32.0000         35.0000          4.0000        332.3322
  320         12.0044         32.0000         36.0000          4.0000        332.3664
  306         12.0044         32.0000         34.0000          1.0000        330.0107
  307         12.0044         32.0000         35.0000          1.0000        330.0500
  308         12.0044         32.0000         36.0000          1.0000        330.1897
  310         12.0044         32.0000         34.0000          2.0000        330.8651
  311         12.0044         32.0000         35.0000          2.0000        330.8867
  312         12.0044         32.0000         36.0000          2.0000        330.9665
  314         12.0044         32.0000         34.0000          3.0000        331.5467
  315         12.0044         32.0000         35.0000          3.0000        331.5582
  316         12.0044         32.0000         36.0000          3.0000        331.5910
  318         12.0044         32.0000         34.0000          4.0000        332.1202
  319         12.0044         32.0000         35.0000          4.0000        332.1259
  320         12.0044         32.0000         36.0000          4.0000        332.1500
  306         12.0044         32.0000         34.0000          1.0000        330.0252
  307         12.0044         32.0000         35.0000          1.0000        330.0659
  308         12.0044         32.0000         36.0000          1.0000        330.2040
  310         12.0044         32.0000         34.0000          2.0000        330.8771
  311         12.0044         32.0000         35.0000          2.0000        330.8997
  312         12.0044         32.0000         36.0000          2.0000        330.9802
  314         12.0044         32.0000         34.0000          3.0000        331.5591
  315         12.0044         32.0000         35.0000          3.0000        331.5711
  316         12.0044         32.0000         36.0000          3.0000        331.6042
  318         12.0044         32.0000         34.0000          4.0000        332.1327
  319         12.0044         32.0000         35.0000          4.0000        332.1387
  320         12.0044         32.0000         36.0000          4.0000        332.1629
  306         12.0044         32.0000         34.0000          1.0000        330.0259
  307         12.0044         32.0000         35.0000          1.0000        330.0665
  308         12.0044         32.0000         36.0000          1.0000        330.2042
  310         12.0044         32.0000         34.0000          2.0000        330.8769
  311         12.0044         32.0000         35.0000          2.0000        330.8994
  312         12.0044         32.0000         36.0000          2.0000        330.9798
  314         12.0044         32.0000         34.0000          3.0000        331.5586
  315         12.0044         32.0000         35.0000          3.0000        331.5705
  316         12.0044         32.0000         36.0000          3.0000        331.6036
  318         12.0044         32.0000         34.0000          4.0000        332.1321
  319         12.0044         32.0000         35.0000          4.0000        332.1381
  320         12.0044         32.0000         36.0000          4.0000        332.1622
  306         13.0152         32.0000         34.0000          1.0000        328.3915
  307         13.0152         32.0000         35.0000          1.0000        328.4361
  308         13.0152         32.0000         36.0000          1.0000        328.6079
  310         13.0152         32.0000         34.0000          2.0000        329.3272
  311         13.0152         32.0000         35.0000          2.0000        329.3533
  312         13.0152         32.0000         36.0000          2.0000        329.4502
  314         13.0152         32.0000         34.0000          3.0000        330.0147
  315         13.0152         32.0000         35.0000          3.0000        330.0275
  316         13.0152         32.0000         36.0000          3.0000        330.0649
  318         13.0152         32.0000         34.0000          4.0000        330.5580
  319         13.0152         32.0000         35.0000          4.0000        330.5639
  320         13.0152         32.0000         36.0000          4.0000        330.5885
  306         13.0152         32.0000         34.0000          1.0000        328.3920
  307         13.0152         32.0000         35.0000          1.0000        328.4368
  308         13.0152         32.0000         36.0000          1.0000        328.6077
  310         13.0152         32.0000         34.0000          2.0000        329.3258
  311         13.0152         32.0000         35.0000          2.0000        329.3519
  312         13.0152         32.0000         36.0000          2.0000        329.4484
  314         13.0152         32.0000         34.0000          3.0000        330.0126
  315         13.0152         32.0000         35.0000          3.0000        330.0254
  316         13.0152         32.0000         36.0000          3.0000        330.0627
  318         13.0152         32.0000         34.0000          4.0000        330.5559
  319         13.0152         32.0000         35.0000          4.0000        330.5617
  320         13.0152         32.0000         36.0000          4.0000        330.5862
  306         14.0195         32.0000         34.0000          1.0000        328.2749
  307         14.0195         32.0000         35.0000          1.0000        328.3068
  308         14.0195         32.0000         36.0000          1.0000        328.4335
  310         14.0195         32.0000         34.0000          2.0000        329.1856
  311         14.0195         32.0000         35.0000          2.0000        329.2004
  312         14.0195         32.0000         36.0000          2.0000        329.2649
  314         14.0195         32.0000         34.0000          3.0000        329.9191
  315         14.0195         32.0000         35.0000          3.0000        329.9262
  316         14.0195         32.0000         36.0000          3.0000        329.9491
  318         14.0195         32.0000         34.0000          4.0000        330.5486
  319         14.0195         32.0000         35.0000          4.0000        330.5520
  320         14.0195         32.0000         36.0000          4.0000        330.5714
  306         14.0195         32.0000         34.0000          1.0000        328.3403
  307         14.0195         32.0000         35.0000          1.0000        328.3727
  308         14.0195         32.0000         36.0000          1.0000        328.5018
  310         14.0195         32.0000         34.0000          2.0000        329.2518
  311         14.0195         32.0000         35.0000          2.0000        329.2669
  312         14.0195         32.0000         36.0000          2.0000        329.3322
  314         14.0195         32.0000         34.0000          3.0000        329.9812
  315         14.0195         32.0000         35.0000          3.0000        329.9885
  316         14.0195         32.0000         36.0000          3.0000        330.0118
  318         14.0195         32.0000         34.0000          4.0000        330.6051
  319         14.0195         32.0000         35.0000          4.0000        330.6086
  320         14.0195         32.0000         36.0000          4.0000        330.6281
  306         14.0195         32.0000         34.0000          1.0000        328.3449
  307         14.0195         32.0000         35.0000          1.0000        328.3777
  308         14.0195         32.0000         36.0000          1.0000        328.5060
  310         14.0195         32.0000         34.0000          2.0000        329.2543
  311         14.0195         32.0000         35.0000          2.0000        329.2695
  312         14.0195         32.0000         36.0000          2.0000        329.3345
  314         14.0195         32.0000         34.0000          3.0000        329.9831
  315         14.0195         32.0000         35.0000          3.0000        329.9903
  316         14.0195         32.0000         36.0000          3.0000        330.0135
  318         14.0195         32.0000         34.0000          4.0000        330.6067
  319         14.0195         32.0000         35.0000          4.0000        330.6102
  320         14.0195         32.0000         36.0000          4.0000        330.6296
  306         15.0076         32.0000         34.0000          1.0000        332.8671
  307         15.0076         32.0000         35.0000          1.0000        332.9102
  308         15.0076         32.0000         36.0000          1.0000        333.0065
  310         15.0076         32.0000         34.0000          2.0000        333.5260
  311         15.0076         32.0000         35.0000          2.0000        333.5431
  312         15.0076         32.0000         36.0000          2.0000        333.5927
  314         15.0076         32.0000         34.0000          3.0000        334.0515
  315         15.0076         32.0000         35.0000          3.0000        334.0591
  316         15.0076         32.0000         36.0000          3.0000        334.0780
  318         15.0076         32.0000         34.0000          4.0000        334.4947
  319         15.0076         32.0000         35.0000          4.0000        334.4980
  320         15.0076         32.0000         36.0000          4.0000        334.5145
  306         15.0076         32.0000         34.0000          1.0000        332.8036
  307         15.0076         32.0000         35.0000          1.0000        332.8466
  308         15.0076         32.0000         36.0000          1.0000        332.9378
  310         15.0076         32.0000         34.0000          2.0000        333.4553
  311         15.0076         32.0000         35.0000          2.0000        333.4723
  312         15.0076         32.0000         36.0000          2.0000        333.5200
  314         15.0076         32.0000         34.0000          3.0000        333.9836
  315         15.0076         32.0000         35.0000          3.0000        333.9912
  316         15.0076         32.0000         36.0000          3.0000        334.0093
  318         15.0076         32.0000         34.0000          4.0000        334.4329
  319         15.0076         32.0000         35.0000          4.0000        334.4362
  320         15.0076         32.0000         36.0000          4.0000        334.4524
  306         15.0076         32.0000         34.0000          1.0000        332.8016
  307         15.0076         32.0000         35.0000          1.0000        332.8442
  308         15.0076         32.0000         36.0000          1.0000        332.9366
  310         15.0076         32.0000         34.0000          2.0000        333.4563
  311         15.0076         32.0000         35.0000          2.0000        333.4732
  312         15.0076         32.0000         36.0000          2.0000        333.5214
  314         15.0076         32.0000         34.0000          3.0000        333.9854
  315         15.0076         32.0000         35.0000          3.0000        333.9930
  316         15.0076         32.0000         36.0000          3.0000        334.0113
  318         15.0076         32.0000         34.0000          4.0000        334.4348
  319         15.0076         32.0000         35.0000          4.0000        334.4380
  320         15.0076         32.0000         36.0000          4.0000        334.4543
  306         16.0022         32.0000         34.0000          1.0000        332.2417
  307         16.0022         32.0000         35.0000          1.0000        332.2802
  308         16.0022         32.0000         36.0000          1.0000        332.3412
  310         16.0022         32.0000         34.0000          2.0000        332.7329
  311         16.0022         32.0000         35.0000          2.0000        332.7475
  312         16.0022         32.0000         36.0000          2.0000        332.7806
  314         16.0022         32.0000         34.0000          3.0000        333.1476
  315         16.0022         32.0000         35.0000          3.0000        333.1538
  316         16.0022         32.0000         36.0000          3.0000        333.1667
  318         16.0022         32.0000         34.0000          4.0000        333.5020
  319         16.0022         32.0000         35.0000          4.0000        333.5048
  320         16.0022         32.0000         36.0000          4.0000        333.5175
  306         16.0022         32.0000         34.0000          1.0000        332.2385
  307         16.0022         32.0000         35.0000          1.0000        332.2771
  308         16.0022         32.0000         36.0000          1.0000        332.3373
  310         16.0022         32.0000         34.0000          2.0000        332.7283
  311         16.0022         32.0000         35.0000          2.0000        332.7428
  312         16.0022         32.0000         36.0000          2.0000        332.7756
  314         16.0022         32.0000         34.0000          3.0000        333.1426
  315         16.0022         32.0000         35.0000          3.0000        333.1487
  316         16.0022         32.0000         36.0000          3.0000        333.1615
  318         16.0022         32.0000         34.0000          4.0000        333.4971
  319         16.0022         32.0000         35.0000          4.0000        333.4998
  320         16.0022         32.0000         36.0000          4.0000        333.5125
  306         16.0022         32.0000         34.0000          1.0000        332.2387
  307         16.0022         32.0000         35.0000          1.0000        332.2772
  308         16.0022         32.0000         36.0000          1.0000        332.3375
  310         16.0022         32.0000         34.0000          2.0000        332.7284
  311         16.0022         32.0000         35.0000          2.0000        332.7429
  312         16.0022         32.0000         36.0000          2.0000        332.7757
  314         16.0022         32.0000         34.0000          3.0000        333.1427
  315         16.0022         32.0000         35.0000          3.0000        333.1488
  316         16.0022         32.0000         36.0000          3.0000        333.1616
  318         16.0022         32.0000         34.0000          4.0000        333.4972
  319         16.0022         32.0000         35.0000          4.0000        333.4999
  320         16.0022         32.0000         36.0000          4.0000        333.5126
  306         17.0105         32.0000         34.0000          1.0000        324.7731
  307         17.0105         32.0000         35.0000          1.0000        324.7992
  308         17.0105         32.0000         36.0000          1.0000        324.8553
  310         17.0105         32.0000         34.0000          2.0000        325.2658
  311         17.0105         32.0000         35.0000          2.0000        325.2759
  312         17.0105         32.0000         36.0000          2.0000        325.3051
  314         17.0105         32.0000         34.0000          3.0000        325.6871
  315         17.0105         32.0000         35.0000          3.0000        325.6917
  316         17.0105         32.0000         36.0000          3.0000        325.7024
  318         17.0105         32.0000         34.0000          4.0000        326.0526
  319         17.0105         32.0000         35.0000          4.0000        326.0549
  320         17.0105         32.0000         36.0000          4.0000        326.0661
  306         17.0105         32.0000         34.0000          1.0000        324.8135
  307         17.0105         32.0000         35.0000          1.0000        324.8400
  308         17.0105         32.0000         36.0000          1.0000        324.8979
  310         17.0105         32.0000         34.0000          2.0000        325.3078
  311         17.0105         32.0000         35.0000          2.0000        325.3182
  312         17.0105         32.0000         36.0000          2.0000        325.3481
  314         17.0105         32.0000         34.0000          3.0000        325.7272
  315         17.0105         32.0000         35.0000          3.0000        325.7319
  316         17.0105         32.0000         36.0000          3.0000        325.7429
  318         17.0105         32.0000         34.0000          4.0000        326.0893
  319         17.0105         32.0000         35.0000          4.0000        326.0918
  320         17.0105         32.0000         36.0000          4.0000        326.1032
  306         17.0105         32.0000         34.0000          1.0000        324.8163
  307         17.0105         32.0000         35.0000          1.0000        324.8429
  308         17.0105         32.0000         36.0000          1.0000        324.9004
  310         17.0105         32.0000         34.0000          2.0000        325.3094
  311         17.0105         32.0000         35.0000          2.0000        325.3198
  312         17.0105         32.0000         36.0000          2.0000        325.3495
  314         17.0105         32.0000         34.0000          3.0000        325.7283
  315         17.0105         32.0000         35.0000          3.0000        325.7330
  316         17.0105         32.0000         36.0000          3.0000        325.7440
  318         17.0105         32.0000         34.0000          4.0000        326.0904
  319         17.0105         32.0000         35.0000          4.0000        326.0928
  320         17.0105         32.0000         36.0000          4.0000        326.1041
  306         18.0036         32.0000         34.0000          1.0000        318.8884
  307         18.0036         32.0000         35.0000          1.0000        318.9097
  308         18.0036         32.0000         36.0000          1.0000        318.9431
  310         18.0036         32.0000         34.0000          2.0000        319.1438
  311         18.0036         32.0000         35.0000          2.0000        319.1551
  312         18.0036         32.0000         36.0000          2.0000        319.1780
  314         18.0036         32.0000         34.0000          3.0000        319.3737
  315         18.0036         32.0000         35.0000          3.0000        319.3809
  316         18.0036         32.0000         36.0000          3.0000        319.3937
  318         18.0036         32.0000         34.0000          4.0000        319.5714
  319         18.0036         32.0000         35.0000          4.0000        319.5761
  320         18.0036         32.0000         36.0000          4.0000        319.5878
  306         18.0036         32.0000         34.0000          1.0000        318.8482
  307         18.0036         32.0000         35.0000          1.0000        318.8693
  308         18.0036         32.0000         36.0000          1.0000        318.9002
  310         18.0036         32.0000         34.0000          2.0000        319.0998
  311         18.0036         32.0000         35.0000          2.0000        319.1111
  312         18.0036         32.0000         36.0000          2.0000        319.1330
  314         18.0036         32.0000         34.0000          3.0000        319.3312
  315         18.0036         32.0000         35.0000          3.0000        319.3383
  316         18.0036         32.0000         36.0000          3.0000        319.3507
  318         18.0036         32.0000         34.0000          4.0000        319.5318
  319         18.0036         32.0000         35.0000          4.0000        319.5365
  320         18.0036         32.0000         36.0000          4.0000        319.5480
  306         18.0036         32.0000         34.0000          1.0000        318.8450
  307         18.0036         32.0000         35.0000          1.0000        318.8660
  308         18.0036         32.0000         36.0000          1.0000        318.8973
  310         18.0036         32.0000         34.0000          2.0000        319.0979
  311         18.0036         32.0000         35.0000          2.0000        319.1092
  312         18.0036         32.0000         36.0000          2.0000        319.1313
  314         18.0036         32.0000         34.0000          3.0000        319.3298
  315         18.0036         32.0000         35.0000          3.0000        319.3369
  316         18.0036         32.0000         36.0000          3.0000        319.3494
  318         18.0036         32.0000         34.0000          4.0000        319.5306
  319         18.0036         32.0000         35.0000          4.0000        319.5353
  320         18.0036         32.0000         36.0000          4.0000        319.5469
  306         19.0092         32.0000         34.0000          1.0000        308.0440
  307         19.0092         32.0000         35.0000          1.0000        308.2931
  308         19.0092         32.0000         36.0000          1.0000        308.5439
  310         19.0092         32.0000         34.0000          2.0000        308.1047
  311         19.0092         32.0000         35.0000          2.0000        308.3471
  312         19.0092         32.0000         36.0000          2.0000        308.5924
  314         19.0092         32.0000         34.0000          3.0000        308.1502
  315         19.0092         32.0000         35.0000          3.0000        308.3919
  316         19.0092         32.0000         36.0000          3.0000        308.6349
  318         19.0092         32.0000         34.0000          4.0000        308.6604
  319         19.0092         32.0000         35.0000          4.0000        308.6625
  320         19.0092         32.0000         36.0000          4.0000        308.6665
  306         19.0092         32.0000         34.0000          1.0000        308.0404
  307         19.0092         32.0000         35.0000          1.0000        308.2896
  308         19.0092         32.0000         36.0000          1.0000        308.5399
  310         19.0092         32.0000         34.0000          2.0000        308.0996
  311         19.0092         32.0000         35.0000          2.0000        308.3422
  312         19.0092         32.0000         36.0000          2.0000        308.5875
  314         19.0092         32.0000         34.0000          3.0000        308.1493
  315         19.0092         32.0000         35.0000          3.0000        308.3891
  316         19.0092         32.0000         36.0000          3.0000        308.6301
  318         19.0092         32.0000         34.0000          4.0000        308.6560
  319         19.0092         32.0000         35.0000          4.0000        308.6579
  320         19.0092         32.0000         36.0000          4.0000        308.6619
  306         20.0022         32.0000         34.0000          1.0000        303.2734
  307         20.0022         32.0000         35.0000          1.0000        303.3291
  308         20.0022         32.0000         36.0000          1.0000        303.3779
  310         20.0022         32.0000         34.0000          2.0000        303.1759
  311         20.0022         32.0000         35.0000          2.0000        303.2315
  312         20.0022         32.0000         36.0000          2.0000        303.2849
  314         20.0022         32.0000         34.0000          3.0000        303.1443
  315         20.0022         32.0000         35.0000          3.0000        303.1722
  316         20.0022         32.0000         36.0000          3.0000        303.2003
  318         20.0022         32.0000         34.0000          4.0000        303.1161
  319         20.0022         32.0000         35.0000          4.0000        303.1167
  320         20.0022         32.0000         36.0000          4.0000        303.1167
  306         20.0022         32.0000         34.0000          1.0000        303.2673
  307         20.0022         32.0000         35.0000          1.0000        303.3230
  308         20.0022         32.0000         36.0000          1.0000        303.3711
  310         20.0022         32.0000         34.0000          2.0000        303.1683
  311         20.0022         32.0000         35.0000          2.0000        303.2238
  312         20.0022         32.0000         36.0000          2.0000        303.2769
  314         20.0022         32.0000         34.0000          3.0000        303.1364
  315         20.0022         32.0000         35.0000          3.0000        303.1644
  316         20.0022         32.0000         36.0000          3.0000        303.1923
  318         20.0022         32.0000         34.0000          4.0000        303.1085
  319         20.0022         32.0000         35.0000          4.0000        303.1091
  320         20.0022         32.0000         36.0000          4.0000        303.1091
  306         21.0060         32.0000         34.0000          1.0000        301.7729
  307         21.0060         32.0000         35.0000          1.0000        301.7807
  308         21.0060         32.0000         36.0000          1.0000        301.7818
  310         21.0060         32.0000         34.0000          2.0000        301.6488
  311         21.0060         32.0000         35.0000          2.0000        301.6602
  312         21.0060         32.0000         36.0000          2.0000        301.6687
  314         21.0060         32.0000         34.0000          3.0000        301.5544
  315         21.0060         32.0000         35.0000          3.0000        301.5611
  316         21.0060         32.0000         36.0000          3.0000        301.5674
  318         21.0060         32.0000         34.0000          4.0000        301.4725
  319         21.0060         32.0000         35.0000          4.0000        301.4724
  320         21.0060         32.0000         36.0000          4.0000        301.4712
  306         21.0060         32.0000         34.0000          1.0000        301.7710
  307         21.0060         32.0000         35.0000          1.0000        301.7790
  308         21.0060         32.0000         36.0000          1.0000        301.7795
  310         21.0060         32.0000         34.0000          2.0000        301.6454
  311         21.0060         32.0000         35.0000          2.0000        301.6568
  312         21.0060         32.0000         36.0000          2.0000        301.6651
  314         21.0060         32.0000         34.0000          3.0000        301.5506
  315         21.0060         32.0000         35.0000          3.0000        301.5573
  316         21.0060         32.0000         36.0000          3.0000        301.5635
  318         21.0060         32.0000         34.0000          4.0000        301.4687
  319         21.0060         32.0000         35.0000          4.0000        301.4686
  320         21.0060         32.0000         36.0000          4.0000        301.4674
  306         22.0097         32.0000         34.0000          1.0000        300.7485
  307         22.0097         32.0000         35.0000          1.0000        300.7411
  308         22.0097         32.0000         36.0000          1.0000        300.7274
  310         22.0097         32.0000         34.0000          2.0000        300.5989
  311         22.0097         32.0000         35.0000          2.0000        300.5990
  312         22.0097         32.0000         36.0000          2.0000        300.5959
  314         22.0097         32.0000         34.0000          3.0000        300.4799
  315         22.0097         32.0000         35.0000          3.0000        300.4807
  316         22.0097         32.0000         36.0000          3.0000        300.4808
  318         22.0097         32.0000         34.0000          4.0000        300.3748
  319         22.0097         32.0000         35.0000          4.0000        300.3743
  320         22.0097         32.0000         36.0000          4.0000        300.3724
  306         22.0097         32.0000         34.0000          1.0000        300.7486
  307         22.0097         32.0000         35.0000          1.0000        300.7413
  308         22.0097         32.0000         36.0000          1.0000        300.7270
  310         22.0097         32.0000         34.0000          2.0000        300.5972
  311         22.0097         32.0000         35.0000          2.0000        300.5974
  312         22.0097         32.0000         36.0000          2.0000        300.5941
  314         22.0097         32.0000         34.0000          3.0000        300.4777
  315         22.0097         32.0000         35.0000          3.0000        300.4785
  316         22.0097         32.0000         36.0000          3.0000        300.4786
  318         22.0097         32.0000         34.0000          4.0000        300.3726
  319         22.0097         32.0000         35.0000          4.0000        300.3721
  320         22.0097         32.0000         36.0000          4.0000        300.3701
  306         23.0112         32.0000         34.0000          1.0000        300.2185
  307         23.0112         32.0000         35.0000          1.0000        300.2043
  308         23.0112         32.0000         36.0000          1.0000        300.1847
  310         23.0112         32.0000         34.0000          2.0000        300.0611
  311         23.0112         32.0000         35.0000          2.0000        300.0575
  312         23.0112         32.0000         36.0000          2.0000        300.0505
  314         23.0112         32.0000         34.0000          3.0000        299.9389
  315         23.0112         32.0000         35.0000          3.0000        299.9379
  316         23.0112         32.0000         36.0000          3.0000        299.9359
  318         23.0112         32.0000         34.0000          4.0000        299.8318
  319         23.0112         32.0000         35.0000          4.0000        299.8310
  320         23.0112         32.0000         36.0000          4.0000        299.8286
  306         23.0112         32.0000         34.0000          1.0000        300.2195
  307         23.0112         32.0000         35.0000          1.0000        300.2054
  308         23.0112         32.0000         36.0000          1.0000        300.1852
  310         23.0112         32.0000         34.0000          2.0000        300.0603
  311         23.0112         32.0000         35.0000          2.0000        300.0567
  312         23.0112         32.0000         36.0000          2.0000        300.0494
  314         23.0112         32.0000         34.0000          3.0000        299.9374
  315         23.0112         32.0000         35.0000          3.0000        299.9364
  316         23.0112         32.0000         36.0000          3.0000        299.9344
  318         23.0112         32.0000         34.0000          4.0000        299.8301
  319         23.0112         32.0000         35.0000          4.0000        299.8293
  320         23.0112         32.0000         36.0000          4.0000        299.8269
