  289          1.0142         33.0000         32.0000          1.0000          0.0000
  293          1.0142         33.0000         32.0000          2.0000          0.0000
  297          1.0142         33.0000         32.0000          3.0000          0.0000
  301          1.0142         33.0000         32.0000          4.0000          0.0000
  289          1.0142         33.0000         32.0000          1.0000          0.0000
  293          1.0142         33.0000         32.0000          2.0000          0.0000
  297          1.0142         33.0000         32.0000          3.0000          0.0000
  301          1.0142         33.0000         32.0000          4.0000          0.0000
  289          2.0285         33.0000         32.0000          1.0000          0.0000
  293          2.0285         33.0000         32.0000          2.0000          0.0000
  297          2.0285         33.0000         32.0000          3.0000          0.0000
  301          2.0285         33.0000         32.0000          4.0000          0.0000
  289          2.0285         33.0000         32.0000          1.0000          0.0000
  293          2.0285         33.0000         32.0000          2.0000          0.0000
  297          2.0285         33.0000         32.0000          3.0000          0.0000
  301          2.0285         33.0000         32.0000          4.0000          0.0000
  289          3.0037         33.0000         32.0000          1.0000          0.0000
  293          3.0037         33.0000         32.0000          2.0000          0.0000
  297          3.0037         33.0000         32.0000          3.0000          0.0000
  301          3.0037         33.0000         32.0000          4.0000          0.0000
  289          3.0037         33.0000         32.0000          1.0000          0.0000
  293          3.0037         33.0000         32.0000          2.0000          0.0000
  297          3.0037         33.0000         32.0000          3.0000          0.0000
  301          3.0037         33.0000         32.0000          4.0000          0.0000
  289          4.0179         33.0000         32.0000          1.0000          0.0000
  293          4.0179         33.0000         32.0000          2.0000          0.0000
  297          4.0179         33.0000         32.0000          3.0000          0.0000
  301          4.0179         33.0000         32.0000          4.0000          0.0000
  289          4.0179         33.0000         32.0000          1.0000          0.0000
  293          4.0179         33.0000         32.0000          2.0000          0.0000
  297          4.0179         33.0000         32.0000          3.0000          0.0000
  301          4.0179         33.0000         32.0000          4.0000          0.0000
  289          5.0321         33.0000         32.0000          1.0000          0.0000
  293          5.0321         33.0000         32.0000          2.0000          0.0000
  297          5.0321         33.0000         32.0000          3.0000          0.0000
  301          5.0321         33.0000         32.0000          4.0000          0.0000
  289          5.0321         33.0000         32.0000          1.0000          0.0000
  293          5.0321         33.0000         32.0000          2.0000          0.0000
  297          5.0321         33.0000         32.0000          3.0000          0.0000
  301          5.0321         33.0000         32.0000          4.0000          0.0000
  289          6.0269         33.0000         32.0000          1.0000          0.0000
  293          6.0269         33.0000         32.0000          2.0000          0.0000
  297          6.0269         33.0000         32.0000          3.0000          0.0000
  301          6.0269         33.0000         32.0000          4.0000          0.0000
  289          6.0269         33.0000         32.0000          1.0000          0.0000
  293          6.0269         33.0000         32.0000          2.0000          0.0000
  297          6.0269         33.0000         32.0000          3.0000          0.0000
  301          6.0269         33.0000         32.0000          4.0000          0.0000
  289          7.0411         33.0000         32.0000          1.0000          0.0578
  293          7.0411         33.0000         32.0000          2.0000          0.0611
  297          7.0411         33.0000         32.0000          3.0000          0.0640
  301          7.0411         33.0000         32.0000          4.0000          0.0669
  289          7.0411         33.0000         32.0000          1.0000          0.0578
  293          7.0411         33.0000         32.0000          2.0000          0.0611
  297          7.0411         33.0000         32.0000          3.0000          0.0640
  301          7.0411         33.0000         32.0000          4.0000          0.0669
  289          8.0046         33.0000         32.0000          1.0000          1.4345
  293          8.0046         33.0000         32.0000          2.0000          1.5147
  297          8.0046         33.0000         32.0000          3.0000          1.5879
  301          8.0046         33.0000         32.0000          4.0000          1.6599
  289          8.0046         33.0000         32.0000          1.0000          1.4344
  293          8.0046         33.0000         32.0000          2.0000          1.5146
  297          8.0046         33.0000         32.0000          3.0000          1.5878
  301          8.0046         33.0000         32.0000          4.0000          1.6598
  289          8.0046         33.0000         32.0000          1.0000          1.4342
  293          8.0046         33.0000         32.0000          2.0000          1.5146
  297          8.0046         33.0000         32.0000          3.0000          1.5878
  301          8.0046         33.0000         32.0000          4.0000          1.6598
  289          9.0117         33.0000         32.0000          1.0000          7.3855
  293          9.0117         33.0000         32.0000          2.0000          7.8156
  297          9.0117         33.0000         32.0000          3.0000          8.1800
  301          9.0117         33.0000         32.0000          4.0000          8.5315
  289          9.0117         33.0000         32.0000          1.0000          7.3846
  293          9.0117         33.0000         32.0000          2.0000          7.8150
  297          9.0117         33.0000         32.0000          3.0000          8.1795
  301          9.0117         33.0000         32.0000          4.0000          8.5312
  289          9.0117         33.0000         32.0000          1.0000          7.3837
  293          9.0117         33.0000         32.0000          2.0000          7.8144
  297          9.0117         33.0000         32.0000          3.0000          8.1791
  301          9.0117         33.0000         32.0000          4.0000          8.5308
  289         10.0022         33.0000         32.0000          1.0000         12.7767
  293         10.0022         33.0000         32.0000          2.0000         13.5528
  297         10.0022         33.0000         32.0000          3.0000         14.1739
  301         10.0022         33.0000         32.0000          4.0000         14.7628
  289         10.0022         33.0000         32.0000          1.0000         12.7750
  293         10.0022         33.0000         32.0000          2.0000         13.5516
  297         10.0022         33.0000         32.0000          3.0000         14.1730
  301         10.0022         33.0000         32.0000          4.0000         14.7620
  289         10.0022         33.0000         32.0000          1.0000         12.7733
  293         10.0022         33.0000         32.0000          2.0000         13.5505
  297         10.0022         33.0000         32.0000          3.0000         14.1721
  301         10.0022         33.0000         32.0000          4.0000         14.7613
  289         11.0065         33.0000         32.0000          1.0000         18.5044
  293         11.0065         33.0000         32.0000          2.0000         19.6177
  297         11.0065         33.0000         32.0000          3.0000         20.5291
  301         11.0065         33.0000         32.0000          4.0000         21.3999
  289         11.0065         33.0000         32.0000          1.0000         18.5021
  293         11.0065         33.0000         32.0000          2.0000         19.6161
  297         11.0065         33.0000         32.0000          3.0000         20.5279
  301         11.0065         33.0000         32.0000          4.0000         21.3989
  289         11.0065         33.0000         32.0000          1.0000         18.4999
  293         11.0065         33.0000         32.0000          2.0000         19.6146
  297         11.0065         33.0000         32.0000          3.0000         20.5267
  301         11.0065         33.0000         32.0000          4.0000         21.3979
  289         12.0044         33.0000         32.0000          1.0000         20.4330
  293         12.0044         33.0000         32.0000          2.0000         21.4499
  297         12.0044         33.0000         32.0000          3.0000         22.3668
  301         12.0044         33.0000         32.0000          4.0000         23.2566
  289         12.0044         33.0000         32.0000          1.0000         20.4300
  293         12.0044         33.0000         32.0000          2.0000         21.4479
  297         12.0044         33.0000         32.0000          3.0000         22.3653
  301         12.0044         33.0000         32.0000          4.0000         23.2554
  289         12.0044         33.0000         32.0000          1.0000         20.4270
  293         12.0044         33.0000         32.0000          2.0000         21.4459
  297         12.0044         33.0000         32.0000          3.0000         22.3637
  301         12.0044         33.0000         32.0000          4.0000         23.2541
  289         12.0044         33.0000         32.0000          1.0000         20.4241
  293         12.0044         33.0000         32.0000          2.0000         21.4439
  297         12.0044         33.0000         32.0000          3.0000         22.3622
  301         12.0044         33.0000         32.0000          4.0000         23.2529
  289         13.0152         33.0000         32.0000          1.0000         20.3504
  293         13.0152         33.0000         32.0000          2.0000         21.4882
  297         13.0152         33.0000         32.0000          3.0000         22.4007
  301         13.0152         33.0000         32.0000          4.0000         23.2669
  289         13.0152         33.0000         32.0000          1.0000         20.3472
  293         13.0152         33.0000         32.0000          2.0000         21.4861
  297         13.0152         33.0000         32.0000          3.0000         22.3990
  301         13.0152         33.0000         32.0000          4.0000         23.2655
  289         14.0195         33.0000         32.0000          1.0000         21.4046
  293         14.0195         33.0000         32.0000          2.0000         22.6018
  297         14.0195         33.0000         32.0000          3.0000         23.6197
  301         14.0195         33.0000         32.0000          4.0000         24.6027
  289         14.0195         33.0000         32.0000          1.0000         21.4019
  293         14.0195         33.0000         32.0000          2.0000         22.6000
  297         14.0195         33.0000         32.0000          3.0000         23.6183
  301         14.0195         33.0000         32.0000          4.0000         24.6016
  289         14.0195         33.0000         32.0000          1.0000         21.3992
  293         14.0195         33.0000         32.0000          2.0000         22.5982
  297         14.0195         33.0000         32.0000          3.0000         23.6169
  301         14.0195         33.0000         32.0000          4.0000         24.6004
  289         15.0076         33.0000         32.0000          1.0000         19.2150
  293         15.0076         33.0000         32.0000          2.0000         20.1423
  297         15.0076         33.0000         32.0000          3.0000         20.9755
  301         15.0076         33.0000         32.0000          4.0000         21.7805
  289         15.0076         33.0000         32.0000          1.0000         19.2120
  293         15.0076         33.0000         32.0000          2.0000         20.1402
  297         15.0076         33.0000         32.0000          3.0000         20.9739
  301         15.0076         33.0000         32.0000          4.0000         21.7792
  289         15.0076         33.0000         32.0000          1.0000         19.2089
  293         15.0076         33.0000         32.0000          2.0000         20.1382
  297         15.0076         33.0000         32.0000          3.0000         20.9724
  301         15.0076         33.0000         32.0000          4.0000         21.7779
  289         16.0022         33.0000         32.0000          1.0000         16.5326
  293         16.0022         33.0000         32.0000          2.0000         17.3242
  297         16.0022         33.0000         32.0000          3.0000         18.0407
  301         16.0022         33.0000         32.0000          4.0000         18.7393
  289         16.0022         33.0000         32.0000          1.0000         16.5300
  293         16.0022         33.0000         32.0000          2.0000         17.3224
  297         16.0022         33.0000         32.0000          3.0000         18.0394
  301         16.0022         33.0000         32.0000          4.0000         18.7382
  289         16.0022         33.0000         32.0000          1.0000         16.5274
  293         16.0022         33.0000         32.0000          2.0000         17.3207
  297         16.0022         33.0000         32.0000          3.0000         18.0381
  301         16.0022         33.0000         32.0000          4.0000         18.7371
  289         17.0105         33.0000         32.0000          1.0000         12.9838
  293         17.0105         33.0000         32.0000          2.0000         13.6728
  297         17.0105         33.0000         32.0000          3.0000         14.2997
  301         17.0105         33.0000         32.0000          4.0000         14.9149
  289         17.0105         33.0000         32.0000          1.0000         12.9824
  293         17.0105         33.0000         32.0000          2.0000         13.6718
  297         17.0105         33.0000         32.0000          3.0000         14.2989
  301         17.0105         33.0000         32.0000          4.0000         14.9143
  289         17.0105         33.0000         32.0000          1.0000         12.9809
  293         17.0105         33.0000         32.0000          2.0000         13.6708
  297         17.0105         33.0000         32.0000          3.0000         14.2981
  301         17.0105         33.0000         32.0000          4.0000         14.9137
  289         18.0036         33.0000         32.0000          1.0000          8.1172
  293         18.0036         33.0000         32.0000          2.0000          8.5412
  297         18.0036         33.0000         32.0000          3.0000          8.9276
  301         18.0036         33.0000         32.0000          4.0000          9.3075
  289         18.0036         33.0000         32.0000          1.0000          8.1162
  293         18.0036         33.0000         32.0000          2.0000          8.5406
  297         18.0036         33.0000         32.0000          3.0000          8.9271
  301         18.0036         33.0000         32.0000          4.0000          9.3071
  289         18.0036         33.0000         32.0000          1.0000          8.1152
  293         18.0036         33.0000         32.0000          2.0000          8.5399
  297         18.0036         33.0000         32.0000          3.0000          8.9266
  301         18.0036         33.0000         32.0000          4.0000          9.3067
  289         19.0092         33.0000         32.0000          1.0000          2.2169
  293         19.0092         33.0000         32.0000          2.0000          2.3413
  297         19.0092         33.0000         32.0000          3.0000          2.4546
  301         19.0092         33.0000         32.0000          4.0000          2.5658
  289         19.0092         33.0000         32.0000          1.0000          2.2167
  293         19.0092         33.0000         32.0000          2.0000          2.3411
  297         19.0092         33.0000         32.0000          3.0000          2.4544
  301         19.0092         33.0000         32.0000          4.0000          2.5657
  289         20.0022         33.0000         32.0000          1.0000          0.0000
  293         20.0022         33.0000         32.0000          2.0000          0.0000
  297         20.0022         33.0000         32.0000          3.0000          0.0000
  301         20.0022         33.0000         32.0000          4.0000          0.0000
  289         20.0022         33.0000         32.0000          1.0000          0.0000
  293         20.0022         33.0000         32.0000          2.0000          0.0000
  297         20.0022         33.0000         32.0000          3.0000          0.0000
  301         20.0022         33.0000         32.0000          4.0000          0.0000
  289         21.0060         33.0000         32.0000          1.0000          0.0000
  293         21.0060         33.0000         32.0000          2.0000          0.0000
  297         21.0060         33.0000         32.0000          3.0000          0.0000
  301         21.0060         33.0000         32.0000          4.0000          0.0000
  289         21.0060         33.0000         32.0000          1.0000          0.0000
  293         21.0060         33.0000         32.0000          2.0000          0.0000
  297         21.0060         33.0000         32.0000          3.0000          0.0000
  301         21.0060         33.0000         32.0000          4.0000          0.0000
  289         22.0097         33.0000         32.0000          1.0000          0.0000
  293         22.0097         33.0000         32.0000          2.0000          0.0000
  297         22.0097         33.0000         32.0000          3.0000          0.0000
  301         22.0097         33.0000         32.0000          4.0000          0.0000
  289         22.0097         33.0000         32.0000          1.0000          0.0000
  293         22.0097         33.0000         32.0000          2.0000          0.0000
  297         22.0097         33.0000         32.0000          3.0000          0.0000
  301         22.0097         33.0000         32.0000          4.0000          0.0000
  289         23.0112         33.0000         32.0000          1.0000          0.0000
  293         23.0112         33.0000         32.0000          2.0000          0.0000
  297         23.0112         33.0000         32.0000          3.0000          0.0000
  301         23.0112         33.0000         32.0000          4.0000          0.0000
  289         23.0112         33.0000         32.0000          1.0000          0.0000
  293         23.0112         33.0000         32.0000          2.0000          0.0000
  297         23.0112         33.0000         32.0000          3.0000          0.0000
  301         23.0112         33.0000         32.0000          4.0000          0.0000
