  305          1.0142         32.0000         33.0000          1.0000        304.8271
  309          1.0142         32.0000         33.0000          2.0000        304.8187
  313          1.0142         32.0000         33.0000          3.0000        304.8109
  317          1.0142         32.0000         33.0000          4.0000        304.8218
  305          1.0142         32.0000         33.0000          1.0000        304.8270
  309          1.0142         32.0000         33.0000          2.0000        304.8184
  313          1.0142         32.0000         33.0000          3.0000        304.8105
  317          1.0142         32.0000         33.0000          4.0000        304.8215
  305          2.0285         32.0000         33.0000          1.0000        304.2605
  309          2.0285         32.0000         33.0000          2.0000        304.2431
  313          2.0285         32.0000         33.0000          3.0000        304.2298
  317          2.0285         32.0000         33.0000          4.0000        304.2335
  305          2.0285         32.0000         33.0000          1.0000        304.2600
  309          2.0285         32.0000         33.0000          2.0000        304.2424
  313          2.0285         32.0000         33.0000          3.0000        304.2290
  317          2.0285         32.0000         33.0000          4.0000        304.2328
  305          3.0037         32.0000         33.0000          1.0000        303.8943
  309          3.0037         32.0000         33.0000          2.0000        303.8671
  313          3.0037         32.0000         33.0000          3.0000        303.8491
  317          3.0037         32.0000         33.0000          4.0000        303.8490
  305          3.0037         32.0000         33.0000          1.0000        303.8939
  309          3.0037         32.0000         33.0000          2.0000        303.8665
  313          3.0037         32.0000         33.0000          3.0000        303.8485
  317          3.0037         32.0000         33.0000          4.0000        303.8483
  305          4.0179         32.0000         33.0000          1.0000        303.4990
  309          4.0179         32.0000         33.0000          2.0000        303.4628
  313          4.0179         32.0000         33.0000          3.0000        303.4403
  317          4.0179         32.0000         33.0000          4.0000        303.4357
  305          4.0179         32.0000         33.0000          1.0000        303.4989
  309          4.0179         32.0000         33.0000          2.0000        303.4625
  313          4.0179         32.0000         33.0000          3.0000        303.4399
  317          4.0179         32.0000         33.0000          4.0000        303.4352
  305          5.0321         32.0000         33.0000          1.0000        303.0945
  309          5.0321         32.0000         33.0000          2.0000        303.0495
  313          5.0321         32.0000         33.0000          3.0000        303.0221
  317          5.0321         32.0000         33.0000          4.0000        303.0126
  305          5.0321         32.0000         33.0000          1.0000        303.0947
  309          5.0321         32.0000         33.0000          2.0000        303.0494
  313          5.0321         32.0000         33.0000          3.0000        303.0220
  317          5.0321         32.0000         33.0000          4.0000        303.0125
  305          6.0269         32.0000         33.0000          1.0000        302.7550
  309          6.0269         32.0000         33.0000          2.0000        302.7049
  313          6.0269         32.0000         33.0000          3.0000        302.6755
  317          6.0269         32.0000         33.0000          4.0000        302.6637
  305          6.0269         32.0000         33.0000          1.0000        302.7550
  309          6.0269         32.0000         33.0000          2.0000        302.7047
  313          6.0269         32.0000         33.0000          3.0000        302.6752
  317          6.0269         32.0000         33.0000          4.0000        302.6634
  305          7.0411         32.0000         33.0000          1.0000        302.4217
  309          7.0411         32.0000         33.0000          2.0000        302.3670
  313          7.0411         32.0000         33.0000          3.0000        302.3356
  317          7.0411         32.0000         33.0000          4.0000        302.3215
  305          7.0411         32.0000         33.0000          1.0000        302.4248
  309          7.0411         32.0000         33.0000          2.0000        302.3699
  313          7.0411         32.0000         33.0000          3.0000        302.3384
  317          7.0411         32.0000         33.0000          4.0000        302.3242
  305          8.0046         32.0000         33.0000          1.0000        302.6539
  309          8.0046         32.0000         33.0000          2.0000        302.6219
  313          8.0046         32.0000         33.0000          3.0000        302.6094
  317          8.0046         32.0000         33.0000          4.0000        302.6122
  305          8.0046         32.0000         33.0000          1.0000        302.6599
  309          8.0046         32.0000         33.0000          2.0000        302.6279
  313          8.0046         32.0000         33.0000          3.0000        302.6152
  317          8.0046         32.0000         33.0000          4.0000        302.6178
  305          8.0046         32.0000         33.0000          1.0000        302.6602
  309          8.0046         32.0000         33.0000          2.0000        302.6282
  313          8.0046         32.0000         33.0000          3.0000        302.6154
  317          8.0046         32.0000         33.0000          4.0000        302.6180
  305          9.0117         32.0000         33.0000          1.0000        304.9098
  309          9.0117         32.0000         33.0000          2.0000        305.0225
  313          9.0117         32.0000         33.0000          3.0000        305.1124
  317          9.0117         32.0000         33.0000          4.0000        305.2003
  305          9.0117         32.0000         33.0000          1.0000        304.9187
  309          9.0117         32.0000         33.0000          2.0000        305.0320
  313          9.0117         32.0000         33.0000          3.0000        305.1219
  317          9.0117         32.0000         33.0000          4.0000        305.2095
  305          9.0117         32.0000         33.0000          1.0000        304.9189
  309          9.0117         32.0000         33.0000          2.0000        305.0321
  313          9.0117         32.0000         33.0000          3.0000        305.1219
  317          9.0117         32.0000         33.0000          4.0000        305.2095
  305         10.0022         32.0000         33.0000          1.0000        307.3770
  309         10.0022         32.0000         33.0000          2.0000        307.6786
  313         10.0022         32.0000         33.0000          3.0000        307.8964
  317         10.0022         32.0000         33.0000          4.0000        308.0795
  305         10.0022         32.0000         33.0000          1.0000        307.3848
  309         10.0022         32.0000         33.0000          2.0000        307.6868
  313         10.0022         32.0000         33.0000          3.0000        307.9048
  317         10.0022         32.0000         33.0000          4.0000        308.0876
  305         10.0022         32.0000         33.0000          1.0000        307.3852
  309         10.0022         32.0000         33.0000          2.0000        307.6871
  313         10.0022         32.0000         33.0000          3.0000        307.9050
  317         10.0022         32.0000         33.0000          4.0000        308.0878
  305         11.0065         32.0000         33.0000          1.0000        310.2285
  309         11.0065         32.0000         33.0000          2.0000        310.7199
  313         11.0065         32.0000         33.0000          3.0000        311.0539
  317         11.0065         32.0000         33.0000          4.0000        311.3212
  305         11.0065         32.0000         33.0000          1.0000        310.2370
  309         11.0065         32.0000         33.0000          2.0000        310.7293
  313         11.0065         32.0000         33.0000          3.0000        311.0633
  317         11.0065         32.0000         33.0000          4.0000        311.3303
  305         11.0065         32.0000         33.0000          1.0000        310.2376
  309         11.0065         32.0000         33.0000          2.0000        310.7297
  313         11.0065         32.0000         33.0000          3.0000        311.0636
  317         11.0065         32.0000         33.0000          4.0000        311.3306
  305         12.0044         32.0000         33.0000          1.0000        315.5032
  309         12.0044         32.0000         33.0000          2.0000        316.0714
  313         12.0044         32.0000         33.0000          3.0000        316.4261
  317         12.0044         32.0000         33.0000          4.0000        316.6939
  305         12.0044         32.0000         33.0000          1.0000        315.7558
  309         12.0044         32.0000         33.0000          2.0000        316.1518
  313         12.0044         32.0000         33.0000          3.0000        316.4312
  317         12.0044         32.0000         33.0000          4.0000        316.6663
  305         12.0044         32.0000         33.0000          1.0000        315.7659
  309         12.0044         32.0000         33.0000          2.0000        316.1566
  313         12.0044         32.0000         33.0000          3.0000        316.4338
  317         12.0044         32.0000         33.0000          4.0000        316.6679
  305         12.0044         32.0000         33.0000          1.0000        315.7663
  309         12.0044         32.0000         33.0000          2.0000        316.1566
  313         12.0044         32.0000         33.0000          3.0000        316.4338
  317         12.0044         32.0000         33.0000          4.0000        316.6679
  305         13.0152         32.0000         33.0000          1.0000        315.2714
  309         13.0152         32.0000         33.0000          2.0000        315.7524
  313         13.0152         32.0000         33.0000          3.0000        316.0582
  317         13.0152         32.0000         33.0000          4.0000        316.2943
  305         13.0152         32.0000         33.0000          1.0000        315.2694
  309         13.0152         32.0000         33.0000          2.0000        315.7499
  313         13.0152         32.0000         33.0000          3.0000        316.0555
  317         13.0152         32.0000         33.0000          4.0000        316.2916
  305         14.0195         32.0000         33.0000          1.0000        315.6766
  309         14.0195         32.0000         33.0000          2.0000        316.1456
  313         14.0195         32.0000         33.0000          3.0000        316.4762
  317         14.0195         32.0000         33.0000          4.0000        316.7546
  305         14.0195         32.0000         33.0000          1.0000        315.7260
  309         14.0195         32.0000         33.0000          2.0000        316.1963
  313         14.0195         32.0000         33.0000          3.0000        316.5255
  317         14.0195         32.0000         33.0000          4.0000        316.8017
  305         14.0195         32.0000         33.0000          1.0000        315.7288
  309         14.0195         32.0000         33.0000          2.0000        316.1985
  313         14.0195         32.0000         33.0000          3.0000        316.5274
  317         14.0195         32.0000         33.0000          4.0000        316.8034
  305         15.0076         32.0000         33.0000          1.0000        319.2923
  309         15.0076         32.0000         33.0000          2.0000        319.6754
  313         15.0076         32.0000         33.0000          3.0000        319.9277
  317         15.0076         32.0000         33.0000          4.0000        320.1307
  305         15.0076         32.0000         33.0000          1.0000        319.2385
  309         15.0076         32.0000         33.0000          2.0000        319.6185
  313         15.0076         32.0000         33.0000          3.0000        319.8719
  317         15.0076         32.0000         33.0000          4.0000        320.0774
  305         15.0076         32.0000         33.0000          1.0000        319.2371
  309         15.0076         32.0000         33.0000          2.0000        319.6179
  313         15.0076         32.0000         33.0000          3.0000        319.8716
  317         15.0076         32.0000         33.0000          4.0000        320.0773
  305         16.0022         32.0000         33.0000          1.0000        320.6518
  309         16.0022         32.0000         33.0000          2.0000        320.9682
  313         16.0022         32.0000         33.0000          3.0000        321.1821
  317         16.0022         32.0000         33.0000          4.0000        321.3549
  305         16.0022         32.0000         33.0000          1.0000        320.6483
  309         16.0022         32.0000         33.0000          2.0000        320.9644
  313         16.0022         32.0000         33.0000          3.0000        321.1783
  317         16.0022         32.0000         33.0000          4.0000        321.3512
  305         16.0022         32.0000         33.0000          1.0000        320.6483
  309         16.0022         32.0000         33.0000          2.0000        320.9643
  313         16.0022         32.0000         33.0000          3.0000        321.1782
  317         16.0022         32.0000         33.0000          4.0000        321.3511
  305         17.0105         32.0000         33.0000          1.0000        317.2580
  309         17.0105         32.0000         33.0000          2.0000        317.5620
  313         17.0105         32.0000         33.0000          3.0000        317.7784
  317         17.0105         32.0000         33.0000          4.0000        317.9579
  305         17.0105         32.0000         33.0000          1.0000        317.2863
  309         17.0105         32.0000         33.0000          2.0000        317.5915
  313         17.0105         32.0000         33.0000          3.0000        317.8074
  317         17.0105         32.0000         33.0000          4.0000        317.9856
  305         17.0105         32.0000         33.0000          1.0000        317.2880
  309         17.0105         32.0000         33.0000          2.0000        317.5929
  313         17.0105         32.0000         33.0000          3.0000        317.8086
  317         17.0105         32.0000         33.0000          4.0000        317.9867
  305         18.0036         32.0000         33.0000          1.0000        315.0871
  309         18.0036         32.0000         33.0000          2.0000        315.2938
  313         18.0036         32.0000         33.0000          3.0000        315.4375
  317         18.0036         32.0000         33.0000          4.0000        315.5507
  305         18.0036         32.0000         33.0000          1.0000        315.0573
  309         18.0036         32.0000         33.0000          2.0000        315.2626
  313         18.0036         32.0000         33.0000          3.0000        315.4069
  317         18.0036         32.0000         33.0000          4.0000        315.5214
  305         18.0036         32.0000         33.0000          1.0000        315.0556
  309         18.0036         32.0000         33.0000          2.0000        315.2612
  313         18.0036         32.0000         33.0000          3.0000        315.4057
  317         18.0036         32.0000         33.0000          4.0000        315.5203
  305         19.0092         32.0000         33.0000          1.0000        309.9926
  309         19.0092         32.0000         33.0000          2.0000        310.1252
  313         19.0092         32.0000         33.0000          3.0000        310.2098
  317         19.0092         32.0000         33.0000          4.0000        310.5790
  305         19.0092         32.0000         33.0000          1.0000        309.9893
  309         19.0092         32.0000         33.0000          2.0000        310.1215
  313         19.0092         32.0000         33.0000          3.0000        310.2066
  317         19.0092         32.0000         33.0000          4.0000        310.5755
  305         20.0022         32.0000         33.0000          1.0000        307.9784
  309         20.0022         32.0000         33.0000          2.0000        308.0537
  313         20.0022         32.0000         33.0000          3.0000        308.1437
  317         20.0022         32.0000         33.0000          4.0000        308.2141
  305         20.0022         32.0000         33.0000          1.0000        307.9748
  309         20.0022         32.0000         33.0000          2.0000        308.0498
  313         20.0022         32.0000         33.0000          3.0000        308.1398
  317         20.0022         32.0000         33.0000          4.0000        308.2104
  305         21.0060         32.0000         33.0000          1.0000        306.9228
  309         21.0060         32.0000         33.0000          2.0000        306.9730
  313         21.0060         32.0000         33.0000          3.0000        307.0214
  317         21.0060         32.0000         33.0000          4.0000        307.0556
  305         21.0060         32.0000         33.0000          1.0000        306.9209
  309         21.0060         32.0000         33.0000          2.0000        306.9707
  313         21.0060         32.0000         33.0000          3.0000        307.0191
  317         21.0060         32.0000         33.0000          4.0000        307.0534
  305         22.0097         32.0000         33.0000          1.0000        306.3757
  309         22.0097         32.0000         33.0000          2.0000        306.4073
  313         22.0097         32.0000         33.0000          3.0000        306.4383
  317         22.0097         32.0000         33.0000          4.0000        306.4580
  305         22.0097         32.0000         33.0000          1.0000        306.3745
  309         22.0097         32.0000         33.0000          2.0000        306.4058
  313         22.0097         32.0000         33.0000          3.0000        306.4368
  317         22.0097         32.0000         33.0000          4.0000        306.4565
  305         23.0112         32.0000         33.0000          1.0000        305.9061
  309         23.0112         32.0000         33.0000          2.0000        305.9220
  313         23.0112         32.0000         33.0000          3.0000        305.9419
  317         23.0112         32.0000         33.0000          4.0000        305.9534
  305         23.0112         32.0000         33.0000          1.0000        305.9055
  309         23.0112         32.0000         33.0000          2.0000        305.9211
  313         23.0112         32.0000         33.0000          3.0000        305.9410
  317         23.0112         32.0000         33.0000          4.0000        305.9525
