  258          1.0142         34.0000         37.0000          1.0000        299.6517
  259          1.0142         35.0000         37.0000          1.0000        299.6339
  260          1.0142         36.0000         37.0000          1.0000        299.6062
  262          1.0142         34.0000         37.0000          2.0000        299.4990
  263          1.0142         35.0000         37.0000          2.0000        299.4927
  264          1.0142         36.0000         37.0000          2.0000        299.4800
  266          1.0142         34.0000         37.0000          3.0000        299.3867
  267          1.0142         35.0000         37.0000          3.0000        299.3840
  268          1.0142         36.0000         37.0000          3.0000        299.3791
  270          1.0142         34.0000         37.0000          4.0000        299.2915
  271          1.0142         35.0000         37.0000          4.0000        299.2901
  272          1.0142         36.0000         37.0000          4.0000        299.2865
  258          1.0142         34.0000         37.0000          1.0000        299.6541
  259          1.0142         35.0000         37.0000          1.0000        299.6364
  260          1.0142         36.0000         37.0000          1.0000        299.6082
  262          1.0142         34.0000         37.0000          2.0000        299.4996
  263          1.0142         35.0000         37.0000          2.0000        299.4934
  264          1.0142         36.0000         37.0000          2.0000        299.4805
  266          1.0142         34.0000         37.0000          3.0000        299.3867
  267          1.0142         35.0000         37.0000          3.0000        299.3840
  268          1.0142         36.0000         37.0000          3.0000        299.3790
  270          1.0142         34.0000         37.0000          4.0000        299.2913
  271          1.0142         35.0000         37.0000          4.0000        299.2899
  272          1.0142         36.0000         37.0000          4.0000        299.2862
  258          2.0285         34.0000         37.0000          1.0000        299.3997
  259          2.0285         35.0000         37.0000          1.0000        299.3829
  260          2.0285         36.0000         37.0000          1.0000        299.3565
  262          2.0285         34.0000         37.0000          2.0000        299.2554
  263          2.0285         35.0000         37.0000          2.0000        299.2495
  264          2.0285         36.0000         37.0000          2.0000        299.2373
  266          2.0285         34.0000         37.0000          3.0000        299.1498
  267          2.0285         35.0000         37.0000          3.0000        299.1473
  268          2.0285         36.0000         37.0000          3.0000        299.1426
  270          2.0285         34.0000         37.0000          4.0000        299.0613
  271          2.0285         35.0000         37.0000          4.0000        299.0599
  272          2.0285         36.0000         37.0000          4.0000        299.0565
  258          2.0285         34.0000         37.0000          1.0000        299.4009
  259          2.0285         35.0000         37.0000          1.0000        299.3844
  260          2.0285         36.0000         37.0000          1.0000        299.3573
  262          2.0285         34.0000         37.0000          2.0000        299.2550
  263          2.0285         35.0000         37.0000          2.0000        299.2491
  264          2.0285         36.0000         37.0000          2.0000        299.2368
  266          2.0285         34.0000         37.0000          3.0000        299.1488
  267          2.0285         35.0000         37.0000          3.0000        299.1464
  268          2.0285         36.0000         37.0000          3.0000        299.1416
  270          2.0285         34.0000         37.0000          4.0000        299.0601
  271          2.0285         35.0000         37.0000          4.0000        299.0588
  272          2.0285         36.0000         37.0000          4.0000        299.0554
  258          3.0037         34.0000         37.0000          1.0000        299.1053
  259          3.0037         35.0000         37.0000          1.0000        299.0869
  260          3.0037         36.0000         37.0000          1.0000        299.0584
  262          3.0037         34.0000         37.0000          2.0000        298.9604
  263          3.0037         35.0000         37.0000          2.0000        298.9539
  264          3.0037         36.0000         37.0000          2.0000        298.9409
  266          3.0037         34.0000         37.0000          3.0000        298.8574
  267          3.0037         35.0000         37.0000          3.0000        298.8548
  268          3.0037         36.0000         37.0000          3.0000        298.8496
  270          3.0037         34.0000         37.0000          4.0000        298.7717
  271          3.0037         35.0000         37.0000          4.0000        298.7703
  272          3.0037         36.0000         37.0000          4.0000        298.7667
  258          3.0037         34.0000         37.0000          1.0000        299.1074
  259          3.0037         35.0000         37.0000          1.0000        299.0892
  260          3.0037         36.0000         37.0000          1.0000        299.0602
  262          3.0037         34.0000         37.0000          2.0000        298.9607
  263          3.0037         35.0000         37.0000          2.0000        298.9544
  264          3.0037         36.0000         37.0000          2.0000        298.9412
  266          3.0037         34.0000         37.0000          3.0000        298.8572
  267          3.0037         35.0000         37.0000          3.0000        298.8546
  268          3.0037         36.0000         37.0000          3.0000        298.8494
  270          3.0037         34.0000         37.0000          4.0000        298.7713
  271          3.0037         35.0000         37.0000          4.0000        298.7699
  272          3.0037         36.0000         37.0000          4.0000        298.7662
  258          4.0179         34.0000         37.0000          1.0000        298.8909
  259          4.0179         35.0000         37.0000          1.0000        298.8717
  260          4.0179         36.0000         37.0000          1.0000        298.8423
  262          4.0179         34.0000         37.0000          2.0000        298.7474
  263          4.0179         35.0000         37.0000          2.0000        298.7407
  264          4.0179         36.0000         37.0000          2.0000        298.7274
  266          4.0179         34.0000         37.0000          3.0000        298.6475
  267          4.0179         35.0000         37.0000          3.0000        298.6448
  268          4.0179         36.0000         37.0000          3.0000        298.6395
  270          4.0179         34.0000         37.0000          4.0000        298.5651
  271          4.0179         35.0000         37.0000          4.0000        298.5636
  272          4.0179         36.0000         37.0000          4.0000        298.5600
  258          4.0179         34.0000         37.0000          1.0000        298.8930
  259          4.0179         35.0000         37.0000          1.0000        298.8740
  260          4.0179         36.0000         37.0000          1.0000        298.8441
  262          4.0179         34.0000         37.0000          2.0000        298.7477
  263          4.0179         35.0000         37.0000          2.0000        298.7411
  264          4.0179         36.0000         37.0000          2.0000        298.7276
  266          4.0179         34.0000         37.0000          3.0000        298.6472
  267          4.0179         35.0000         37.0000          3.0000        298.6446
  268          4.0179         36.0000         37.0000          3.0000        298.6392
  270          4.0179         34.0000         37.0000          4.0000        298.5646
  271          4.0179         35.0000         37.0000          4.0000        298.5632
  272          4.0179         36.0000         37.0000          4.0000        298.5595
  258          5.0321         34.0000         37.0000          1.0000        298.6527
  259          5.0321         35.0000         37.0000          1.0000        298.6331
  260          5.0321         36.0000         37.0000          1.0000        298.6031
  262          5.0321         34.0000         37.0000          2.0000        298.5096
  263          5.0321         35.0000         37.0000          2.0000        298.5028
  264          5.0321         36.0000         37.0000          2.0000        298.4892
  266          5.0321         34.0000         37.0000          3.0000        298.4113
  267          5.0321         35.0000         37.0000          3.0000        298.4086
  268          5.0321         36.0000         37.0000          3.0000        298.4031
  270          5.0321         34.0000         37.0000          4.0000        298.3308
  271          5.0321         35.0000         37.0000          4.0000        298.3293
  272          5.0321         36.0000         37.0000          4.0000        298.3256
  258          5.0321         34.0000         37.0000          1.0000        298.6555
  259          5.0321         35.0000         37.0000          1.0000        298.6362
  260          5.0321         36.0000         37.0000          1.0000        298.6056
  262          5.0321         34.0000         37.0000          2.0000        298.5106
  263          5.0321         35.0000         37.0000          2.0000        298.5039
  264          5.0321         36.0000         37.0000          2.0000        298.4901
  266          5.0321         34.0000         37.0000          3.0000        298.4117
  267          5.0321         35.0000         37.0000          3.0000        298.4091
  268          5.0321         36.0000         37.0000          3.0000        298.4035
  270          5.0321         34.0000         37.0000          4.0000        298.3309
  271          5.0321         35.0000         37.0000          4.0000        298.3295
  272          5.0321         36.0000         37.0000          4.0000        298.3258
  258          6.0269         34.0000         37.0000          1.0000        298.5498
  259          6.0269         35.0000         37.0000          1.0000        298.5303
  260          6.0269         36.0000         37.0000          1.0000        298.5007
  262          6.0269         34.0000         37.0000          2.0000        298.4139
  263          6.0269         35.0000         37.0000          2.0000        298.4071
  264          6.0269         36.0000         37.0000          2.0000        298.3937
  266          6.0269         34.0000         37.0000          3.0000        298.3224
  267          6.0269         35.0000         37.0000          3.0000        298.3197
  268          6.0269         36.0000         37.0000          3.0000        298.3143
  270          6.0269         34.0000         37.0000          4.0000        298.2483
  271          6.0269         35.0000         37.0000          4.0000        298.2469
  272          6.0269         36.0000         37.0000          4.0000        298.2433
  258          6.0269         34.0000         37.0000          1.0000        298.5522
  259          6.0269         35.0000         37.0000          1.0000        298.5329
  260          6.0269         36.0000         37.0000          1.0000        298.5026
  262          6.0269         34.0000         37.0000          2.0000        298.4145
  263          6.0269         35.0000         37.0000          2.0000        298.4078
  264          6.0269         36.0000         37.0000          2.0000        298.3942
  266          6.0269         34.0000         37.0000          3.0000        298.3224
  267          6.0269         35.0000         37.0000          3.0000        298.3197
  268          6.0269         36.0000         37.0000          3.0000        298.3142
  270          6.0269         34.0000         37.0000          4.0000        298.2480
  271          6.0269         35.0000         37.0000          4.0000        298.2467
  272          6.0269         36.0000         37.0000          4.0000        298.2430
  258          7.0411         34.0000         37.0000          1.0000        298.4479
  259          7.0411         35.0000         37.0000          1.0000        298.4284
  260          7.0411         36.0000         37.0000          1.0000        298.3992
  262          7.0411         34.0000         37.0000          2.0000        298.3189
  263          7.0411         35.0000         37.0000          2.0000        298.3122
  264          7.0411         36.0000         37.0000          2.0000        298.2991
  266          7.0411         34.0000         37.0000          3.0000        298.2340
  267          7.0411         35.0000         37.0000          3.0000        298.2314
  268          7.0411         36.0000         37.0000          3.0000        298.2260
  270          7.0411         34.0000         37.0000          4.0000        298.1662
  271          7.0411         35.0000         37.0000          4.0000        298.1649
  272          7.0411         36.0000         37.0000          4.0000        298.1614
  258          7.0411         34.0000         37.0000          1.0000        298.4547
  259          7.0411         35.0000         37.0000          1.0000        298.4355
  260          7.0411         36.0000         37.0000          1.0000        298.4060
  262          7.0411         34.0000         37.0000          2.0000        298.3242
  263          7.0411         35.0000         37.0000          2.0000        298.3176
  264          7.0411         36.0000         37.0000          2.0000        298.3043
  266          7.0411         34.0000         37.0000          3.0000        298.2384
  267          7.0411         35.0000         37.0000          3.0000        298.2358
  268          7.0411         36.0000         37.0000          3.0000        298.2303
  270          7.0411         34.0000         37.0000          4.0000        298.1698
  271          7.0411         35.0000         37.0000          4.0000        298.1684
  272          7.0411         36.0000         37.0000          4.0000        298.1649
  258          8.0046         34.0000         37.0000          1.0000        300.2618
  259          8.0046         35.0000         37.0000          1.0000        300.2440
  260          8.0046         36.0000         37.0000          1.0000        300.2256
  262          8.0046         34.0000         37.0000          2.0000        300.2294
  263          8.0046         35.0000         37.0000          2.0000        300.2234
  264          8.0046         36.0000         37.0000          2.0000        300.2150
  266          8.0046         34.0000         37.0000          3.0000        300.2264
  267          8.0046         35.0000         37.0000          3.0000        300.2240
  268          8.0046         36.0000         37.0000          3.0000        300.2200
  270          8.0046         34.0000         37.0000          4.0000        300.2336
  271          8.0046         35.0000         37.0000          4.0000        300.2324
  272          8.0046         36.0000         37.0000          4.0000        300.2305
  258          8.0046         34.0000         37.0000          1.0000        300.2772
  259          8.0046         35.0000         37.0000          1.0000        300.2596
  260          8.0046         36.0000         37.0000          1.0000        300.2410
  262          8.0046         34.0000         37.0000          2.0000        300.2431
  263          8.0046         35.0000         37.0000          2.0000        300.2372
  264          8.0046         36.0000         37.0000          2.0000        300.2288
  266          8.0046         34.0000         37.0000          3.0000        300.2389
  267          8.0046         35.0000         37.0000          3.0000        300.2366
  268          8.0046         36.0000         37.0000          3.0000        300.2326
  270          8.0046         34.0000         37.0000          4.0000        300.2451
  271          8.0046         35.0000         37.0000          4.0000        300.2439
  272          8.0046         36.0000         37.0000          4.0000        300.2419
  258          8.0046         34.0000         37.0000          1.0000        300.2785
  259          8.0046         35.0000         37.0000          1.0000        300.2611
  260          8.0046         36.0000         37.0000          1.0000        300.2423
  262          8.0046         34.0000         37.0000          2.0000        300.2438
  263          8.0046         35.0000         37.0000          2.0000        300.2379
  264          8.0046         36.0000         37.0000          2.0000        300.2295
  266          8.0046         34.0000         37.0000          3.0000        300.2393
  267          8.0046         35.0000         37.0000          3.0000        300.2371
  268          8.0046         36.0000         37.0000          3.0000        300.2330
  270          8.0046         34.0000         37.0000          4.0000        300.2455
  271          8.0046         35.0000         37.0000          4.0000        300.2443
  272          8.0046         36.0000         37.0000          4.0000        300.2423
  258          9.0117         34.0000         37.0000          1.0000        309.0532
  259          9.0117         35.0000         37.0000          1.0000        309.0531
  260          9.0117         36.0000         37.0000          1.0000        309.0822
  262          9.0117         34.0000         37.0000          2.0000        309.3559
  263          9.0117         35.0000         37.0000          2.0000        309.3555
  264          9.0117         36.0000         37.0000          2.0000        309.3687
  266          9.0117         34.0000         37.0000          3.0000        309.6238
  267          9.0117         35.0000         37.0000          3.0000        309.6233
  268          9.0117         36.0000         37.0000          3.0000        309.6258
  270          9.0117         34.0000         37.0000          4.0000        309.8732
  271          9.0117         35.0000         37.0000          4.0000        309.8723
  272          9.0117         36.0000         37.0000          4.0000        309.8760
  258          9.0117         34.0000         37.0000          1.0000        309.0715
  259          9.0117         35.0000         37.0000          1.0000        309.0717
  260          9.0117         36.0000         37.0000          1.0000        309.1008
  262          9.0117         34.0000         37.0000          2.0000        309.3719
  263          9.0117         35.0000         37.0000          2.0000        309.3717
  264          9.0117         36.0000         37.0000          2.0000        309.3849
  266          9.0117         34.0000         37.0000          3.0000        309.6378
  267          9.0117         35.0000         37.0000          3.0000        309.6374
  268          9.0117         36.0000         37.0000          3.0000        309.6398
  270          9.0117         34.0000         37.0000          4.0000        309.8853
  271          9.0117         35.0000         37.0000          4.0000        309.8844
  272          9.0117         36.0000         37.0000          4.0000        309.8881
  258          9.0117         34.0000         37.0000          1.0000        309.0716
  259          9.0117         35.0000         37.0000          1.0000        309.0719
  260          9.0117         36.0000         37.0000          1.0000        309.1008
  262          9.0117         34.0000         37.0000          2.0000        309.3715
  263          9.0117         35.0000         37.0000          2.0000        309.3713
  264          9.0117         36.0000         37.0000          2.0000        309.3844
  266          9.0117         34.0000         37.0000          3.0000        309.6372
  267          9.0117         35.0000         37.0000          3.0000        309.6368
  268          9.0117         36.0000         37.0000          3.0000        309.6393
  270          9.0117         34.0000         37.0000          4.0000        309.8847
  271          9.0117         35.0000         37.0000          4.0000        309.8839
  272          9.0117         36.0000         37.0000          4.0000        309.8876
  258         10.0022         34.0000         37.0000          1.0000        316.7932
  259         10.0022         35.0000         37.0000          1.0000        316.8077
  260         10.0022         36.0000         37.0000          1.0000        316.8720
  262         10.0022         34.0000         37.0000          2.0000        317.3193
  263         10.0022         35.0000         37.0000          2.0000        317.3242
  264         10.0022         36.0000         37.0000          2.0000        317.3538
  266         10.0022         34.0000         37.0000          3.0000        317.7636
  267         10.0022         35.0000         37.0000          3.0000        317.7659
  268         10.0022         36.0000         37.0000          3.0000        317.7741
  270         10.0022         34.0000         37.0000          4.0000        318.1599
  271         10.0022         35.0000         37.0000          4.0000        318.1606
  272         10.0022         36.0000         37.0000          4.0000        318.1694
  258         10.0022         34.0000         37.0000          1.0000        316.8122
  259         10.0022         35.0000         37.0000          1.0000        316.8270
  260         10.0022         36.0000         37.0000          1.0000        316.8910
  262         10.0022         34.0000         37.0000          2.0000        317.3364
  263         10.0022         35.0000         37.0000          2.0000        317.3415
  264         10.0022         36.0000         37.0000          2.0000        317.3710
  266         10.0022         34.0000         37.0000          3.0000        317.7792
  267         10.0022         35.0000         37.0000          3.0000        317.7815
  268         10.0022         36.0000         37.0000          3.0000        317.7897
  270         10.0022         34.0000         37.0000          4.0000        318.1739
  271         10.0022         35.0000         37.0000          4.0000        318.1746
  272         10.0022         36.0000         37.0000          4.0000        318.1835
  258         10.0022         34.0000         37.0000          1.0000        316.8125
  259         10.0022         35.0000         37.0000          1.0000        316.8273
  260         10.0022         36.0000         37.0000          1.0000        316.8912
  262         10.0022         34.0000         37.0000          2.0000        317.3362
  263         10.0022         35.0000         37.0000          2.0000        317.3413
  264         10.0022         36.0000         37.0000          2.0000        317.3708
  266         10.0022         34.0000         37.0000          3.0000        317.7789
  267         10.0022         35.0000         37.0000          3.0000        317.7813
  268         10.0022         36.0000         37.0000          3.0000        317.7894
  270         10.0022         34.0000         37.0000          4.0000        318.1736
  271         10.0022         35.0000         37.0000          4.0000        318.1744
  272         10.0022         36.0000         37.0000          4.0000        318.1832
  258         11.0065         34.0000         37.0000          1.0000        323.3126
  259         11.0065         35.0000         37.0000          1.0000        323.3360
  260         11.0065         36.0000         37.0000          1.0000        323.4324
  262         11.0065         34.0000         37.0000          2.0000        324.0777
  263         11.0065         35.0000         37.0000          2.0000        324.0861
  264         11.0065         36.0000         37.0000          2.0000        324.1301
  266         11.0065         34.0000         37.0000          3.0000        324.7138
  267         11.0065         35.0000         37.0000          3.0000        324.7179
  268         11.0065         36.0000         37.0000          3.0000        324.7311
  270         11.0065         34.0000         37.0000          4.0000        325.2692
  271         11.0065         35.0000         37.0000          4.0000        325.2711
  272         11.0065         36.0000         37.0000          4.0000        325.2847
  258         11.0065         34.0000         37.0000          1.0000        323.3299
  259         11.0065         35.0000         37.0000          1.0000        323.3536
  260         11.0065         36.0000         37.0000          1.0000        323.4499
  262         11.0065         34.0000         37.0000          2.0000        324.0932
  263         11.0065         35.0000         37.0000          2.0000        324.1017
  264         11.0065         36.0000         37.0000          2.0000        324.1457
  266         11.0065         34.0000         37.0000          3.0000        324.7278
  267         11.0065         35.0000         37.0000          3.0000        324.7320
  268         11.0065         36.0000         37.0000          3.0000        324.7452
  270         11.0065         34.0000         37.0000          4.0000        325.2818
  271         11.0065         35.0000         37.0000          4.0000        325.2837
  272         11.0065         36.0000         37.0000          4.0000        325.2974
  258         11.0065         34.0000         37.0000          1.0000        323.3306
  259         11.0065         35.0000         37.0000          1.0000        323.3544
  260         11.0065         36.0000         37.0000          1.0000        323.4505
  262         11.0065         34.0000         37.0000          2.0000        324.0935
  263         11.0065         35.0000         37.0000          2.0000        324.1020
  264         11.0065         36.0000         37.0000          2.0000        324.1459
  266         11.0065         34.0000         37.0000          3.0000        324.7279
  267         11.0065         35.0000         37.0000          3.0000        324.7321
  268         11.0065         36.0000         37.0000          3.0000        324.7453
  270         11.0065         34.0000         37.0000          4.0000        325.2819
  271         11.0065         35.0000         37.0000          4.0000        325.2838
  272         11.0065         36.0000         37.0000          4.0000        325.2974
  258         12.0044         34.0000         37.0000          1.0000        326.8676
  259         12.0044         35.0000         37.0000          1.0000        326.8994
  260         12.0044         36.0000         37.0000          1.0000        327.0033
  262         12.0044         34.0000         37.0000          2.0000        327.6364
  263         12.0044         35.0000         37.0000          2.0000        327.6486
  264         12.0044         36.0000         37.0000          2.0000        327.6973
  266         12.0044         34.0000         37.0000          3.0000        328.2686
  267         12.0044         35.0000         37.0000          3.0000        328.2743
  268         12.0044         36.0000         37.0000          3.0000        328.2913
  270         12.0044         34.0000         37.0000          4.0000        328.8198
  271         12.0044         35.0000         37.0000          4.0000        328.8233
  272         12.0044         36.0000         37.0000          4.0000        328.8399
  258         12.0044         34.0000         37.0000          1.0000        326.8681
  259         12.0044         35.0000         37.0000          1.0000        326.9012
  260         12.0044         36.0000         37.0000          1.0000        327.0043
  262         12.0044         34.0000         37.0000          2.0000        327.6344
  263         12.0044         35.0000         37.0000          2.0000        327.6470
  264         12.0044         36.0000         37.0000          2.0000        327.6955
  266         12.0044         34.0000         37.0000          3.0000        328.2653
  267         12.0044         35.0000         37.0000          3.0000        328.2705
  268         12.0044         36.0000         37.0000          3.0000        328.2880
  270         12.0044         34.0000         37.0000          4.0000        328.8144
  271         12.0044         35.0000         37.0000          4.0000        328.8180
  272         12.0044         36.0000         37.0000          4.0000        328.8347
  258         12.0044         34.0000         37.0000          1.0000        326.8702
  259         12.0044         35.0000         37.0000          1.0000        326.9034
  260         12.0044         36.0000         37.0000          1.0000        327.0054
  262         12.0044         34.0000         37.0000          2.0000        327.6358
  263         12.0044         35.0000         37.0000          2.0000        327.6480
  264         12.0044         36.0000         37.0000          2.0000        327.6958
  266         12.0044         34.0000         37.0000          3.0000        328.2663
  267         12.0044         35.0000         37.0000          3.0000        328.2712
  268         12.0044         36.0000         37.0000          3.0000        328.2883
  270         12.0044         34.0000         37.0000          4.0000        328.8153
  271         12.0044         35.0000         37.0000          4.0000        328.8187
  272         12.0044         36.0000         37.0000          4.0000        328.8352
  258         12.0044         34.0000         37.0000          1.0000        326.8704
  259         12.0044         35.0000         37.0000          1.0000        326.9036
  260         12.0044         36.0000         37.0000          1.0000        327.0056
  262         12.0044         34.0000         37.0000          2.0000        327.6359
  263         12.0044         35.0000         37.0000          2.0000        327.6482
  264         12.0044         36.0000         37.0000          2.0000        327.6960
  266         12.0044         34.0000         37.0000          3.0000        328.2664
  267         12.0044         35.0000         37.0000          3.0000        328.2713
  268         12.0044         36.0000         37.0000          3.0000        328.2885
  270         12.0044         34.0000         37.0000          4.0000        328.8154
  271         12.0044         35.0000         37.0000          4.0000        328.8188
  272         12.0044         36.0000         37.0000          4.0000        328.8353
  258         13.0152         34.0000         37.0000          1.0000        327.8334
  259         13.0152         35.0000         37.0000          1.0000        327.8677
  260         13.0152         36.0000         37.0000          1.0000        327.9654
  262         13.0152         34.0000         37.0000          2.0000        328.5386
  263         13.0152         35.0000         37.0000          2.0000        328.5511
  264         13.0152         36.0000         37.0000          2.0000        328.5973
  266         13.0152         34.0000         37.0000          3.0000        329.1149
  267         13.0152         35.0000         37.0000          3.0000        329.1196
  268         13.0152         36.0000         37.0000          3.0000        329.1369
  270         13.0152         34.0000         37.0000          4.0000        329.6066
  271         13.0152         35.0000         37.0000          4.0000        329.6098
  272         13.0152         36.0000         37.0000          4.0000        329.6265
  258         13.0152         34.0000         37.0000          1.0000        327.8313
  259         13.0152         35.0000         37.0000          1.0000        327.8657
  260         13.0152         36.0000         37.0000          1.0000        327.9629
  262         13.0152         34.0000         37.0000          2.0000        328.5351
  263         13.0152         35.0000         37.0000          2.0000        328.5476
  264         13.0152         36.0000         37.0000          2.0000        328.5936
  266         13.0152         34.0000         37.0000          3.0000        329.1111
  267         13.0152         35.0000         37.0000          3.0000        329.1158
  268         13.0152         36.0000         37.0000          3.0000        329.1331
  270         13.0152         34.0000         37.0000          4.0000        329.6029
  271         13.0152         35.0000         37.0000          4.0000        329.6061
  272         13.0152         36.0000         37.0000          4.0000        329.6227
  258         14.0195         34.0000         37.0000          1.0000        327.0392
  259         14.0195         35.0000         37.0000          1.0000        327.0666
  260         14.0195         36.0000         37.0000          1.0000        327.1685
  262         14.0195         34.0000         37.0000          2.0000        327.8485
  263         14.0195         35.0000         37.0000          2.0000        327.8586
  264         14.0195         36.0000         37.0000          2.0000        327.9058
  266         14.0195         34.0000         37.0000          3.0000        328.5213
  267         14.0195         35.0000         37.0000          3.0000        328.5253
  268         14.0195         36.0000         37.0000          3.0000        328.5418
  270         14.0195         34.0000         37.0000          4.0000        329.0998
  271         14.0195         35.0000         37.0000          4.0000        329.1025
  272         14.0195         36.0000         37.0000          4.0000        329.1191
  258         14.0195         34.0000         37.0000          1.0000        327.1085
  259         14.0195         35.0000         37.0000          1.0000        327.1364
  260         14.0195         36.0000         37.0000          1.0000        327.2409
  262         14.0195         34.0000         37.0000          2.0000        327.9196
  263         14.0195         35.0000         37.0000          2.0000        327.9299
  264         14.0195         36.0000         37.0000          2.0000        327.9781
  266         14.0195         34.0000         37.0000          3.0000        328.5889
  267         14.0195         35.0000         37.0000          3.0000        328.5931
  268         14.0195         36.0000         37.0000          3.0000        328.6099
  270         14.0195         34.0000         37.0000          4.0000        329.1623
  271         14.0195         35.0000         37.0000          4.0000        329.1651
  272         14.0195         36.0000         37.0000          4.0000        329.1818
  258         14.0195         34.0000         37.0000          1.0000        327.1126
  259         14.0195         35.0000         37.0000          1.0000        327.1408
  260         14.0195         36.0000         37.0000          1.0000        327.2447
  262         14.0195         34.0000         37.0000          2.0000        327.9220
  263         14.0195         35.0000         37.0000          2.0000        327.9323
  264         14.0195         36.0000         37.0000          2.0000        327.9803
  266         14.0195         34.0000         37.0000          3.0000        328.5906
  267         14.0195         35.0000         37.0000          3.0000        328.5948
  268         14.0195         36.0000         37.0000          3.0000        328.6116
  270         14.0195         34.0000         37.0000          4.0000        329.1638
  271         14.0195         35.0000         37.0000          4.0000        329.1666
  272         14.0195         36.0000         37.0000          4.0000        329.1833
  258         15.0076         34.0000         37.0000          1.0000        329.0578
  259         15.0076         35.0000         37.0000          1.0000        329.0978
  260         15.0076         36.0000         37.0000          1.0000        329.1987
  262         15.0076         34.0000         37.0000          2.0000        329.7258
  263         15.0076         35.0000         37.0000          2.0000        329.7402
  264         15.0076         36.0000         37.0000          2.0000        329.7876
  266         15.0076         34.0000         37.0000          3.0000        330.2564
  267         15.0076         35.0000         37.0000          3.0000        330.2614
  268         15.0076         36.0000         37.0000          3.0000        330.2803
  270         15.0076         34.0000         37.0000          4.0000        330.6982
  271         15.0076         35.0000         37.0000          4.0000        330.7019
  272         15.0076         36.0000         37.0000          4.0000        330.7187
  258         15.0076         34.0000         37.0000          1.0000        328.9928
  259         15.0076         35.0000         37.0000          1.0000        329.0327
  260         15.0076         36.0000         37.0000          1.0000        329.1284
  262         15.0076         34.0000         37.0000          2.0000        329.6538
  263         15.0076         35.0000         37.0000          2.0000        329.6681
  264         15.0076         36.0000         37.0000          2.0000        329.7137
  266         15.0076         34.0000         37.0000          3.0000        330.1875
  267         15.0076         35.0000         37.0000          3.0000        330.1924
  268         15.0076         36.0000         37.0000          3.0000        330.2106
  270         15.0076         34.0000         37.0000          4.0000        330.6356
  271         15.0076         35.0000         37.0000          4.0000        330.6392
  272         15.0076         36.0000         37.0000          4.0000        330.6558
  258         15.0076         34.0000         37.0000          1.0000        328.9904
  259         15.0076         35.0000         37.0000          1.0000        329.0298
  260         15.0076         36.0000         37.0000          1.0000        329.1268
  262         15.0076         34.0000         37.0000          2.0000        329.6546
  263         15.0076         35.0000         37.0000          2.0000        329.6687
  264         15.0076         36.0000         37.0000          2.0000        329.7147
  266         15.0076         34.0000         37.0000          3.0000        330.1891
  267         15.0076         35.0000         37.0000          3.0000        330.1940
  268         15.0076         36.0000         37.0000          3.0000        330.2123
  270         15.0076         34.0000         37.0000          4.0000        330.6373
  271         15.0076         35.0000         37.0000          4.0000        330.6409
  272         15.0076         36.0000         37.0000          4.0000        330.6576
  258         16.0022         34.0000         37.0000          1.0000        325.1465
  259         16.0022         35.0000         37.0000          1.0000        325.1801
  260         16.0022         36.0000         37.0000          1.0000        325.2610
  262         16.0022         34.0000         37.0000          2.0000        325.6952
  263         16.0022         35.0000         37.0000          2.0000        325.7073
  264         16.0022         36.0000         37.0000          2.0000        325.7461
  266         16.0022         34.0000         37.0000          3.0000        326.1370
  267         16.0022         35.0000         37.0000          3.0000        326.1412
  268         16.0022         36.0000         37.0000          3.0000        326.1570
  270         16.0022         34.0000         37.0000          4.0000        326.5005
  271         16.0022         35.0000         37.0000          4.0000        326.5037
  272         16.0022         36.0000         37.0000          4.0000        326.5179
  258         16.0022         34.0000         37.0000          1.0000        325.1385
  259         16.0022         35.0000         37.0000          1.0000        325.1723
  260         16.0022         36.0000         37.0000          1.0000        325.2527
  262         16.0022         34.0000         37.0000          2.0000        325.6858
  263         16.0022         35.0000         37.0000          2.0000        325.6980
  264         16.0022         36.0000         37.0000          2.0000        325.7366
  266         16.0022         34.0000         37.0000          3.0000        326.1274
  267         16.0022         35.0000         37.0000          3.0000        326.1316
  268         16.0022         36.0000         37.0000          3.0000        326.1474
  270         16.0022         34.0000         37.0000          4.0000        326.4912
  271         16.0022         35.0000         37.0000          4.0000        326.4943
  272         16.0022         36.0000         37.0000          4.0000        326.5086
  258         16.0022         34.0000         37.0000          1.0000        325.1388
  259         16.0022         35.0000         37.0000          1.0000        325.1725
  260         16.0022         36.0000         37.0000          1.0000        325.2529
  262         16.0022         34.0000         37.0000          2.0000        325.6861
  263         16.0022         35.0000         37.0000          2.0000        325.6983
  264         16.0022         36.0000         37.0000          2.0000        325.7369
  266         16.0022         34.0000         37.0000          3.0000        326.1277
  267         16.0022         35.0000         37.0000          3.0000        326.1319
  268         16.0022         36.0000         37.0000          3.0000        326.1477
  270         16.0022         34.0000         37.0000          4.0000        326.4914
  271         16.0022         35.0000         37.0000          4.0000        326.4946
  272         16.0022         36.0000         37.0000          4.0000        326.5089
  258         17.0105         34.0000         37.0000          1.0000        320.1770
  259         17.0105         35.0000         37.0000          1.0000        320.1989
  260         17.0105         36.0000         37.0000          1.0000        320.2684
  262         17.0105         34.0000         37.0000          2.0000        320.7051
  263         17.0105         35.0000         37.0000          2.0000        320.7130
  264         17.0105         36.0000         37.0000          2.0000        320.7454
  266         17.0105         34.0000         37.0000          3.0000        321.1396
  267         17.0105         35.0000         37.0000          3.0000        321.1425
  268         17.0105         36.0000         37.0000          3.0000        321.1543
  270         17.0105         34.0000         37.0000          4.0000        321.5029
  271         17.0105         35.0000         37.0000          4.0000        321.5050
  272         17.0105         36.0000         37.0000          4.0000        321.5163
  258         17.0105         34.0000         37.0000          1.0000        320.2261
  259         17.0105         35.0000         37.0000          1.0000        320.2483
  260         17.0105         36.0000         37.0000          1.0000        320.3196
  262         17.0105         34.0000         37.0000          2.0000        320.7563
  263         17.0105         35.0000         37.0000          2.0000        320.7643
  264         17.0105         36.0000         37.0000          2.0000        320.7973
  266         17.0105         34.0000         37.0000          3.0000        321.1889
  267         17.0105         35.0000         37.0000          3.0000        321.1919
  268         17.0105         36.0000         37.0000          3.0000        321.2039
  270         17.0105         34.0000         37.0000          4.0000        321.5491
  271         17.0105         35.0000         37.0000          4.0000        321.5512
  272         17.0105         36.0000         37.0000          4.0000        321.5626
  258         17.0105         34.0000         37.0000          1.0000        320.2287
  259         17.0105         35.0000         37.0000          1.0000        320.2510
  260         17.0105         36.0000         37.0000          1.0000        320.3220
  262         17.0105         34.0000         37.0000          2.0000        320.7577
  263         17.0105         35.0000         37.0000          2.0000        320.7658
  264         17.0105         36.0000         37.0000          2.0000        320.7987
  266         17.0105         34.0000         37.0000          3.0000        321.1900
  267         17.0105         35.0000         37.0000          3.0000        321.1930
  268         17.0105         36.0000         37.0000          3.0000        321.2049
  270         17.0105         34.0000         37.0000          4.0000        321.5500
  271         17.0105         35.0000         37.0000          4.0000        321.5521
  272         17.0105         36.0000         37.0000          4.0000        321.5635
  258         18.0036         34.0000         37.0000          1.0000        314.0376
  259         18.0036         35.0000         37.0000          1.0000        314.0533
  260         18.0036         36.0000         37.0000          1.0000        314.0992
  262         18.0036         34.0000         37.0000          2.0000        314.3524
  263         18.0036         35.0000         37.0000          2.0000        314.3583
  264         18.0036         36.0000         37.0000          2.0000        314.3797
  266         18.0036         34.0000         37.0000          3.0000        314.6033
  267         18.0036         35.0000         37.0000          3.0000        314.6059
  268         18.0036         36.0000         37.0000          3.0000        314.6143
  270         18.0036         34.0000         37.0000          4.0000        314.8007
  271         18.0036         35.0000         37.0000          4.0000        314.8027
  272         18.0036         36.0000         37.0000          4.0000        314.8103
  258         18.0036         34.0000         37.0000          1.0000        313.9918
  259         18.0036         35.0000         37.0000          1.0000        314.0075
  260         18.0036         36.0000         37.0000          1.0000        314.0508
  262         18.0036         34.0000         37.0000          2.0000        314.3027
  263         18.0036         35.0000         37.0000          2.0000        314.3085
  264         18.0036         36.0000         37.0000          2.0000        314.3290
  266         18.0036         34.0000         37.0000          3.0000        314.5548
  267         18.0036         35.0000         37.0000          3.0000        314.5573
  268         18.0036         36.0000         37.0000          3.0000        314.5653
  270         18.0036         34.0000         37.0000          4.0000        314.7549
  271         18.0036         35.0000         37.0000          4.0000        314.7569
  272         18.0036         36.0000         37.0000          4.0000        314.7644
  258         18.0036         34.0000         37.0000          1.0000        313.9886
  259         18.0036         35.0000         37.0000          1.0000        314.0041
  260         18.0036         36.0000         37.0000          1.0000        314.0478
  262         18.0036         34.0000         37.0000          2.0000        314.3007
  263         18.0036         35.0000         37.0000          2.0000        314.3065
  264         18.0036         36.0000         37.0000          2.0000        314.3271
  266         18.0036         34.0000         37.0000          3.0000        314.5532
  267         18.0036         35.0000         37.0000          3.0000        314.5557
  268         18.0036         36.0000         37.0000          3.0000        314.5638
  270         18.0036         34.0000         37.0000          4.0000        314.7535
  271         18.0036         35.0000         37.0000          4.0000        314.7555
  272         18.0036         36.0000         37.0000          4.0000        314.7631
  258         19.0092         34.0000         37.0000          1.0000        307.0917
  259         19.0092         35.0000         37.0000          1.0000        307.0974
  260         19.0092         36.0000         37.0000          1.0000        307.1117
  262         19.0092         34.0000         37.0000          2.0000        307.1664
  263         19.0092         35.0000         37.0000          2.0000        307.1683
  264         19.0092         36.0000         37.0000          2.0000        307.1747
  266         19.0092         34.0000         37.0000          3.0000        307.2192
  267         19.0092         35.0000         37.0000          3.0000        307.2198
  268         19.0092         36.0000         37.0000          3.0000        307.2225
  270         19.0092         34.0000         37.0000          4.0000        307.2510
  271         19.0092         35.0000         37.0000          4.0000        307.2515
  272         19.0092         36.0000         37.0000          4.0000        307.2535
  258         19.0092         34.0000         37.0000          1.0000        307.0867
  259         19.0092         35.0000         37.0000          1.0000        307.0925
  260         19.0092         36.0000         37.0000          1.0000        307.1062
  262         19.0092         34.0000         37.0000          2.0000        307.1602
  263         19.0092         35.0000         37.0000          2.0000        307.1621
  264         19.0092         36.0000         37.0000          2.0000        307.1683
  266         19.0092         34.0000         37.0000          3.0000        307.2128
  267         19.0092         35.0000         37.0000          3.0000        307.2135
  268         19.0092         36.0000         37.0000          3.0000        307.2160
  270         19.0092         34.0000         37.0000          4.0000        307.2449
  271         19.0092         35.0000         37.0000          4.0000        307.2453
  272         19.0092         36.0000         37.0000          4.0000        307.2473
  258         20.0022         34.0000         37.0000          1.0000        303.0681
  259         20.0022         35.0000         37.0000          1.0000        303.0667
  260         20.0022         36.0000         37.0000          1.0000        303.0593
  262         20.0022         34.0000         37.0000          2.0000        302.9728
  263         20.0022         35.0000         37.0000          2.0000        302.9720
  264         20.0022         36.0000         37.0000          2.0000        302.9684
  266         20.0022         34.0000         37.0000          3.0000        302.8855
  267         20.0022         35.0000         37.0000          3.0000        302.8849
  268         20.0022         36.0000         37.0000          3.0000        302.8841
  270         20.0022         34.0000         37.0000          4.0000        302.8014
  271         20.0022         35.0000         37.0000          4.0000        302.8009
  272         20.0022         36.0000         37.0000          4.0000        302.7996
  258         20.0022         34.0000         37.0000          1.0000        303.0622
  259         20.0022         35.0000         37.0000          1.0000        303.0609
  260         20.0022         36.0000         37.0000          1.0000        303.0527
  262         20.0022         34.0000         37.0000          2.0000        302.9652
  263         20.0022         35.0000         37.0000          2.0000        302.9644
  264         20.0022         36.0000         37.0000          2.0000        302.9605
  266         20.0022         34.0000         37.0000          3.0000        302.8777
  267         20.0022         35.0000         37.0000          3.0000        302.8770
  268         20.0022         36.0000         37.0000          3.0000        302.8761
  270         20.0022         34.0000         37.0000          4.0000        302.7938
  271         20.0022         35.0000         37.0000          4.0000        302.7933
  272         20.0022         36.0000         37.0000          4.0000        302.7920
  258         21.0060         34.0000         37.0000          1.0000        301.7166
  259         21.0060         35.0000         37.0000          1.0000        301.7111
  260         21.0060         36.0000         37.0000          1.0000        301.6972
  262         21.0060         34.0000         37.0000          2.0000        301.5895
  263         21.0060         35.0000         37.0000          2.0000        301.5873
  264         21.0060         36.0000         37.0000          2.0000        301.5807
  266         21.0060         34.0000         37.0000          3.0000        301.4804
  267         21.0060         35.0000         37.0000          3.0000        301.4792
  268         21.0060         36.0000         37.0000          3.0000        301.4772
  270         21.0060         34.0000         37.0000          4.0000        301.3824
  271         21.0060         35.0000         37.0000          4.0000        301.3816
  272         21.0060         36.0000         37.0000          4.0000        301.3794
  258         21.0060         34.0000         37.0000          1.0000        301.7148
  259         21.0060         35.0000         37.0000          1.0000        301.7094
  260         21.0060         36.0000         37.0000          1.0000        301.6949
  262         21.0060         34.0000         37.0000          2.0000        301.5860
  263         21.0060         35.0000         37.0000          2.0000        301.5838
  264         21.0060         36.0000         37.0000          2.0000        301.5770
  266         21.0060         34.0000         37.0000          3.0000        301.4766
  267         21.0060         35.0000         37.0000          3.0000        301.4754
  268         21.0060         36.0000         37.0000          3.0000        301.4733
  270         21.0060         34.0000         37.0000          4.0000        301.3785
  271         21.0060         35.0000         37.0000          4.0000        301.3777
  272         21.0060         36.0000         37.0000          4.0000        301.3755
  258         22.0097         34.0000         37.0000          1.0000        300.7150
  259         22.0097         35.0000         37.0000          1.0000        300.7042
  260         22.0097         36.0000         37.0000          1.0000        300.6836
  262         22.0097         34.0000         37.0000          2.0000        300.5600
  263         22.0097         35.0000         37.0000          2.0000        300.5559
  264         22.0097         36.0000         37.0000          2.0000        300.5463
  266         22.0097         34.0000         37.0000          3.0000        300.4334
  267         22.0097         35.0000         37.0000          3.0000        300.4315
  268         22.0097         36.0000         37.0000          3.0000        300.4282
  270         22.0097         34.0000         37.0000          4.0000        300.3209
  271         22.0097         35.0000         37.0000          4.0000        300.3198
  272         22.0097         36.0000         37.0000          4.0000        300.3168
  258         22.0097         34.0000         37.0000          1.0000        300.7151
  259         22.0097         35.0000         37.0000          1.0000        300.7045
  260         22.0097         36.0000         37.0000          1.0000        300.6832
  262         22.0097         34.0000         37.0000          2.0000        300.5583
  263         22.0097         35.0000         37.0000          2.0000        300.5543
  264         22.0097         36.0000         37.0000          2.0000        300.5444
  266         22.0097         34.0000         37.0000          3.0000        300.4312
  267         22.0097         35.0000         37.0000          3.0000        300.4293
  268         22.0097         36.0000         37.0000          3.0000        300.4259
  270         22.0097         34.0000         37.0000          4.0000        300.3186
  271         22.0097         35.0000         37.0000          4.0000        300.3175
  272         22.0097         36.0000         37.0000          4.0000        300.3145
  258         23.0112         34.0000         37.0000          1.0000        300.2409
  259         23.0112         35.0000         37.0000          1.0000        300.2265
  260         23.0112         36.0000         37.0000          1.0000        300.2020
  262         23.0112         34.0000         37.0000          2.0000        300.0804
  263         23.0112         35.0000         37.0000          2.0000        300.0751
  264         23.0112         36.0000         37.0000          2.0000        300.0636
  266         23.0112         34.0000         37.0000          3.0000        299.9547
  267         23.0112         35.0000         37.0000          3.0000        299.9523
  268         23.0112         36.0000         37.0000          3.0000        299.9482
  270         23.0112         34.0000         37.0000          4.0000        299.8447
  271         23.0112         35.0000         37.0000          4.0000        299.8433
  272         23.0112         36.0000         37.0000          4.0000        299.8400
  258         23.0112         34.0000         37.0000          1.0000        300.2419
  259         23.0112         35.0000         37.0000          1.0000        300.2276
  260         23.0112         36.0000         37.0000          1.0000        300.2024
  262         23.0112         34.0000         37.0000          2.0000        300.0795
  263         23.0112         35.0000         37.0000          2.0000        300.0742
  264         23.0112         36.0000         37.0000          2.0000        300.0625
  266         23.0112         34.0000         37.0000          3.0000        299.9533
  267         23.0112         35.0000         37.0000          3.0000        299.9509
  268         23.0112         36.0000         37.0000          3.0000        299.9466
  270         23.0112         34.0000         37.0000          4.0000        299.8431
  271         23.0112         35.0000         37.0000          4.0000        299.8417
  272         23.0112         36.0000         37.0000          4.0000        299.8383
