  290          1.0142         34.0000         32.0000          1.0000          0.0000
  291          1.0142         35.0000         32.0000          1.0000          0.0000
  292          1.0142         36.0000         32.0000          1.0000          0.0000
  294          1.0142         34.0000         32.0000          2.0000          0.0000
  295          1.0142         35.0000         32.0000          2.0000          0.0000
  296          1.0142         36.0000         32.0000          2.0000          0.0000
  298          1.0142         34.0000         32.0000          3.0000          0.0000
  299          1.0142         35.0000         32.0000          3.0000          0.0000
  300          1.0142         36.0000         32.0000          3.0000          0.0000
  302          1.0142         34.0000         32.0000          4.0000          0.0000
  303          1.0142         35.0000         32.0000          4.0000          0.0000
  304          1.0142         36.0000         32.0000          4.0000          0.0000
  290          1.0142         34.0000         32.0000          1.0000          0.0000
  291          1.0142         35.0000         32.0000          1.0000          0.0000
  292          1.0142         36.0000         32.0000          1.0000          0.0000
  294          1.0142         34.0000         32.0000          2.0000          0.0000
  295          1.0142         35.0000         32.0000          2.0000          0.0000
  296          1.0142         36.0000         32.0000          2.0000          0.0000
  298          1.0142         34.0000         32.0000          3.0000          0.0000
  299          1.0142         35.0000         32.0000          3.0000          0.0000
  300          1.0142         36.0000         32.0000          3.0000          0.0000
  302          1.0142         34.0000         32.0000          4.0000          0.0000
  303          1.0142         35.0000         32.0000          4.0000          0.0000
  304          1.0142         36.0000         32.0000          4.0000          0.0000
  290          2.0285         34.0000         32.0000          1.0000          0.0000
  291          2.0285         35.0000         32.0000          1.0000          0.0000
  292          2.0285         36.0000         32.0000          1.0000          0.0000
  294          2.0285         34.0000         32.0000          2.0000          0.0000
  295          2.0285         35.0000         32.0000          2.0000          0.0000
  296          2.0285         36.0000         32.0000          2.0000          0.0000
  298          2.0285         34.0000         32.0000          3.0000          0.0000
  299          2.0285         35.0000         32.0000          3.0000          0.0000
  300          2.0285         36.0000         32.0000          3.0000          0.0000
  302          2.0285         34.0000         32.0000          4.0000          0.0000
  303          2.0285         35.0000         32.0000          4.0000          0.0000
  304          2.0285         36.0000         32.0000          4.0000          0.0000
  290          2.0285         34.0000         32.0000          1.0000          0.0000
  291          2.0285         35.0000         32.0000          1.0000          0.0000
  292          2.0285         36.0000         32.0000          1.0000          0.0000
  294          2.0285         34.0000         32.0000          2.0000          0.0000
  295          2.0285         35.0000         32.0000          2.0000          0.0000
  296          2.0285         36.0000         32.0000          2.0000          0.0000
  298          2.0285         34.0000         32.0000          3.0000          0.0000
  299          2.0285         35.0000         32.0000          3.0000          0.0000
  300          2.0285         36.0000         32.0000          3.0000          0.0000
  302          2.0285         34.0000         32.0000          4.0000          0.0000
  303          2.0285         35.0000         32.0000          4.0000          0.0000
  304          2.0285         36.0000         32.0000          4.0000          0.0000
  290          3.0037         34.0000         32.0000          1.0000          0.0000
  291          3.0037         35.0000         32.0000          1.0000          0.0000
  292          3.0037         36.0000         32.0000          1.0000          0.0000
  294          3.0037         34.0000         32.0000          2.0000          0.0000
  295          3.0037         35.0000         32.0000          2.0000          0.0000
  296          3.0037         36.0000         32.0000          2.0000          0.0000
  298          3.0037         34.0000         32.0000          3.0000          0.0000
  299          3.0037         35.0000         32.0000          3.0000          0.0000
  300          3.0037         36.0000         32.0000          3.0000          0.0000
  302          3.0037         34.0000         32.0000          4.0000          0.0000
  303          3.0037         35.0000         32.0000          4.0000          0.0000
  304          3.0037         36.0000         32.0000          4.0000          0.0000
  290          3.0037         34.0000         32.0000          1.0000          0.0000
  291          3.0037         35.0000         32.0000          1.0000          0.0000
  292          3.0037         36.0000         32.0000          1.0000          0.0000
  294          3.0037         34.0000         32.0000          2.0000          0.0000
  295          3.0037         35.0000         32.0000          2.0000          0.0000
  296          3.0037         36.0000         32.0000          2.0000          0.0000
  298          3.0037         34.0000         32.0000          3.0000          0.0000
  299          3.0037         35.0000         32.0000          3.0000          0.0000
  300          3.0037         36.0000         32.0000          3.0000          0.0000
  302          3.0037         34.0000         32.0000          4.0000          0.0000
  303          3.0037         35.0000         32.0000          4.0000          0.0000
  304          3.0037         36.0000         32.0000          4.0000          0.0000
  290          4.0179         34.0000         32.0000          1.0000          0.0000
  291          4.0179         35.0000         32.0000          1.0000          0.0000
  292          4.0179         36.0000         32.0000          1.0000          0.0000
  294          4.0179         34.0000         32.0000          2.0000          0.0000
  295          4.0179         35.0000         32.0000          2.0000          0.0000
  296          4.0179         36.0000         32.0000          2.0000          0.0000
  298          4.0179         34.0000         32.0000          3.0000          0.0000
  299          4.0179         35.0000         32.0000          3.0000          0.0000
  300          4.0179         36.0000         32.0000          3.0000          0.0000
  302          4.0179         34.0000         32.0000          4.0000          0.0000
  303          4.0179         35.0000         32.0000          4.0000          0.0000
  304          4.0179         36.0000         32.0000          4.0000          0.0000
  290          4.0179         34.0000         32.0000          1.0000          0.0000
  291          4.0179         35.0000         32.0000          1.0000          0.0000
  292          4.0179         36.0000         32.0000          1.0000          0.0000
  294          4.0179         34.0000         32.0000          2.0000          0.0000
  295          4.0179         35.0000         32.0000          2.0000          0.0000
  296          4.0179         36.0000         32.0000          2.0000          0.0000
  298          4.0179         34.0000         32.0000          3.0000          0.0000
  299          4.0179         35.0000         32.0000          3.0000          0.0000
  300          4.0179         36.0000         32.0000          3.0000          0.0000
  302          4.0179         34.0000         32.0000          4.0000          0.0000
  303          4.0179         35.0000         32.0000          4.0000          0.0000
  304          4.0179         36.0000         32.0000          4.0000          0.0000
  290          5.0321         34.0000         32.0000          1.0000          0.0000
  291          5.0321         35.0000         32.0000          1.0000          0.0000
  292          5.0321         36.0000         32.0000          1.0000          0.0000
  294          5.0321         34.0000         32.0000          2.0000          0.0000
  295          5.0321         35.0000         32.0000          2.0000          0.0000
  296          5.0321         36.0000         32.0000          2.0000          0.0000
  298          5.0321         34.0000         32.0000          3.0000          0.0000
  299          5.0321         35.0000         32.0000          3.0000          0.0000
  300          5.0321         36.0000         32.0000          3.0000          0.0000
  302          5.0321         34.0000         32.0000          4.0000          0.0000
  303          5.0321         35.0000         32.0000          4.0000          0.0000
  304          5.0321         36.0000         32.0000          4.0000          0.0000
  290          5.0321         34.0000         32.0000          1.0000          0.0000
  291          5.0321         35.0000         32.0000          1.0000          0.0000
  292          5.0321         36.0000         32.0000          1.0000          0.0000
  294          5.0321         34.0000         32.0000          2.0000          0.0000
  295          5.0321         35.0000         32.0000          2.0000          0.0000
  296          5.0321         36.0000         32.0000          2.0000          0.0000
  298          5.0321         34.0000         32.0000          3.0000          0.0000
  299          5.0321         35.0000         32.0000          3.0000          0.0000
  300          5.0321         36.0000         32.0000          3.0000          0.0000
  302          5.0321         34.0000         32.0000          4.0000          0.0000
  303          5.0321         35.0000         32.0000          4.0000          0.0000
  304          5.0321         36.0000         32.0000          4.0000          0.0000
  290          6.0269         34.0000         32.0000          1.0000          0.0000
  291          6.0269         35.0000         32.0000          1.0000          0.0000
  292          6.0269         36.0000         32.0000          1.0000          0.0000
  294          6.0269         34.0000         32.0000          2.0000          0.0000
  295          6.0269         35.0000         32.0000          2.0000          0.0000
  296          6.0269         36.0000         32.0000          2.0000          0.0000
  298          6.0269         34.0000         32.0000          3.0000          0.0000
  299          6.0269         35.0000         32.0000          3.0000          0.0000
  300          6.0269         36.0000         32.0000          3.0000          0.0000
  302          6.0269         34.0000         32.0000          4.0000          0.0000
  303          6.0269         35.0000         32.0000          4.0000          0.0000
  304          6.0269         36.0000         32.0000          4.0000          0.0000
  290          6.0269         34.0000         32.0000          1.0000          0.0000
  291          6.0269         35.0000         32.0000          1.0000          0.0000
  292          6.0269         36.0000         32.0000          1.0000          0.0000
  294          6.0269         34.0000         32.0000          2.0000          0.0000
  295          6.0269         35.0000         32.0000          2.0000          0.0000
  296          6.0269         36.0000         32.0000          2.0000          0.0000
  298          6.0269         34.0000         32.0000          3.0000          0.0000
  299          6.0269         35.0000         32.0000          3.0000          0.0000
  300          6.0269         36.0000         32.0000          3.0000          0.0000
  302          6.0269         34.0000         32.0000          4.0000          0.0000
  303          6.0269         35.0000         32.0000          4.0000          0.0000
  304          6.0269         36.0000         32.0000          4.0000          0.0000
  290          7.0411         34.0000         32.0000          1.0000          0.0915
  291          7.0411         35.0000         32.0000          1.0000          0.0915
  292          7.0411         36.0000         32.0000          1.0000          0.0920
  294          7.0411         34.0000         32.0000          2.0000          0.0969
  295          7.0411         35.0000         32.0000          2.0000          0.0969
  296          7.0411         36.0000         32.0000          2.0000          0.0971
  298          7.0411         34.0000         32.0000          3.0000          0.1017
  299          7.0411         35.0000         32.0000          3.0000          0.1017
  300          7.0411         36.0000         32.0000          3.0000          0.1018
  302          7.0411         34.0000         32.0000          4.0000          0.1063
  303          7.0411         35.0000         32.0000          4.0000          0.1063
  304          7.0411         36.0000         32.0000          4.0000          0.1064
  290          7.0411         34.0000         32.0000          1.0000          0.0915
  291          7.0411         35.0000         32.0000          1.0000          0.0915
  292          7.0411         36.0000         32.0000          1.0000          0.0920
  294          7.0411         34.0000         32.0000          2.0000          0.0969
  295          7.0411         35.0000         32.0000          2.0000          0.0969
  296          7.0411         36.0000         32.0000          2.0000          0.0971
  298          7.0411         34.0000         32.0000          3.0000          0.1017
  299          7.0411         35.0000         32.0000          3.0000          0.1017
  300          7.0411         36.0000         32.0000          3.0000          0.1018
  302          7.0411         34.0000         32.0000          4.0000          0.1063
  303          7.0411         35.0000         32.0000          4.0000          0.1063
  304          7.0411         36.0000         32.0000          4.0000          0.1064
  290          8.0046         34.0000         32.0000          1.0000          2.2698
  291          8.0046         35.0000         32.0000          1.0000          2.2700
  292          8.0046         36.0000         32.0000          1.0000          2.2816
  294          8.0046         34.0000         32.0000          2.0000          2.4031
  295          8.0046         35.0000         32.0000          2.0000          2.4032
  296          8.0046         36.0000         32.0000          2.0000          2.4087
  298          8.0046         34.0000         32.0000          3.0000          2.5234
  299          8.0046         35.0000         32.0000          3.0000          2.5234
  300          8.0046         36.0000         32.0000          3.0000          2.5249
  302          8.0046         34.0000         32.0000          4.0000          2.6372
  303          8.0046         35.0000         32.0000          4.0000          2.6372
  304          8.0046         36.0000         32.0000          4.0000          2.6393
  290          8.0046         34.0000         32.0000          1.0000          2.2695
  291          8.0046         35.0000         32.0000          1.0000          2.2697
  292          8.0046         36.0000         32.0000          1.0000          2.2814
  294          8.0046         34.0000         32.0000          2.0000          2.4029
  295          8.0046         35.0000         32.0000          2.0000          2.4030
  296          8.0046         36.0000         32.0000          2.0000          2.4085
  298          8.0046         34.0000         32.0000          3.0000          2.5233
  299          8.0046         35.0000         32.0000          3.0000          2.5233
  300          8.0046         36.0000         32.0000          3.0000          2.5248
  302          8.0046         34.0000         32.0000          4.0000          2.6371
  303          8.0046         35.0000         32.0000          4.0000          2.6371
  304          8.0046         36.0000         32.0000          4.0000          2.6392
  290          8.0046         34.0000         32.0000          1.0000          2.2692
  291          8.0046         35.0000         32.0000          1.0000          2.2695
  292          8.0046         36.0000         32.0000          1.0000          2.2811
  294          8.0046         34.0000         32.0000          2.0000          2.4027
  295          8.0046         35.0000         32.0000          2.0000          2.4028
  296          8.0046         36.0000         32.0000          2.0000          2.4084
  298          8.0046         34.0000         32.0000          3.0000          2.5232
  299          8.0046         35.0000         32.0000          3.0000          2.5232
  300          8.0046         36.0000         32.0000          3.0000          2.5247
  302          8.0046         34.0000         32.0000          4.0000          2.6370
  303          8.0046         35.0000         32.0000          4.0000          2.6370
  304          8.0046         36.0000         32.0000          4.0000          2.6391
  290          9.0117         34.0000         32.0000          1.0000         11.6994
  291          9.0117         35.0000         32.0000          1.0000         11.7609
  292          9.0117         36.0000         32.0000          1.0000         11.8293
  294          9.0117         34.0000         32.0000          2.0000         12.4055
  295          9.0117         35.0000         32.0000          2.0000         12.4143
  296          9.0117         36.0000         32.0000          2.0000         12.4440
  298          9.0117         34.0000         32.0000          3.0000         13.0005
  299          9.0117         35.0000         32.0000          3.0000         13.0016
  300          9.0117         36.0000         32.0000          3.0000         13.0075
  302          9.0117         34.0000         32.0000          4.0000         13.5547
  303          9.0117         35.0000         32.0000          4.0000         13.5540
  304          9.0117         36.0000         32.0000          4.0000         13.5625
  290          9.0117         34.0000         32.0000          1.0000         11.6977
  291          9.0117         35.0000         32.0000          1.0000         11.7590
  292          9.0117         36.0000         32.0000          1.0000         11.8276
  294          9.0117         34.0000         32.0000          2.0000         12.4045
  295          9.0117         35.0000         32.0000          2.0000         12.4132
  296          9.0117         36.0000         32.0000          2.0000         12.4430
  298          9.0117         34.0000         32.0000          3.0000         12.9997
  299          9.0117         35.0000         32.0000          3.0000         13.0009
  300          9.0117         36.0000         32.0000          3.0000         13.0067
  302          9.0117         34.0000         32.0000          4.0000         13.5540
  303          9.0117         35.0000         32.0000          4.0000         13.5533
  304          9.0117         36.0000         32.0000          4.0000         13.5619
  290          9.0117         34.0000         32.0000          1.0000         11.6959
  291          9.0117         35.0000         32.0000          1.0000         11.7572
  292          9.0117         36.0000         32.0000          1.0000         11.8259
  294          9.0117         34.0000         32.0000          2.0000         12.4034
  295          9.0117         35.0000         32.0000          2.0000         12.4121
  296          9.0117         36.0000         32.0000          2.0000         12.4420
  298          9.0117         34.0000         32.0000          3.0000         12.9990
  299          9.0117         35.0000         32.0000          3.0000         13.0001
  300          9.0117         36.0000         32.0000          3.0000         13.0060
  302          9.0117         34.0000         32.0000          4.0000         13.5534
  303          9.0117         35.0000         32.0000          4.0000         13.5527
  304          9.0117         36.0000         32.0000          4.0000         13.5613
  290         10.0022         34.0000         32.0000          1.0000         20.2629
  291         10.0022         35.0000         32.0000          1.0000         20.4605
  292         10.0022         36.0000         32.0000          1.0000         20.5973
  294         10.0022         34.0000         32.0000          2.0000         21.5258
  295         10.0022         35.0000         32.0000          2.0000         21.5585
  296         10.0022         36.0000         32.0000          2.0000         21.6221
  298         10.0022         34.0000         32.0000          3.0000         22.5324
  299         10.0022         35.0000         32.0000          3.0000         22.5416
  300         10.0022         36.0000         32.0000          3.0000         22.5589
  302         10.0022         34.0000         32.0000          4.0000         23.4581
  303         10.0022         35.0000         32.0000          4.0000         23.4611
  304         10.0022         36.0000         32.0000          4.0000         23.4801
  290         10.0022         34.0000         32.0000          1.0000         20.2594
  291         10.0022         35.0000         32.0000          1.0000         20.4567
  292         10.0022         36.0000         32.0000          1.0000         20.5939
  294         10.0022         34.0000         32.0000          2.0000         21.5237
  295         10.0022         35.0000         32.0000          2.0000         21.5564
  296         10.0022         36.0000         32.0000          2.0000         21.6201
  298         10.0022         34.0000         32.0000          3.0000         22.5309
  299         10.0022         35.0000         32.0000          3.0000         22.5400
  300         10.0022         36.0000         32.0000          3.0000         22.5574
  302         10.0022         34.0000         32.0000          4.0000         23.4569
  303         10.0022         35.0000         32.0000          4.0000         23.4599
  304         10.0022         36.0000         32.0000          4.0000         23.4789
  290         10.0022         34.0000         32.0000          1.0000         20.2558
  291         10.0022         35.0000         32.0000          1.0000         20.4530
  292         10.0022         36.0000         32.0000          1.0000         20.5906
  294         10.0022         34.0000         32.0000          2.0000         21.5216
  295         10.0022         35.0000         32.0000          2.0000         21.5542
  296         10.0022         36.0000         32.0000          2.0000         21.6181
  298         10.0022         34.0000         32.0000          3.0000         22.5294
  299         10.0022         35.0000         32.0000          3.0000         22.5385
  300         10.0022         36.0000         32.0000          3.0000         22.5559
  302         10.0022         34.0000         32.0000          4.0000         23.4556
  303         10.0022         35.0000         32.0000          4.0000         23.4586
  304         10.0022         36.0000         32.0000          4.0000         23.4777
  290         11.0065         34.0000         32.0000          1.0000         29.3085
  291         11.0065         35.0000         32.0000          1.0000         29.4494
  292         11.0065         36.0000         32.0000          1.0000         29.7319
  294         11.0065         34.0000         32.0000          2.0000         31.1379
  295         11.0065         35.0000         32.0000          2.0000         31.1675
  296         11.0065         36.0000         32.0000          2.0000         31.2642
  298         11.0065         34.0000         32.0000          3.0000         32.6276
  299         11.0065         35.0000         32.0000          3.0000         32.6363
  300         11.0065         36.0000         32.0000          3.0000         32.6619
  302         11.0065         34.0000         32.0000          4.0000         34.0011
  303         11.0065         35.0000         32.0000          4.0000         34.0039
  304         11.0065         36.0000         32.0000          4.0000         34.0324
  290         11.0065         34.0000         32.0000          1.0000         29.3039
  291         11.0065         35.0000         32.0000          1.0000         29.4445
  292         11.0065         36.0000         32.0000          1.0000         29.7275
  294         11.0065         34.0000         32.0000          2.0000         31.1351
  295         11.0065         35.0000         32.0000          2.0000         31.1647
  296         11.0065         36.0000         32.0000          2.0000         31.2616
  298         11.0065         34.0000         32.0000          3.0000         32.6256
  299         11.0065         35.0000         32.0000          3.0000         32.6342
  300         11.0065         36.0000         32.0000          3.0000         32.6599
  302         11.0065         34.0000         32.0000          4.0000         33.9995
  303         11.0065         35.0000         32.0000          4.0000         34.0023
  304         11.0065         36.0000         32.0000          4.0000         34.0308
  290         11.0065         34.0000         32.0000          1.0000         29.2992
  291         11.0065         35.0000         32.0000          1.0000         29.4396
  292         11.0065         36.0000         32.0000          1.0000         29.7231
  294         11.0065         34.0000         32.0000          2.0000         31.1324
  295         11.0065         35.0000         32.0000          2.0000         31.1618
  296         11.0065         36.0000         32.0000          2.0000         31.2590
  298         11.0065         34.0000         32.0000          3.0000         32.6236
  299         11.0065         35.0000         32.0000          3.0000         32.6322
  300         11.0065         36.0000         32.0000          3.0000         32.6580
  302         11.0065         34.0000         32.0000          4.0000         33.9979
  303         11.0065         35.0000         32.0000          4.0000         34.0007
  304         11.0065         36.0000         32.0000          4.0000         34.0292
  290         12.0044         34.0000         32.0000          1.0000         31.9086
  291         12.0044         35.0000         32.0000          1.0000         31.8282
  292         12.0044         36.0000         32.0000          1.0000         31.9769
  294         12.0044         34.0000         32.0000          2.0000         33.9673
  295         12.0044         35.0000         32.0000          2.0000         33.9323
  296         12.0044         36.0000         32.0000          2.0000         33.9989
  298         12.0044         34.0000         32.0000          3.0000         35.5295
  299         12.0044         35.0000         32.0000          3.0000         35.5192
  300         12.0044         36.0000         32.0000          3.0000         35.5381
  302         12.0044         34.0000         32.0000          4.0000         36.9472
  303         12.0044         35.0000         32.0000          4.0000         36.9454
  304         12.0044         36.0000         32.0000          4.0000         36.9741
  290         12.0044         34.0000         32.0000          1.0000         31.9026
  291         12.0044         35.0000         32.0000          1.0000         31.8220
  292         12.0044         36.0000         32.0000          1.0000         31.9715
  294         12.0044         34.0000         32.0000          2.0000         33.9638
  295         12.0044         35.0000         32.0000          2.0000         33.9287
  296         12.0044         36.0000         32.0000          2.0000         33.9956
  298         12.0044         34.0000         32.0000          3.0000         35.5269
  299         12.0044         35.0000         32.0000          3.0000         35.5166
  300         12.0044         36.0000         32.0000          3.0000         35.5356
  302         12.0044         34.0000         32.0000          4.0000         36.9451
  303         12.0044         35.0000         32.0000          4.0000         36.9433
  304         12.0044         36.0000         32.0000          4.0000         36.9720
  290         12.0044         34.0000         32.0000          1.0000         31.8966
  291         12.0044         35.0000         32.0000          1.0000         31.8158
  292         12.0044         36.0000         32.0000          1.0000         31.9660
  294         12.0044         34.0000         32.0000          2.0000         33.9603
  295         12.0044         35.0000         32.0000          2.0000         33.9251
  296         12.0044         36.0000         32.0000          2.0000         33.9923
  298         12.0044         34.0000         32.0000          3.0000         35.5244
  299         12.0044         35.0000         32.0000          3.0000         35.5140
  300         12.0044         36.0000         32.0000          3.0000         35.5332
  302         12.0044         34.0000         32.0000          4.0000         36.9431
  303         12.0044         35.0000         32.0000          4.0000         36.9413
  304         12.0044         36.0000         32.0000          4.0000         36.9700
  290         12.0044         34.0000         32.0000          1.0000         31.8907
  291         12.0044         35.0000         32.0000          1.0000         31.8097
  292         12.0044         36.0000         32.0000          1.0000         31.9606
  294         12.0044         34.0000         32.0000          2.0000         33.9568
  295         12.0044         35.0000         32.0000          2.0000         33.9216
  296         12.0044         36.0000         32.0000          2.0000         33.9890
  298         12.0044         34.0000         32.0000          3.0000         35.5218
  299         12.0044         35.0000         32.0000          3.0000         35.5115
  300         12.0044         36.0000         32.0000          3.0000         35.5307
  302         12.0044         34.0000         32.0000          4.0000         36.9410
  303         12.0044         35.0000         32.0000          4.0000         36.9392
  304         12.0044         36.0000         32.0000          4.0000         36.9680
  290         13.0152         34.0000         32.0000          1.0000         31.8844
  291         13.0152         35.0000         32.0000          1.0000         31.8321
  292         13.0152         36.0000         32.0000          1.0000         31.9900
  294         13.0152         34.0000         32.0000          2.0000         34.0306
  295         13.0152         35.0000         32.0000          2.0000         34.0058
  296         13.0152         36.0000         32.0000          2.0000         34.0852
  298         13.0152         34.0000         32.0000          3.0000         35.5820
  299         13.0152         35.0000         32.0000          3.0000         35.5743
  300         13.0152         36.0000         32.0000          3.0000         35.6002
  302         13.0152         34.0000         32.0000          4.0000         36.9629
  303         13.0152         35.0000         32.0000          4.0000         36.9619
  304         13.0152         36.0000         32.0000          4.0000         36.9932
  290         13.0152         34.0000         32.0000          1.0000         31.8780
  291         13.0152         35.0000         32.0000          1.0000         31.8254
  292         13.0152         36.0000         32.0000          1.0000         31.9841
  294         13.0152         34.0000         32.0000          2.0000         34.0267
  295         13.0152         35.0000         32.0000          2.0000         34.0019
  296         13.0152         36.0000         32.0000          2.0000         34.0816
  298         13.0152         34.0000         32.0000          3.0000         35.5792
  299         13.0152         35.0000         32.0000          3.0000         35.5715
  300         13.0152         36.0000         32.0000          3.0000         35.5975
  302         13.0152         34.0000         32.0000          4.0000         36.9607
  303         13.0152         35.0000         32.0000          4.0000         36.9597
  304         13.0152         36.0000         32.0000          4.0000         36.9910
  290         14.0195         34.0000         32.0000          1.0000         33.6818
  291         14.0195         35.0000         32.0000          1.0000         33.6553
  292         14.0195         36.0000         32.0000          1.0000         33.8542
  294         14.0195         34.0000         32.0000          2.0000         35.8226
  295         14.0195         35.0000         32.0000          2.0000         35.8120
  296         14.0195         36.0000         32.0000          2.0000         35.9056
  298         14.0195         34.0000         32.0000          3.0000         37.5262
  299         14.0195         35.0000         32.0000          3.0000         37.5241
  300         14.0195         36.0000         32.0000          3.0000         37.5516
  302         14.0195         34.0000         32.0000          4.0000         39.0868
  303         14.0195         35.0000         32.0000          4.0000         39.0874
  304         14.0195         36.0000         32.0000          4.0000         39.1208
  290         14.0195         34.0000         32.0000          1.0000         33.6762
  291         14.0195         35.0000         32.0000          1.0000         33.6495
  292         14.0195         36.0000         32.0000          1.0000         33.8491
  294         14.0195         34.0000         32.0000          2.0000         35.8194
  295         14.0195         35.0000         32.0000          2.0000         35.8087
  296         14.0195         36.0000         32.0000          2.0000         35.9025
  298         14.0195         34.0000         32.0000          3.0000         37.5238
  299         14.0195         35.0000         32.0000          3.0000         37.5217
  300         14.0195         36.0000         32.0000          3.0000         37.5493
  302         14.0195         34.0000         32.0000          4.0000         39.0849
  303         14.0195         35.0000         32.0000          4.0000         39.0855
  304         14.0195         36.0000         32.0000          4.0000         39.1189
  290         14.0195         34.0000         32.0000          1.0000         33.6707
  291         14.0195         35.0000         32.0000          1.0000         33.6438
  292         14.0195         36.0000         32.0000          1.0000         33.8440
  294         14.0195         34.0000         32.0000          2.0000         35.8161
  295         14.0195         35.0000         32.0000          2.0000         35.8053
  296         14.0195         36.0000         32.0000          2.0000         35.8994
  298         14.0195         34.0000         32.0000          3.0000         37.5214
  299         14.0195         35.0000         32.0000          3.0000         37.5193
  300         14.0195         36.0000         32.0000          3.0000         37.5469
  302         14.0195         34.0000         32.0000          4.0000         39.0830
  303         14.0195         35.0000         32.0000          4.0000         39.0836
  304         14.0195         36.0000         32.0000          4.0000         39.1170
  290         15.0076         34.0000         32.0000          1.0000         29.9046
  291         15.0076         35.0000         32.0000          1.0000         29.8091
  292         15.0076         36.0000         32.0000          1.0000         29.9491
  294         15.0076         34.0000         32.0000          2.0000         31.8818
  295         15.0076         35.0000         32.0000          2.0000         31.8413
  296         15.0076         36.0000         32.0000          2.0000         31.9061
  298         15.0076         34.0000         32.0000          3.0000         33.3161
  299         15.0076         35.0000         32.0000          3.0000         33.3046
  300         15.0076         36.0000         32.0000          3.0000         33.3245
  302         15.0076         34.0000         32.0000          4.0000         34.6017
  303         15.0076         35.0000         32.0000          4.0000         34.5999
  304         15.0076         36.0000         32.0000          4.0000         34.6276
  290         15.0076         34.0000         32.0000          1.0000         29.8984
  291         15.0076         35.0000         32.0000          1.0000         29.8028
  292         15.0076         36.0000         32.0000          1.0000         29.9435
  294         15.0076         34.0000         32.0000          2.0000         31.8782
  295         15.0076         35.0000         32.0000          2.0000         31.8376
  296         15.0076         36.0000         32.0000          2.0000         31.9027
  298         15.0076         34.0000         32.0000          3.0000         33.3135
  299         15.0076         35.0000         32.0000          3.0000         33.3020
  300         15.0076         36.0000         32.0000          3.0000         33.3219
  302         15.0076         34.0000         32.0000          4.0000         34.5996
  303         15.0076         35.0000         32.0000          4.0000         34.5977
  304         15.0076         36.0000         32.0000          4.0000         34.6255
  290         15.0076         34.0000         32.0000          1.0000         29.8923
  291         15.0076         35.0000         32.0000          1.0000         29.7964
  292         15.0076         36.0000         32.0000          1.0000         29.9379
  294         15.0076         34.0000         32.0000          2.0000         31.8746
  295         15.0076         35.0000         32.0000          2.0000         31.8339
  296         15.0076         36.0000         32.0000          2.0000         31.8993
  298         15.0076         34.0000         32.0000          3.0000         33.3109
  299         15.0076         35.0000         32.0000          3.0000         33.2993
  300         15.0076         36.0000         32.0000          3.0000         33.3194
  302         15.0076         34.0000         32.0000          4.0000         34.5975
  303         15.0076         35.0000         32.0000          4.0000         34.5956
  304         15.0076         36.0000         32.0000          4.0000         34.6234
  290         16.0022         34.0000         32.0000          1.0000         25.9333
  291         16.0022         35.0000         32.0000          1.0000         25.7001
  292         16.0022         36.0000         32.0000          1.0000         25.7816
  294         16.0022         34.0000         32.0000          2.0000         27.4421
  295         16.0022         35.0000         32.0000          2.0000         27.3962
  296         16.0022         36.0000         32.0000          2.0000         27.4342
  298         16.0022         34.0000         32.0000          3.0000         28.6591
  299         16.0022         35.0000         32.0000          3.0000         28.6476
  300         16.0022         36.0000         32.0000          3.0000         28.6587
  302         16.0022         34.0000         32.0000          4.0000         29.7721
  303         16.0022         35.0000         32.0000          4.0000         29.7701
  304         16.0022         36.0000         32.0000          4.0000         29.7920
  290         16.0022         34.0000         32.0000          1.0000         25.9281
  291         16.0022         35.0000         32.0000          1.0000         25.6947
  292         16.0022         36.0000         32.0000          1.0000         25.7769
  294         16.0022         34.0000         32.0000          2.0000         27.4390
  295         16.0022         35.0000         32.0000          2.0000         27.3930
  296         16.0022         36.0000         32.0000          2.0000         27.4313
  298         16.0022         34.0000         32.0000          3.0000         28.6569
  299         16.0022         35.0000         32.0000          3.0000         28.6454
  300         16.0022         36.0000         32.0000          3.0000         28.6566
  302         16.0022         34.0000         32.0000          4.0000         29.7703
  303         16.0022         35.0000         32.0000          4.0000         29.7683
  304         16.0022         36.0000         32.0000          4.0000         29.7902
  290         16.0022         34.0000         32.0000          1.0000         25.9229
  291         16.0022         35.0000         32.0000          1.0000         25.6893
  292         16.0022         36.0000         32.0000          1.0000         25.7722
  294         16.0022         34.0000         32.0000          2.0000         27.4360
  295         16.0022         35.0000         32.0000          2.0000         27.3899
  296         16.0022         36.0000         32.0000          2.0000         27.4285
  298         16.0022         34.0000         32.0000          3.0000         28.6547
  299         16.0022         35.0000         32.0000          3.0000         28.6431
  300         16.0022         36.0000         32.0000          3.0000         28.6544
  302         16.0022         34.0000         32.0000          4.0000         29.7685
  303         16.0022         35.0000         32.0000          4.0000         29.7665
  304         16.0022         36.0000         32.0000          4.0000         29.7885
  290         17.0105         34.0000         32.0000          1.0000         20.4849
  291         17.0105         35.0000         32.0000          1.0000         20.4251
  292         17.0105         36.0000         32.0000          1.0000         20.5146
  294         17.0105         34.0000         32.0000          2.0000         21.6805
  295         17.0105         35.0000         32.0000          2.0000         21.6687
  296         17.0105         36.0000         32.0000          2.0000         21.7092
  298         17.0105         34.0000         32.0000          3.0000         22.7218
  299         17.0105         35.0000         32.0000          3.0000         22.7187
  300         17.0105         36.0000         32.0000          3.0000         22.7289
  302         17.0105         34.0000         32.0000          4.0000         23.6964
  303         17.0105         35.0000         32.0000          4.0000         23.6960
  304         17.0105         36.0000         32.0000          4.0000         23.7141
  290         17.0105         34.0000         32.0000          1.0000         20.4819
  291         17.0105         35.0000         32.0000          1.0000         20.4221
  292         17.0105         36.0000         32.0000          1.0000         20.5119
  294         17.0105         34.0000         32.0000          2.0000         21.6788
  295         17.0105         35.0000         32.0000          2.0000         21.6669
  296         17.0105         36.0000         32.0000          2.0000         21.7075
  298         17.0105         34.0000         32.0000          3.0000         22.7205
  299         17.0105         35.0000         32.0000          3.0000         22.7174
  300         17.0105         36.0000         32.0000          3.0000         22.7277
  302         17.0105         34.0000         32.0000          4.0000         23.6954
  303         17.0105         35.0000         32.0000          4.0000         23.6950
  304         17.0105         36.0000         32.0000          4.0000         23.7131
  290         17.0105         34.0000         32.0000          1.0000         20.4789
  291         17.0105         35.0000         32.0000          1.0000         20.4190
  292         17.0105         36.0000         32.0000          1.0000         20.5092
  294         17.0105         34.0000         32.0000          2.0000         21.6770
  295         17.0105         35.0000         32.0000          2.0000         21.6651
  296         17.0105         36.0000         32.0000          2.0000         21.7059
  298         17.0105         34.0000         32.0000          3.0000         22.7192
  299         17.0105         35.0000         32.0000          3.0000         22.7162
  300         17.0105         36.0000         32.0000          3.0000         22.7265
  302         17.0105         34.0000         32.0000          4.0000         23.6944
  303         17.0105         35.0000         32.0000          4.0000         23.6940
  304         17.0105         36.0000         32.0000          4.0000         23.7121
  290         18.0036         34.0000         32.0000          1.0000         12.8336
  291         18.0036         35.0000         32.0000          1.0000         12.7662
  292         18.0036         36.0000         32.0000          1.0000         12.8162
  294         18.0036         34.0000         32.0000          2.0000         13.5472
  295         18.0036         35.0000         32.0000          2.0000         13.5381
  296         18.0036         36.0000         32.0000          2.0000         13.5621
  298         18.0036         34.0000         32.0000          3.0000         14.1877
  299         18.0036         35.0000         32.0000          3.0000         14.1867
  300         18.0036         36.0000         32.0000          3.0000         14.1935
  302         18.0036         34.0000         32.0000          4.0000         14.7893
  303         18.0036         35.0000         32.0000          4.0000         14.7902
  304         18.0036         36.0000         32.0000          4.0000         14.8023
  290         18.0036         34.0000         32.0000          1.0000         12.8316
  291         18.0036         35.0000         32.0000          1.0000         12.7641
  292         18.0036         36.0000         32.0000          1.0000         12.8144
  294         18.0036         34.0000         32.0000          2.0000         13.5460
  295         18.0036         35.0000         32.0000          2.0000         13.5369
  296         18.0036         36.0000         32.0000          2.0000         13.5610
  298         18.0036         34.0000         32.0000          3.0000         14.1868
  299         18.0036         35.0000         32.0000          3.0000         14.1858
  300         18.0036         36.0000         32.0000          3.0000         14.1927
  302         18.0036         34.0000         32.0000          4.0000         14.7886
  303         18.0036         35.0000         32.0000          4.0000         14.7896
  304         18.0036         36.0000         32.0000          4.0000         14.8016
  290         18.0036         34.0000         32.0000          1.0000         12.8296
  291         18.0036         35.0000         32.0000          1.0000         12.7621
  292         18.0036         36.0000         32.0000          1.0000         12.8126
  294         18.0036         34.0000         32.0000          2.0000         13.5449
  295         18.0036         35.0000         32.0000          2.0000         13.5357
  296         18.0036         36.0000         32.0000          2.0000         13.5599
  298         18.0036         34.0000         32.0000          3.0000         14.1860
  299         18.0036         35.0000         32.0000          3.0000         14.1850
  300         18.0036         36.0000         32.0000          3.0000         14.1919
  302         18.0036         34.0000         32.0000          4.0000         14.7879
  303         18.0036         35.0000         32.0000          4.0000         14.7889
  304         18.0036         36.0000         32.0000          4.0000         14.8009
  290         19.0092         34.0000         32.0000          1.0000          3.5080
  291         19.0092         35.0000         32.0000          1.0000          3.5086
  292         19.0092         36.0000         32.0000          1.0000          3.5267
  294         19.0092         34.0000         32.0000          2.0000          3.7146
  295         19.0092         35.0000         32.0000          2.0000          3.7149
  296         19.0092         36.0000         32.0000          2.0000          3.7235
  298         19.0092         34.0000         32.0000          3.0000          3.9008
  299         19.0092         35.0000         32.0000          3.0000          3.9011
  300         19.0092         36.0000         32.0000          3.0000          3.9034
  302         19.0092         34.0000         32.0000          4.0000          4.0766
  303         19.0092         35.0000         32.0000          4.0000          4.0768
  304         19.0092         36.0000         32.0000          4.0000          4.0802
  290         19.0092         34.0000         32.0000          1.0000          3.5076
  291         19.0092         35.0000         32.0000          1.0000          3.5082
  292         19.0092         36.0000         32.0000          1.0000          3.5263
  294         19.0092         34.0000         32.0000          2.0000          3.7143
  295         19.0092         35.0000         32.0000          2.0000          3.7147
  296         19.0092         36.0000         32.0000          2.0000          3.7233
  298         19.0092         34.0000         32.0000          3.0000          3.9006
  299         19.0092         35.0000         32.0000          3.0000          3.9009
  300         19.0092         36.0000         32.0000          3.0000          3.9032
  302         19.0092         34.0000         32.0000          4.0000          4.0764
  303         19.0092         35.0000         32.0000          4.0000          4.0766
  304         19.0092         36.0000         32.0000          4.0000          4.0800
  290         20.0022         34.0000         32.0000          1.0000          0.0000
  291         20.0022         35.0000         32.0000          1.0000          0.0000
  292         20.0022         36.0000         32.0000          1.0000          0.0000
  294         20.0022         34.0000         32.0000          2.0000          0.0000
  295         20.0022         35.0000         32.0000          2.0000          0.0000
  296         20.0022         36.0000         32.0000          2.0000          0.0000
  298         20.0022         34.0000         32.0000          3.0000          0.0000
  299         20.0022         35.0000         32.0000          3.0000          0.0000
  300         20.0022         36.0000         32.0000          3.0000          0.0000
  302         20.0022         34.0000         32.0000          4.0000          0.0000
  303         20.0022         35.0000         32.0000          4.0000          0.0000
  304         20.0022         36.0000         32.0000          4.0000          0.0000
  290         20.0022         34.0000         32.0000          1.0000          0.0000
  291         20.0022         35.0000         32.0000          1.0000          0.0000
  292         20.0022         36.0000         32.0000          1.0000          0.0000
  294         20.0022         34.0000         32.0000          2.0000          0.0000
  295         20.0022         35.0000         32.0000          2.0000          0.0000
  296         20.0022         36.0000         32.0000          2.0000          0.0000
  298         20.0022         34.0000         32.0000          3.0000          0.0000
  299         20.0022         35.0000         32.0000          3.0000          0.0000
  300         20.0022         36.0000         32.0000          3.0000          0.0000
  302         20.0022         34.0000         32.0000          4.0000          0.0000
  303         20.0022         35.0000         32.0000          4.0000          0.0000
  304         20.0022         36.0000         32.0000          4.0000          0.0000
  290         21.0060         34.0000         32.0000          1.0000          0.0000
  291         21.0060         35.0000         32.0000          1.0000          0.0000
  292         21.0060         36.0000         32.0000          1.0000          0.0000
  294         21.0060         34.0000         32.0000          2.0000          0.0000
  295         21.0060         35.0000         32.0000          2.0000          0.0000
  296         21.0060         36.0000         32.0000          2.0000          0.0000
  298         21.0060         34.0000         32.0000          3.0000          0.0000
  299         21.0060         35.0000         32.0000          3.0000          0.0000
  300         21.0060         36.0000         32.0000          3.0000          0.0000
  302         21.0060         34.0000         32.0000          4.0000          0.0000
  303         21.0060         35.0000         32.0000          4.0000          0.0000
  304         21.0060         36.0000         32.0000          4.0000          0.0000
  290         21.0060         34.0000         32.0000          1.0000          0.0000
  291         21.0060         35.0000         32.0000          1.0000          0.0000
  292         21.0060         36.0000         32.0000          1.0000          0.0000
  294         21.0060         34.0000         32.0000          2.0000          0.0000
  295         21.0060         35.0000         32.0000          2.0000          0.0000
  296         21.0060         36.0000         32.0000          2.0000          0.0000
  298         21.0060         34.0000         32.0000          3.0000          0.0000
  299         21.0060         35.0000         32.0000          3.0000          0.0000
  300         21.0060         36.0000         32.0000          3.0000          0.0000
  302         21.0060         34.0000         32.0000          4.0000          0.0000
  303         21.0060         35.0000         32.0000          4.0000          0.0000
  304         21.0060         36.0000         32.0000          4.0000          0.0000
  290         22.0097         34.0000         32.0000          1.0000          0.0000
  291         22.0097         35.0000         32.0000          1.0000          0.0000
  292         22.0097         36.0000         32.0000          1.0000          0.0000
  294         22.0097         34.0000         32.0000          2.0000          0.0000
  295         22.0097         35.0000         32.0000          2.0000          0.0000
  296         22.0097         36.0000         32.0000          2.0000          0.0000
  298         22.0097         34.0000         32.0000          3.0000          0.0000
  299         22.0097         35.0000         32.0000          3.0000          0.0000
  300         22.0097         36.0000         32.0000          3.0000          0.0000
  302         22.0097         34.0000         32.0000          4.0000          0.0000
  303         22.0097         35.0000         32.0000          4.0000          0.0000
  304         22.0097         36.0000         32.0000          4.0000          0.0000
  290         22.0097         34.0000         32.0000          1.0000          0.0000
  291         22.0097         35.0000         32.0000          1.0000          0.0000
  292         22.0097         36.0000         32.0000          1.0000          0.0000
  294         22.0097         34.0000         32.0000          2.0000          0.0000
  295         22.0097         35.0000         32.0000          2.0000          0.0000
  296         22.0097         36.0000         32.0000          2.0000          0.0000
  298         22.0097         34.0000         32.0000          3.0000          0.0000
  299         22.0097         35.0000         32.0000          3.0000          0.0000
  300         22.0097         36.0000         32.0000          3.0000          0.0000
  302         22.0097         34.0000         32.0000          4.0000          0.0000
  303         22.0097         35.0000         32.0000          4.0000          0.0000
  304         22.0097         36.0000         32.0000          4.0000          0.0000
  290         23.0112         34.0000         32.0000          1.0000          0.0000
  291         23.0112         35.0000         32.0000          1.0000          0.0000
  292         23.0112         36.0000         32.0000          1.0000          0.0000
  294         23.0112         34.0000         32.0000          2.0000          0.0000
  295         23.0112         35.0000         32.0000          2.0000          0.0000
  296         23.0112         36.0000         32.0000          2.0000          0.0000
  298         23.0112         34.0000         32.0000          3.0000          0.0000
  299         23.0112         35.0000         32.0000          3.0000          0.0000
  300         23.0112         36.0000         32.0000          3.0000          0.0000
  302         23.0112         34.0000         32.0000          4.0000          0.0000
  303         23.0112         35.0000         32.0000          4.0000          0.0000
  304         23.0112         36.0000         32.0000          4.0000          0.0000
  290         23.0112         34.0000         32.0000          1.0000          0.0000
  291         23.0112         35.0000         32.0000          1.0000          0.0000
  292         23.0112         36.0000         32.0000          1.0000          0.0000
  294         23.0112         34.0000         32.0000          2.0000          0.0000
  295         23.0112         35.0000         32.0000          2.0000          0.0000
  296         23.0112         36.0000         32.0000          2.0000          0.0000
  298         23.0112         34.0000         32.0000          3.0000          0.0000
  299         23.0112         35.0000         32.0000          3.0000          0.0000
  300         23.0112         36.0000         32.0000          3.0000          0.0000
  302         23.0112         34.0000         32.0000          4.0000          0.0000
  303         23.0112         35.0000         32.0000          4.0000          0.0000
  304         23.0112         36.0000         32.0000          4.0000          0.0000
