  273          1.0142         37.0000         33.0000          1.0000          0.0000
  277          1.0142         37.0000         33.0000          2.0000          0.0000
  281          1.0142         37.0000         33.0000          3.0000          0.0000
  285          1.0142         37.0000         33.0000          4.0000          0.0000
  273          1.0142         37.0000         33.0000          1.0000          0.0000
  277          1.0142         37.0000         33.0000          2.0000          0.0000
  281          1.0142         37.0000         33.0000          3.0000          0.0000
  285          1.0142         37.0000         33.0000          4.0000          0.0000
  273          2.0285         37.0000         33.0000          1.0000          0.0000
  277          2.0285         37.0000         33.0000          2.0000          0.0000
  281          2.0285         37.0000         33.0000          3.0000          0.0000
  285          2.0285         37.0000         33.0000          4.0000          0.0000
  273          2.0285         37.0000         33.0000          1.0000          0.0000
  277          2.0285         37.0000         33.0000          2.0000          0.0000
  281          2.0285         37.0000         33.0000          3.0000          0.0000
  285          2.0285         37.0000         33.0000          4.0000          0.0000
  273          3.0037         37.0000         33.0000          1.0000          0.0000
  277          3.0037         37.0000         33.0000          2.0000          0.0000
  281          3.0037         37.0000         33.0000          3.0000          0.0000
  285          3.0037         37.0000         33.0000          4.0000          0.0000
  273          3.0037         37.0000         33.0000          1.0000          0.0000
  277          3.0037         37.0000         33.0000          2.0000          0.0000
  281          3.0037         37.0000         33.0000          3.0000          0.0000
  285          3.0037         37.0000         33.0000          4.0000          0.0000
  273          4.0179         37.0000         33.0000          1.0000          0.0000
  277          4.0179         37.0000         33.0000          2.0000          0.0000
  281          4.0179         37.0000         33.0000          3.0000          0.0000
  285          4.0179         37.0000         33.0000          4.0000          0.0000
  273          4.0179         37.0000         33.0000          1.0000          0.0000
  277          4.0179         37.0000         33.0000          2.0000          0.0000
  281          4.0179         37.0000         33.0000          3.0000          0.0000
  285          4.0179         37.0000         33.0000          4.0000          0.0000
  273          5.0321         37.0000         33.0000          1.0000          0.0000
  277          5.0321         37.0000         33.0000          2.0000          0.0000
  281          5.0321         37.0000         33.0000          3.0000          0.0000
  285          5.0321         37.0000         33.0000          4.0000          0.0000
  273          5.0321         37.0000         33.0000          1.0000          0.0000
  277          5.0321         37.0000         33.0000          2.0000          0.0000
  281          5.0321         37.0000         33.0000          3.0000          0.0000
  285          5.0321         37.0000         33.0000          4.0000          0.0000
  273          6.0269         37.0000         33.0000          1.0000          0.0000
  277          6.0269         37.0000         33.0000          2.0000          0.0000
  281          6.0269         37.0000         33.0000          3.0000          0.0000
  285          6.0269         37.0000         33.0000          4.0000          0.0000
  273          6.0269         37.0000         33.0000          1.0000          0.0000
  277          6.0269         37.0000         33.0000          2.0000          0.0000
  281          6.0269         37.0000         33.0000          3.0000          0.0000
  285          6.0269         37.0000         33.0000          4.0000          0.0000
  273          7.0411         37.0000         33.0000          1.0000          0.0578
  277          7.0411         37.0000         33.0000          2.0000          0.0611
  281          7.0411         37.0000         33.0000          3.0000          0.0640
  285          7.0411         37.0000         33.0000          4.0000          0.0669
  273          7.0411         37.0000         33.0000          1.0000          0.0578
  277          7.0411         37.0000         33.0000          2.0000          0.0611
  281          7.0411         37.0000         33.0000          3.0000          0.0640
  285          7.0411         37.0000         33.0000          4.0000          0.0669
  273          8.0046         37.0000         33.0000          1.0000          1.4335
  277          8.0046         37.0000         33.0000          2.0000          1.5137
  281          8.0046         37.0000         33.0000          3.0000          1.5868
  285          8.0046         37.0000         33.0000          4.0000          1.9037
  273          8.0046         37.0000         33.0000          1.0000          1.4334
  277          8.0046         37.0000         33.0000          2.0000          1.5136
  281          8.0046         37.0000         33.0000          3.0000          1.5867
  285          8.0046         37.0000         33.0000          4.0000          1.9036
  273          8.0046         37.0000         33.0000          1.0000          1.4332
  277          8.0046         37.0000         33.0000          2.0000          1.5135
  281          8.0046         37.0000         33.0000          3.0000          1.5867
  285          8.0046         37.0000         33.0000          4.0000          1.9036
  273          9.0117         37.0000         33.0000          1.0000         17.1799
  277          9.0117         37.0000         33.0000          2.0000         17.5360
  281          9.0117         37.0000         33.0000          3.0000         17.8834
  285          9.0117         37.0000         33.0000          4.0000         18.2363
  273          9.0117         37.0000         33.0000          1.0000         17.1791
  277          9.0117         37.0000         33.0000          2.0000         17.5354
  281          9.0117         37.0000         33.0000          3.0000         17.8830
  285          9.0117         37.0000         33.0000          4.0000         18.2360
  273          9.0117         37.0000         33.0000          1.0000         17.1783
  277          9.0117         37.0000         33.0000          2.0000         17.5349
  281          9.0117         37.0000         33.0000          3.0000         17.8825
  285          9.0117         37.0000         33.0000          4.0000         18.2356
  273         10.0022         37.0000         33.0000          1.0000         29.7616
  277         10.0022         37.0000         33.0000          2.0000         30.3846
  281         10.0022         37.0000         33.0000          3.0000         30.9577
  285         10.0022         37.0000         33.0000          4.0000         31.5289
  273         10.0022         37.0000         33.0000          1.0000         29.7599
  277         10.0022         37.0000         33.0000          2.0000         30.3834
  281         10.0022         37.0000         33.0000          3.0000         30.9569
  285         10.0022         37.0000         33.0000          4.0000         31.5282
  273         10.0022         37.0000         33.0000          1.0000         29.7582
  277         10.0022         37.0000         33.0000          2.0000         30.3823
  281         10.0022         37.0000         33.0000          3.0000         30.9560
  285         10.0022         37.0000         33.0000          4.0000         31.5274
  273         11.0065         37.0000         33.0000          1.0000         30.2834
  277         11.0065         37.0000         33.0000          2.0000         31.2304
  281         11.0065         37.0000         33.0000          3.0000         32.0958
  285         11.0065         37.0000         33.0000          4.0000         32.9511
  273         11.0065         37.0000         33.0000          1.0000         30.2811
  277         11.0065         37.0000         33.0000          2.0000         31.2289
  281         11.0065         37.0000         33.0000          3.0000         32.0947
  285         11.0065         37.0000         33.0000          4.0000         32.9501
  273         11.0065         37.0000         33.0000          1.0000         30.2788
  277         11.0065         37.0000         33.0000          2.0000         31.2274
  281         11.0065         37.0000         33.0000          3.0000         32.0935
  285         11.0065         37.0000         33.0000          4.0000         32.9492
  273         12.0044         37.0000         33.0000          1.0000         19.6475
  277         12.0044         37.0000         33.0000          2.0000         21.1533
  281         12.0044         37.0000         33.0000          3.0000         22.2701
  285         12.0044         37.0000         33.0000          4.0000         23.2447
  273         12.0044         37.0000         33.0000          1.0000         19.6449
  277         12.0044         37.0000         33.0000          2.0000         21.1514
  281         12.0044         37.0000         33.0000          3.0000         22.2687
  285         12.0044         37.0000         33.0000          4.0000         23.2434
  273         12.0044         37.0000         33.0000          1.0000         19.6422
  277         12.0044         37.0000         33.0000          2.0000         21.1495
  281         12.0044         37.0000         33.0000          3.0000         22.2672
  285         12.0044         37.0000         33.0000          4.0000         23.2422
  273         12.0044         37.0000         33.0000          1.0000         19.6395
  277         12.0044         37.0000         33.0000          2.0000         21.1476
  281         12.0044         37.0000         33.0000          3.0000         22.2657
  285         12.0044         37.0000         33.0000          4.0000         23.2410
  273         13.0152         37.0000         33.0000          1.0000         19.7087
  277         13.0152         37.0000         33.0000          2.0000         21.3576
  281         13.0152         37.0000         33.0000          3.0000         22.3793
  285         13.0152         37.0000         33.0000          4.0000         23.2758
  273         13.0152         37.0000         33.0000          1.0000         19.7057
  277         13.0152         37.0000         33.0000          2.0000         21.3555
  281         13.0152         37.0000         33.0000          3.0000         22.3776
  285         13.0152         37.0000         33.0000          4.0000         23.2744
  273         14.0195         37.0000         33.0000          1.0000         21.2897
  277         14.0195         37.0000         33.0000          2.0000         22.5845
  281         14.0195         37.0000         33.0000          3.0000         23.6208
  285         14.0195         37.0000         33.0000          4.0000         24.6083
  273         14.0195         37.0000         33.0000          1.0000         21.2870
  277         14.0195         37.0000         33.0000          2.0000         22.5827
  281         14.0195         37.0000         33.0000          3.0000         23.6194
  285         14.0195         37.0000         33.0000          4.0000         24.6071
  273         14.0195         37.0000         33.0000          1.0000         21.2842
  277         14.0195         37.0000         33.0000          2.0000         22.5808
  281         14.0195         37.0000         33.0000          3.0000         23.6180
  285         14.0195         37.0000         33.0000          4.0000         24.6059
  273         15.0076         37.0000         33.0000          1.0000         18.3864
  277         15.0076         37.0000         33.0000          2.0000         19.9093
  281         15.0076         37.0000         33.0000          3.0000         20.9216
  285         15.0076         37.0000         33.0000          4.0000         21.7930
  273         15.0076         37.0000         33.0000          1.0000         18.3836
  277         15.0076         37.0000         33.0000          2.0000         19.9073
  281         15.0076         37.0000         33.0000          3.0000         20.9201
  285         15.0076         37.0000         33.0000          4.0000         21.7917
  273         15.0076         37.0000         33.0000          1.0000         18.3808
  277         15.0076         37.0000         33.0000          2.0000         19.9054
  281         15.0076         37.0000         33.0000          3.0000         20.9185
  285         15.0076         37.0000         33.0000          4.0000         21.7904
  273         16.0022         37.0000         33.0000          1.0000         15.7768
  277         16.0022         37.0000         33.0000          2.0000         16.9794
  281         16.0022         37.0000         33.0000          3.0000         17.9058
  285         16.0022         37.0000         33.0000          4.0000         18.7142
  273         16.0022         37.0000         33.0000          1.0000         15.7745
  277         16.0022         37.0000         33.0000          2.0000         16.9778
  281         16.0022         37.0000         33.0000          3.0000         17.9045
  285         16.0022         37.0000         33.0000          4.0000         18.7131
  273         16.0022         37.0000         33.0000          1.0000         15.7723
  277         16.0022         37.0000         33.0000          2.0000         16.9761
  281         16.0022         37.0000         33.0000          3.0000         17.9032
  285         16.0022         37.0000         33.0000          4.0000         18.7120
  273         17.0105         37.0000         33.0000          1.0000         12.7873
  277         17.0105         37.0000         33.0000          2.0000         13.5654
  281         17.0105         37.0000         33.0000          3.0000         14.2486
  285         17.0105         37.0000         33.0000          4.0000         14.9001
  273         17.0105         37.0000         33.0000          1.0000         12.7859
  277         17.0105         37.0000         33.0000          2.0000         13.5644
  281         17.0105         37.0000         33.0000          3.0000         14.2479
  285         17.0105         37.0000         33.0000          4.0000         14.8995
  273         17.0105         37.0000         33.0000          1.0000         12.7845
  277         17.0105         37.0000         33.0000          2.0000         13.5634
  281         17.0105         37.0000         33.0000          3.0000         14.2471
  285         17.0105         37.0000         33.0000          4.0000         14.8989
  273         18.0036         37.0000         33.0000          1.0000          8.0109
  277         18.0036         37.0000         33.0000          2.0000          8.4929
  281         18.0036         37.0000         33.0000          3.0000          8.9141
  285         18.0036         37.0000         33.0000          4.0000          9.3165
  273         18.0036         37.0000         33.0000          1.0000          8.0100
  277         18.0036         37.0000         33.0000          2.0000          8.4922
  281         18.0036         37.0000         33.0000          3.0000          8.9136
  285         18.0036         37.0000         33.0000          4.0000          9.3160
  273         18.0036         37.0000         33.0000          1.0000          8.0090
  277         18.0036         37.0000         33.0000          2.0000          8.4915
  281         18.0036         37.0000         33.0000          3.0000          8.9131
  285         18.0036         37.0000         33.0000          4.0000          9.3156
  273         19.0092         37.0000         33.0000          1.0000          2.2199
  277         19.0092         37.0000         33.0000          2.0000          2.3442
  281         19.0092         37.0000         33.0000          3.0000          2.4574
  285         19.0092         37.0000         33.0000          4.0000          2.5685
  273         19.0092         37.0000         33.0000          1.0000          2.2197
  277         19.0092         37.0000         33.0000          2.0000          2.3440
  281         19.0092         37.0000         33.0000          3.0000          2.4572
  285         19.0092         37.0000         33.0000          4.0000          2.5684
  273         20.0022         37.0000         33.0000          1.0000          0.0000
  277         20.0022         37.0000         33.0000          2.0000          0.0000
  281         20.0022         37.0000         33.0000          3.0000          0.0000
  285         20.0022         37.0000         33.0000          4.0000          0.0000
  273         20.0022         37.0000         33.0000          1.0000          0.0000
  277         20.0022         37.0000         33.0000          2.0000          0.0000
  281         20.0022         37.0000         33.0000          3.0000          0.0000
  285         20.0022         37.0000         33.0000          4.0000          0.0000
  273         21.0060         37.0000         33.0000          1.0000          0.0000
  277         21.0060         37.0000         33.0000          2.0000          0.0000
  281         21.0060         37.0000         33.0000          3.0000          0.0000
  285         21.0060         37.0000         33.0000          4.0000          0.0000
  273         21.0060         37.0000         33.0000          1.0000          0.0000
  277         21.0060         37.0000         33.0000          2.0000          0.0000
  281         21.0060         37.0000         33.0000          3.0000          0.0000
  285         21.0060         37.0000         33.0000          4.0000          0.0000
  273         22.0097         37.0000         33.0000          1.0000          0.0000
  277         22.0097         37.0000         33.0000          2.0000          0.0000
  281         22.0097         37.0000         33.0000          3.0000          0.0000
  285         22.0097         37.0000         33.0000          4.0000          0.0000
  273         22.0097         37.0000         33.0000          1.0000          0.0000
  277         22.0097         37.0000         33.0000          2.0000          0.0000
  281         22.0097         37.0000         33.0000          3.0000          0.0000
  285         22.0097         37.0000         33.0000          4.0000          0.0000
  273         23.0112         37.0000         33.0000          1.0000          0.0000
  277         23.0112         37.0000         33.0000          2.0000          0.0000
  281         23.0112         37.0000         33.0000          3.0000          0.0000
  285         23.0112         37.0000         33.0000          4.0000          0.0000
  273         23.0112         37.0000         33.0000          1.0000          0.0000
  277         23.0112         37.0000         33.0000          2.0000          0.0000
  281         23.0112         37.0000         33.0000          3.0000          0.0000
  285         23.0112         37.0000         33.0000          4.0000          0.0000
