   81          1.0013         21.0000         17.0000          1.0000          0.0000
   85          1.0013         21.0000         17.0000          2.0000          0.0000
   89          1.0013         21.0000         17.0000          3.0000          0.0000
   93          1.0013         21.0000         17.0000          4.0000          0.0000
   81          1.0013         21.0000         17.0000          1.0000          0.0000
   85          1.0013         21.0000         17.0000          2.0000          0.0000
   89          1.0013         21.0000         17.0000          3.0000          0.0000
   93          1.0013         21.0000         17.0000          4.0000          0.0000
   81          1.0013         21.0000         17.0000          1.0000          0.0000
   85          1.0013         21.0000         17.0000          2.0000          0.0000
   89          1.0013         21.0000         17.0000          3.0000          0.0000
   93          1.0013         21.0000         17.0000          4.0000          0.0000
   81          1.0085         21.0000         17.0000          1.0000          0.0000
   85          1.0085         21.0000         17.0000          2.0000          0.0000
   89          1.0085         21.0000         17.0000          3.0000          0.0000
   93          1.0085         21.0000         17.0000          4.0000          0.0000
   81          1.0085         21.0000         17.0000          1.0000          0.0000
   85          1.0085         21.0000         17.0000          2.0000          0.0000
   89          1.0085         21.0000         17.0000          3.0000          0.0000
   93          1.0085         21.0000         17.0000          4.0000          0.0000
   81          1.0085         21.0000         17.0000          1.0000          0.0000
   85          1.0085         21.0000         17.0000          2.0000          0.0000
   89          1.0085         21.0000         17.0000          3.0000          0.0000
   93          1.0085         21.0000         17.0000          4.0000          0.0000
   81          2.0075         21.0000         17.0000          1.0000          0.0000
   85          2.0075         21.0000         17.0000          2.0000          0.0000
   89          2.0075         21.0000         17.0000          3.0000          0.0000
   93          2.0075         21.0000         17.0000          4.0000          0.0000
   81          2.0075         21.0000         17.0000          1.0000          0.0000
   85          2.0075         21.0000         17.0000          2.0000          0.0000
   89          2.0075         21.0000         17.0000          3.0000          0.0000
   93          2.0075         21.0000         17.0000          4.0000          0.0000
   81          2.0075         21.0000         17.0000          1.0000          0.0000
   85          2.0075         21.0000         17.0000          2.0000          0.0000
   89          2.0075         21.0000         17.0000          3.0000          0.0000
   93          2.0075         21.0000         17.0000          4.0000          0.0000
   81          3.0133         21.0000         17.0000          1.0000          0.0000
   85          3.0133         21.0000         17.0000          2.0000          0.0000
   89          3.0133         21.0000         17.0000          3.0000          0.0000
   93          3.0133         21.0000         17.0000          4.0000          0.0000
   81          3.0133         21.0000         17.0000          1.0000          0.0000
   85          3.0133         21.0000         17.0000          2.0000          0.0000
   89          3.0133         21.0000         17.0000          3.0000          0.0000
   93          3.0133         21.0000         17.0000          4.0000          0.0000
   81          3.0133         21.0000         17.0000          1.0000          0.0000
   85          3.0133         21.0000         17.0000          2.0000          0.0000
   89          3.0133         21.0000         17.0000          3.0000          0.0000
   93          3.0133         21.0000         17.0000          4.0000          0.0000
   81          4.0157         21.0000         17.0000          1.0000          0.0000
   85          4.0157         21.0000         17.0000          2.0000          0.0000
   89          4.0157         21.0000         17.0000          3.0000          0.0000
   93          4.0157         21.0000         17.0000          4.0000          0.0000
   81          4.0157         21.0000         17.0000          1.0000          0.0000
   85          4.0157         21.0000         17.0000          2.0000          0.0000
   89          4.0157         21.0000         17.0000          3.0000          0.0000
   93          4.0157         21.0000         17.0000          4.0000          0.0000
   81          4.0157         21.0000         17.0000          1.0000          0.0000
   85          4.0157         21.0000         17.0000          2.0000          0.0000
   89          4.0157         21.0000         17.0000          3.0000          0.0000
   93          4.0157         21.0000         17.0000          4.0000          0.0000
   81          5.0182         21.0000         17.0000          1.0000          0.0000
   85          5.0182         21.0000         17.0000          2.0000          0.0000
   89          5.0182         21.0000         17.0000          3.0000          0.0000
   93          5.0182         21.0000         17.0000          4.0000          0.0000
   81          5.0182         21.0000         17.0000          1.0000          0.0000
   85          5.0182         21.0000         17.0000          2.0000          0.0000
   89          5.0182         21.0000         17.0000          3.0000          0.0000
   93          5.0182         21.0000         17.0000          4.0000          0.0000
   81          5.0182         21.0000         17.0000          1.0000          0.0000
   85          5.0182         21.0000         17.0000          2.0000          0.0000
   89          5.0182         21.0000         17.0000          3.0000          0.0000
   93          5.0182         21.0000         17.0000          4.0000          0.0000
   81          6.0271         21.0000         17.0000          1.0000          0.0000
   85          6.0271         21.0000         17.0000          2.0000          0.0000
   89          6.0271         21.0000         17.0000          3.0000          0.0000
   93          6.0271         21.0000         17.0000          4.0000          0.0000
   81          6.0271         21.0000         17.0000          1.0000          0.0000
   85          6.0271         21.0000         17.0000          2.0000          0.0000
   89          6.0271         21.0000         17.0000          3.0000          0.0000
   93          6.0271         21.0000         17.0000          4.0000          0.0000
   81          6.0271         21.0000         17.0000          1.0000          0.0000
   85          6.0271         21.0000         17.0000          2.0000          0.0000
   89          6.0271         21.0000         17.0000          3.0000          0.0000
   93          6.0271         21.0000         17.0000          4.0000          0.0000
   81          7.0186         21.0000         17.0000          1.0000          0.0478
   85          7.0186         21.0000         17.0000          2.0000          0.0568
   89          7.0186         21.0000         17.0000          3.0000          0.0680
   93          7.0186         21.0000         17.0000          4.0000          0.0815
   81          7.0186         21.0000         17.0000          1.0000          0.0478
   85          7.0186         21.0000         17.0000          2.0000          0.0567
   89          7.0186         21.0000         17.0000          3.0000          0.0679
   93          7.0186         21.0000         17.0000          4.0000          0.0815
   81          7.0186         21.0000         17.0000          1.0000          0.0477
   85          7.0186         21.0000         17.0000          2.0000          0.0567
   89          7.0186         21.0000         17.0000          3.0000          0.0679
   93          7.0186         21.0000         17.0000          4.0000          0.0815
   81          8.0102         21.0000         17.0000          1.0000          2.6772
   85          8.0102         21.0000         17.0000          2.0000          3.1779
   89          8.0102         21.0000         17.0000          3.0000          3.8022
   93          8.0102         21.0000         17.0000          4.0000          5.0102
   81          8.0102         21.0000         17.0000          1.0000          2.6744
   85          8.0102         21.0000         17.0000          2.0000          3.1756
   89          8.0102         21.0000         17.0000          3.0000          3.8003
   93          8.0102         21.0000         17.0000          4.0000          5.0088
   81          8.0102         21.0000         17.0000          1.0000          2.6716
   85          8.0102         21.0000         17.0000          2.0000          3.1732
   89          8.0102         21.0000         17.0000          3.0000          3.7984
   93          8.0102         21.0000         17.0000          4.0000          5.0074
   81          9.0088         21.0000         17.0000          1.0000         13.3214
   85          9.0088         21.0000         17.0000          2.0000         15.8375
   89          9.0088         21.0000         17.0000          3.0000         33.5622
   93          9.0088         21.0000         17.0000          4.0000         51.9158
   81          9.0088         21.0000         17.0000          1.0000         13.3042
   85          9.0088         21.0000         17.0000          2.0000         15.8228
   89          9.0088         21.0000         17.0000          3.0000         33.5501
   93          9.0088         21.0000         17.0000          4.0000         51.9068
   81          9.0088         21.0000         17.0000          1.0000         13.2870
   85          9.0088         21.0000         17.0000          2.0000         15.8080
   89          9.0088         21.0000         17.0000          3.0000         33.5380
   93          9.0088         21.0000         17.0000          4.0000         51.8978
   81         10.0006         21.0000         17.0000          1.0000         22.9510
   85         10.0006         21.0000         17.0000          2.0000         78.0096
   89         10.0006         21.0000         17.0000          3.0000         83.2669
   93         10.0006         21.0000         17.0000          4.0000         89.5435
   81         10.0006         21.0000         17.0000          1.0000         22.9173
   85         10.0006         21.0000         17.0000          2.0000         77.9802
   89         10.0006         21.0000         17.0000          3.0000         83.2427
   93         10.0006         21.0000         17.0000          4.0000         89.5256
   81         10.0006         21.0000         17.0000          1.0000         22.8835
   85         10.0006         21.0000         17.0000          2.0000         77.9508
   89         10.0006         21.0000         17.0000          3.0000         83.2184
   93         10.0006         21.0000         17.0000          4.0000         89.5076
   81         11.0019         21.0000         17.0000          1.0000         69.5171
   85         11.0019         21.0000         17.0000          2.0000         74.9799
   89         11.0019         21.0000         17.0000          3.0000         82.4162
   93         11.0019         21.0000         17.0000          4.0000         91.5455
   81         11.0019         21.0000         17.0000          1.0000         69.4698
   85         11.0019         21.0000         17.0000          2.0000         74.9399
   89         11.0019         21.0000         17.0000          3.0000         82.3835
   93         11.0019         21.0000         17.0000          4.0000         91.5212
   81         11.0019         21.0000         17.0000          1.0000         69.4225
   85         11.0019         21.0000         17.0000          2.0000         74.9000
   89         11.0019         21.0000         17.0000          3.0000         82.3508
   93         11.0019         21.0000         17.0000          4.0000         91.4970
   81         12.0048         21.0000         17.0000          1.0000         39.0128
   85         12.0048         21.0000         17.0000          2.0000         46.6500
   89         12.0048         21.0000         17.0000          3.0000         54.7688
   93         12.0048         21.0000         17.0000          4.0000         64.0169
   81         12.0048         21.0000         17.0000          1.0000         38.9471
   85         12.0048         21.0000         17.0000          2.0000         46.5946
   89         12.0048         21.0000         17.0000          3.0000         54.7234
   93         12.0048         21.0000         17.0000          4.0000         63.9833
   81         12.0048         21.0000         17.0000          1.0000         38.8813
   85         12.0048         21.0000         17.0000          2.0000         46.5391
   89         12.0048         21.0000         17.0000          3.0000         54.6780
   93         12.0048         21.0000         17.0000          4.0000         63.9496
   81         12.0048         21.0000         17.0000          1.0000         38.8156
   85         12.0048         21.0000         17.0000          2.0000         46.4837
   89         12.0048         21.0000         17.0000          3.0000         54.6325
   93         12.0048         21.0000         17.0000          4.0000         63.9160
   81         13.0003         21.0000         17.0000          1.0000         38.9382
   85         13.0003         21.0000         17.0000          2.0000         46.7502
   89         13.0003         21.0000         17.0000          3.0000         54.3975
   93         13.0003         21.0000         17.0000          4.0000         63.3018
   81         13.0003         21.0000         17.0000          1.0000         38.8699
   85         13.0003         21.0000         17.0000          2.0000         46.6926
   89         13.0003         21.0000         17.0000          3.0000         54.3503
   93         13.0003         21.0000         17.0000          4.0000         63.2668
   81         13.0003         21.0000         17.0000          1.0000         38.8015
   85         13.0003         21.0000         17.0000          2.0000         46.6349
   89         13.0003         21.0000         17.0000          3.0000         54.3031
   93         13.0003         21.0000         17.0000          4.0000         63.2318
   81         14.0007         21.0000         17.0000          1.0000         40.7667
   85         14.0007         21.0000         17.0000          2.0000         47.9627
   89         14.0007         21.0000         17.0000          3.0000         56.3788
   93         14.0007         21.0000         17.0000          4.0000         66.5364
   81         14.0007         21.0000         17.0000          1.0000         40.7086
   85         14.0007         21.0000         17.0000          2.0000         47.9142
   89         14.0007         21.0000         17.0000          3.0000         56.3392
   93         14.0007         21.0000         17.0000          4.0000         66.5072
   81         14.0007         21.0000         17.0000          1.0000         40.6505
   85         14.0007         21.0000         17.0000          2.0000         47.8658
   89         14.0007         21.0000         17.0000          3.0000         56.2996
   93         14.0007         21.0000         17.0000          4.0000         66.4779
   81         14.0007         21.0000         17.0000          1.0000         40.5924
   85         14.0007         21.0000         17.0000          2.0000         47.8174
   89         14.0007         21.0000         17.0000          3.0000         56.2601
   93         14.0007         21.0000         17.0000          4.0000         66.4486
   81         15.0004         21.0000         17.0000          1.0000         37.2186
   85         15.0004         21.0000         17.0000          2.0000         44.6013
   89         15.0004         21.0000         17.0000          3.0000         51.9393
   93         15.0004         21.0000         17.0000          4.0000         60.2593
   81         15.0004         21.0000         17.0000          1.0000         37.1502
   85         15.0004         21.0000         17.0000          2.0000         44.5437
   89         15.0004         21.0000         17.0000          3.0000         51.8921
   93         15.0004         21.0000         17.0000          4.0000         60.2244
   81         15.0004         21.0000         17.0000          1.0000         37.0818
   85         15.0004         21.0000         17.0000          2.0000         44.4861
   89         15.0004         21.0000         17.0000          3.0000         51.8449
   93         15.0004         21.0000         17.0000          4.0000         60.1895
   81         16.0012         21.0000         17.0000          1.0000         32.7882
   85         16.0012         21.0000         17.0000          2.0000         39.0073
   89         16.0012         21.0000         17.0000          3.0000         45.5277
   93         16.0012         21.0000         17.0000          4.0000         52.7689
   81         16.0012         21.0000         17.0000          1.0000         32.7261
   85         16.0012         21.0000         17.0000          2.0000         38.9552
   89         16.0012         21.0000         17.0000          3.0000         45.4850
   93         16.0012         21.0000         17.0000          4.0000         52.7374
   81         16.0012         21.0000         17.0000          1.0000         32.6639
   85         16.0012         21.0000         17.0000          2.0000         38.9030
   89         16.0012         21.0000         17.0000          3.0000         45.4423
   93         16.0012         21.0000         17.0000          4.0000         52.7058
   81         17.0004         21.0000         17.0000          1.0000         24.5739
   85         17.0004         21.0000         17.0000          2.0000         29.2332
   89         17.0004         21.0000         17.0000          3.0000         34.7349
   93         17.0004         21.0000         17.0000          4.0000         41.1616
   81         17.0004         21.0000         17.0000          1.0000         24.5405
   85         17.0004         21.0000         17.0000          2.0000         29.2053
   89         17.0004         21.0000         17.0000          3.0000         34.7120
   93         17.0004         21.0000         17.0000          4.0000         41.1446
   81         17.0004         21.0000         17.0000          1.0000         24.5072
   85         17.0004         21.0000         17.0000          2.0000         29.1774
   89         17.0004         21.0000         17.0000          3.0000         34.6891
   93         17.0004         21.0000         17.0000          4.0000         41.1277
   81         17.0004         21.0000         17.0000          1.0000         24.4739
   85         17.0004         21.0000         17.0000          2.0000         29.1495
   89         17.0004         21.0000         17.0000          3.0000         34.6663
   93         17.0004         21.0000         17.0000          4.0000         41.1107
   81         18.0037         21.0000         17.0000          1.0000         15.2192
   85         18.0037         21.0000         17.0000          2.0000         18.1592
   89         18.0037         21.0000         17.0000          3.0000         21.6470
   93         18.0037         21.0000         17.0000          4.0000         25.6955
   81         18.0037         21.0000         17.0000          1.0000         15.1979
   85         18.0037         21.0000         17.0000          2.0000         18.1413
   89         18.0037         21.0000         17.0000          3.0000         21.6323
   93         18.0037         21.0000         17.0000          4.0000         25.6845
   81         18.0037         21.0000         17.0000          1.0000         15.1767
   85         18.0037         21.0000         17.0000          2.0000         18.1233
   89         18.0037         21.0000         17.0000          3.0000         21.6175
   93         18.0037         21.0000         17.0000          4.0000         25.6736
   81         19.0012         21.0000         17.0000          1.0000          4.1224
   85         19.0012         21.0000         17.0000          2.0000          4.8934
   89         19.0012         21.0000         17.0000          3.0000          5.8495
   93         19.0012         21.0000         17.0000          4.0000          7.0037
   81         19.0012         21.0000         17.0000          1.0000          4.1178
   85         19.0012         21.0000         17.0000          2.0000          4.8895
   89         19.0012         21.0000         17.0000          3.0000          5.8464
   93         19.0012         21.0000         17.0000          4.0000          7.0014
   81         19.0012         21.0000         17.0000          1.0000          4.1133
   85         19.0012         21.0000         17.0000          2.0000          4.8857
   89         19.0012         21.0000         17.0000          3.0000          5.8432
   93         19.0012         21.0000         17.0000          4.0000          6.9990
   81         20.0036         21.0000         17.0000          1.0000          0.0000
   85         20.0036         21.0000         17.0000          2.0000          0.0000
   89         20.0036         21.0000         17.0000          3.0000          0.0000
   93         20.0036         21.0000         17.0000          4.0000          0.0000
   81         20.0036         21.0000         17.0000          1.0000          0.0000
   85         20.0036         21.0000         17.0000          2.0000          0.0000
   89         20.0036         21.0000         17.0000          3.0000          0.0000
   93         20.0036         21.0000         17.0000          4.0000          0.0000
   81         20.0036         21.0000         17.0000          1.0000          0.0000
   85         20.0036         21.0000         17.0000          2.0000          0.0000
   89         20.0036         21.0000         17.0000          3.0000          0.0000
   93         20.0036         21.0000         17.0000          4.0000          0.0000
   81         21.0011         21.0000         17.0000          1.0000          0.0000
   85         21.0011         21.0000         17.0000          2.0000          0.0000
   89         21.0011         21.0000         17.0000          3.0000          0.0000
   93         21.0011         21.0000         17.0000          4.0000          0.0000
   81         21.0011         21.0000         17.0000          1.0000          0.0000
   85         21.0011         21.0000         17.0000          2.0000          0.0000
   89         21.0011         21.0000         17.0000          3.0000          0.0000
   93         21.0011         21.0000         17.0000          4.0000          0.0000
   81         21.0011         21.0000         17.0000          1.0000          0.0000
   85         21.0011         21.0000         17.0000          2.0000          0.0000
   89         21.0011         21.0000         17.0000          3.0000          0.0000
   93         21.0011         21.0000         17.0000          4.0000          0.0000
   81         22.0025         21.0000         17.0000          1.0000          0.0000
   85         22.0025         21.0000         17.0000          2.0000          0.0000
   89         22.0025         21.0000         17.0000          3.0000          0.0000
   93         22.0025         21.0000         17.0000          4.0000          0.0000
   81         22.0025         21.0000         17.0000          1.0000          0.0000
   85         22.0025         21.0000         17.0000          2.0000          0.0000
   89         22.0025         21.0000         17.0000          3.0000          0.0000
   93         22.0025         21.0000         17.0000          4.0000          0.0000
   81         22.0025         21.0000         17.0000          1.0000          0.0000
   85         22.0025         21.0000         17.0000          2.0000          0.0000
   89         22.0025         21.0000         17.0000          3.0000          0.0000
   93         22.0025         21.0000         17.0000          4.0000          0.0000
   81         23.0064         21.0000         17.0000          1.0000          0.0000
   85         23.0064         21.0000         17.0000          2.0000          0.0000
   89         23.0064         21.0000         17.0000          3.0000          0.0000
   93         23.0064         21.0000         17.0000          4.0000          0.0000
   81         23.0064         21.0000         17.0000          1.0000          0.0000
   85         23.0064         21.0000         17.0000          2.0000          0.0000
   89         23.0064         21.0000         17.0000          3.0000          0.0000
   93         23.0064         21.0000         17.0000          4.0000          0.0000
   81         23.0064         21.0000         17.0000          1.0000          0.0000
   85         23.0064         21.0000         17.0000          2.0000          0.0000
   89         23.0064         21.0000         17.0000          3.0000          0.0000
   93         23.0064         21.0000         17.0000          4.0000          0.0000
