   82          1.0013         21.0000         18.0000          1.0000        300.5990
   83          1.0013         21.0000         19.0000          1.0000        300.5734
   84          1.0013         21.0000         20.0000          1.0000        300.4841
   86          1.0013         21.0000         18.0000          2.0000        300.3717
   87          1.0013         21.0000         19.0000          2.0000        300.3505
   88          1.0013         21.0000         20.0000          2.0000        300.2728
   90          1.0013         21.0000         18.0000          3.0000        300.0670
   91          1.0013         21.0000         19.0000          3.0000        300.0472
   92          1.0013         21.0000         20.0000          3.0000        299.9896
   94          1.0013         21.0000         18.0000          4.0000        299.7202
   95          1.0013         21.0000         19.0000          4.0000        299.7055
   96          1.0013         21.0000         20.0000          4.0000        299.6625
   82          1.0013         21.0000         18.0000          1.0000        300.6173
   83          1.0013         21.0000         19.0000          1.0000        300.5920
   84          1.0013         21.0000         20.0000          1.0000        300.5001
   86          1.0013         21.0000         18.0000          2.0000        300.3877
   87          1.0013         21.0000         19.0000          2.0000        300.3668
   88          1.0013         21.0000         20.0000          2.0000        300.2869
   90          1.0013         21.0000         18.0000          3.0000        300.0800
   91          1.0013         21.0000         19.0000          3.0000        300.0603
   92          1.0013         21.0000         20.0000          3.0000        300.0012
   94          1.0013         21.0000         18.0000          4.0000        299.7294
   95          1.0013         21.0000         19.0000          4.0000        299.7147
   96          1.0013         21.0000         20.0000          4.0000        299.6706
   82          1.0013         21.0000         18.0000          1.0000        300.6183
   83          1.0013         21.0000         19.0000          1.0000        300.5931
   84          1.0013         21.0000         20.0000          1.0000        300.5010
   86          1.0013         21.0000         18.0000          2.0000        300.3888
   87          1.0013         21.0000         19.0000          2.0000        300.3679
   88          1.0013         21.0000         20.0000          2.0000        300.2880
   90          1.0013         21.0000         18.0000          3.0000        300.0812
   91          1.0013         21.0000         19.0000          3.0000        300.0615
   92          1.0013         21.0000         20.0000          3.0000        300.0022
   94          1.0013         21.0000         18.0000          4.0000        299.7304
   95          1.0013         21.0000         19.0000          4.0000        299.7158
   96          1.0013         21.0000         20.0000          4.0000        299.6716
   82          1.0085         21.0000         18.0000          1.0000        300.5833
   83          1.0085         21.0000         19.0000          1.0000        300.5577
   84          1.0085         21.0000         20.0000          1.0000        300.4684
   86          1.0085         21.0000         18.0000          2.0000        300.3562
   87          1.0085         21.0000         19.0000          2.0000        300.3351
   88          1.0085         21.0000         20.0000          2.0000        300.2574
   90          1.0085         21.0000         18.0000          3.0000        300.0519
   91          1.0085         21.0000         19.0000          3.0000        300.0321
   92          1.0085         21.0000         20.0000          3.0000        299.9746
   94          1.0085         21.0000         18.0000          4.0000        299.7056
   95          1.0085         21.0000         19.0000          4.0000        299.6909
   96          1.0085         21.0000         20.0000          4.0000        299.6479
   82          1.0085         21.0000         18.0000          1.0000        300.6024
   83          1.0085         21.0000         19.0000          1.0000        300.5772
   84          1.0085         21.0000         20.0000          1.0000        300.4853
   86          1.0085         21.0000         18.0000          2.0000        300.3728
   87          1.0085         21.0000         19.0000          2.0000        300.3519
   88          1.0085         21.0000         20.0000          2.0000        300.2722
   90          1.0085         21.0000         18.0000          3.0000        300.0654
   91          1.0085         21.0000         19.0000          3.0000        300.0456
   92          1.0085         21.0000         20.0000          3.0000        299.9866
   94          1.0085         21.0000         18.0000          4.0000        299.7151
   95          1.0085         21.0000         19.0000          4.0000        299.7004
   96          1.0085         21.0000         20.0000          4.0000        299.6565
   82          1.0085         21.0000         18.0000          1.0000        300.6034
   83          1.0085         21.0000         19.0000          1.0000        300.5782
   84          1.0085         21.0000         20.0000          1.0000        300.4862
   86          1.0085         21.0000         18.0000          2.0000        300.3740
   87          1.0085         21.0000         19.0000          2.0000        300.3531
   88          1.0085         21.0000         20.0000          2.0000        300.2733
   90          1.0085         21.0000         18.0000          3.0000        300.0665
   91          1.0085         21.0000         19.0000          3.0000        300.0468
   92          1.0085         21.0000         20.0000          3.0000        299.9877
   94          1.0085         21.0000         18.0000          4.0000        299.7162
   95          1.0085         21.0000         19.0000          4.0000        299.7015
   96          1.0085         21.0000         20.0000          4.0000        299.6575
   82          2.0075         21.0000         18.0000          1.0000        300.3048
   83          2.0075         21.0000         19.0000          1.0000        300.2796
   84          2.0075         21.0000         20.0000          1.0000        300.1890
   86          2.0075         21.0000         18.0000          2.0000        300.0863
   87          2.0075         21.0000         19.0000          2.0000        300.0657
   88          2.0075         21.0000         20.0000          2.0000        299.9880
   90          2.0075         21.0000         18.0000          3.0000        299.7999
   91          2.0075         21.0000         19.0000          3.0000        299.7810
   92          2.0075         21.0000         20.0000          3.0000        299.7237
   94          2.0075         21.0000         18.0000          4.0000        299.4785
   95          2.0075         21.0000         19.0000          4.0000        299.4647
   96          2.0075         21.0000         20.0000          4.0000        299.4222
   82          2.0075         21.0000         18.0000          1.0000        300.3237
   83          2.0075         21.0000         19.0000          1.0000        300.2989
   84          2.0075         21.0000         20.0000          1.0000        300.2058
   86          2.0075         21.0000         18.0000          2.0000        300.1028
   87          2.0075         21.0000         19.0000          2.0000        300.0824
   88          2.0075         21.0000         20.0000          2.0000        300.0028
   90          2.0075         21.0000         18.0000          3.0000        299.8132
   91          2.0075         21.0000         19.0000          3.0000        299.7945
   92          2.0075         21.0000         20.0000          3.0000        299.7358
   94          2.0075         21.0000         18.0000          4.0000        299.4880
   95          2.0075         21.0000         19.0000          4.0000        299.4743
   96          2.0075         21.0000         20.0000          4.0000        299.4308
   82          2.0075         21.0000         18.0000          1.0000        300.3248
   83          2.0075         21.0000         19.0000          1.0000        300.3000
   84          2.0075         21.0000         20.0000          1.0000        300.2069
   86          2.0075         21.0000         18.0000          2.0000        300.1040
   87          2.0075         21.0000         19.0000          2.0000        300.0837
   88          2.0075         21.0000         20.0000          2.0000        300.0039
   90          2.0075         21.0000         18.0000          3.0000        299.8145
   91          2.0075         21.0000         19.0000          3.0000        299.7958
   92          2.0075         21.0000         20.0000          3.0000        299.7369
   94          2.0075         21.0000         18.0000          4.0000        299.4892
   95          2.0075         21.0000         19.0000          4.0000        299.4755
   96          2.0075         21.0000         20.0000          4.0000        299.4318
   82          3.0133         21.0000         18.0000          1.0000        300.0535
   83          3.0133         21.0000         19.0000          1.0000        300.0266
   84          3.0133         21.0000         20.0000          1.0000        299.9322
   86          3.0133         21.0000         18.0000          2.0000        299.8389
   87          3.0133         21.0000         19.0000          2.0000        299.8176
   88          3.0133         21.0000         20.0000          2.0000        299.7377
   90          3.0133         21.0000         18.0000          3.0000        299.5599
   91          3.0133         21.0000         19.0000          3.0000        299.5408
   92          3.0133         21.0000         20.0000          3.0000        299.4821
   94          3.0133         21.0000         18.0000          4.0000        299.2390
   95          3.0133         21.0000         19.0000          4.0000        299.2252
   96          3.0133         21.0000         20.0000          4.0000        299.1816
   82          3.0133         21.0000         18.0000          1.0000        300.0743
   83          3.0133         21.0000         19.0000          1.0000        300.0478
   84          3.0133         21.0000         20.0000          1.0000        299.9508
   86          3.0133         21.0000         18.0000          2.0000        299.8571
   87          3.0133         21.0000         19.0000          2.0000        299.8360
   88          3.0133         21.0000         20.0000          2.0000        299.7540
   90          3.0133         21.0000         18.0000          3.0000        299.5746
   91          3.0133         21.0000         19.0000          3.0000        299.5557
   92          3.0133         21.0000         20.0000          3.0000        299.4954
   94          3.0133         21.0000         18.0000          4.0000        299.2496
   95          3.0133         21.0000         19.0000          4.0000        299.2359
   96          3.0133         21.0000         20.0000          4.0000        299.1911
   82          3.0133         21.0000         18.0000          1.0000        300.0752
   83          3.0133         21.0000         19.0000          1.0000        300.0487
   84          3.0133         21.0000         20.0000          1.0000        299.9516
   86          3.0133         21.0000         18.0000          2.0000        299.8582
   87          3.0133         21.0000         19.0000          2.0000        299.8371
   88          3.0133         21.0000         20.0000          2.0000        299.7550
   90          3.0133         21.0000         18.0000          3.0000        299.5758
   91          3.0133         21.0000         19.0000          3.0000        299.5569
   92          3.0133         21.0000         20.0000          3.0000        299.4965
   94          3.0133         21.0000         18.0000          4.0000        299.2507
   95          3.0133         21.0000         19.0000          4.0000        299.2370
   96          3.0133         21.0000         20.0000          4.0000        299.1921
   82          4.0157         21.0000         18.0000          1.0000        299.8252
   83          4.0157         21.0000         19.0000          1.0000        299.7977
   84          4.0157         21.0000         20.0000          1.0000        299.7007
   86          4.0157         21.0000         18.0000          2.0000        299.6150
   87          4.0157         21.0000         19.0000          2.0000        299.5936
   88          4.0157         21.0000         20.0000          2.0000        299.5124
   90          4.0157         21.0000         18.0000          3.0000        299.3444
   91          4.0157         21.0000         19.0000          3.0000        299.3257
   92          4.0157         21.0000         20.0000          3.0000        299.2661
   94          4.0157         21.0000         18.0000          4.0000        299.0308
   95          4.0157         21.0000         19.0000          4.0000        299.0174
   96          4.0157         21.0000         20.0000          4.0000        298.9731
   82          4.0157         21.0000         18.0000          1.0000        299.8453
   83          4.0157         21.0000         19.0000          1.0000        299.8182
   84          4.0157         21.0000         20.0000          1.0000        299.7186
   86          4.0157         21.0000         18.0000          2.0000        299.6325
   87          4.0157         21.0000         19.0000          2.0000        299.6114
   88          4.0157         21.0000         20.0000          2.0000        299.5281
   90          4.0157         21.0000         18.0000          3.0000        299.3587
   91          4.0157         21.0000         19.0000          3.0000        299.3400
   92          4.0157         21.0000         20.0000          3.0000        299.2789
   94          4.0157         21.0000         18.0000          4.0000        299.0410
   95          4.0157         21.0000         19.0000          4.0000        299.0277
   96          4.0157         21.0000         20.0000          4.0000        298.9823
   82          4.0157         21.0000         18.0000          1.0000        299.8462
   83          4.0157         21.0000         19.0000          1.0000        299.8190
   84          4.0157         21.0000         20.0000          1.0000        299.7194
   86          4.0157         21.0000         18.0000          2.0000        299.6336
   87          4.0157         21.0000         19.0000          2.0000        299.6124
   88          4.0157         21.0000         20.0000          2.0000        299.5290
   90          4.0157         21.0000         18.0000          3.0000        299.3597
   91          4.0157         21.0000         19.0000          3.0000        299.3412
   92          4.0157         21.0000         20.0000          3.0000        299.2799
   94          4.0157         21.0000         18.0000          4.0000        299.0420
   95          4.0157         21.0000         19.0000          4.0000        299.0287
   96          4.0157         21.0000         20.0000          4.0000        298.9833
   82          5.0182         21.0000         18.0000          1.0000        299.5640
   83          5.0182         21.0000         19.0000          1.0000        299.5360
   84          5.0182         21.0000         20.0000          1.0000        299.4360
   86          5.0182         21.0000         18.0000          2.0000        299.3540
   87          5.0182         21.0000         19.0000          2.0000        299.3326
   88          5.0182         21.0000         20.0000          2.0000        299.2496
   90          5.0182         21.0000         18.0000          3.0000        299.0872
   91          5.0182         21.0000         19.0000          3.0000        299.0688
   92          5.0182         21.0000         20.0000          3.0000        299.0080
   94          5.0182         21.0000         18.0000          4.0000        298.7775
   95          5.0182         21.0000         19.0000          4.0000        298.7645
   96          5.0182         21.0000         20.0000          4.0000        298.7194
   82          5.0182         21.0000         18.0000          1.0000        299.5845
   83          5.0182         21.0000         19.0000          1.0000        299.5569
   84          5.0182         21.0000         20.0000          1.0000        299.4543
   86          5.0182         21.0000         18.0000          2.0000        299.3719
   87          5.0182         21.0000         19.0000          2.0000        299.3508
   88          5.0182         21.0000         20.0000          2.0000        299.2656
   90          5.0182         21.0000         18.0000          3.0000        299.1017
   91          5.0182         21.0000         19.0000          3.0000        299.0835
   92          5.0182         21.0000         20.0000          3.0000        299.0211
   94          5.0182         21.0000         18.0000          4.0000        298.7879
   95          5.0182         21.0000         19.0000          4.0000        298.7749
   96          5.0182         21.0000         20.0000          4.0000        298.7288
   82          5.0182         21.0000         18.0000          1.0000        299.5854
   83          5.0182         21.0000         19.0000          1.0000        299.5578
   84          5.0182         21.0000         20.0000          1.0000        299.4551
   86          5.0182         21.0000         18.0000          2.0000        299.3730
   87          5.0182         21.0000         19.0000          2.0000        299.3519
   88          5.0182         21.0000         20.0000          2.0000        299.2666
   90          5.0182         21.0000         18.0000          3.0000        299.1029
   91          5.0182         21.0000         19.0000          3.0000        299.0846
   92          5.0182         21.0000         20.0000          3.0000        299.0221
   94          5.0182         21.0000         18.0000          4.0000        298.7890
   95          5.0182         21.0000         19.0000          4.0000        298.7760
   96          5.0182         21.0000         20.0000          4.0000        298.7298
   82          6.0271         21.0000         18.0000          1.0000        299.5313
   83          6.0271         21.0000         19.0000          1.0000        299.5041
   84          6.0271         21.0000         20.0000          1.0000        299.4073
   86          6.0271         21.0000         18.0000          2.0000        299.3367
   87          6.0271         21.0000         19.0000          2.0000        299.3163
   88          6.0271         21.0000         20.0000          2.0000        299.2363
   90          6.0271         21.0000         18.0000          3.0000        299.0907
   91          6.0271         21.0000         19.0000          3.0000        299.0734
   92          6.0271         21.0000         20.0000          3.0000        299.0147
   94          6.0271         21.0000         18.0000          4.0000        298.8036
   95          6.0271         21.0000         19.0000          4.0000        298.7914
   96          6.0271         21.0000         20.0000          4.0000        298.7479
   82          6.0271         21.0000         18.0000          1.0000        299.5518
   83          6.0271         21.0000         19.0000          1.0000        299.5251
   84          6.0271         21.0000         20.0000          1.0000        299.4256
   86          6.0271         21.0000         18.0000          2.0000        299.3547
   87          6.0271         21.0000         19.0000          2.0000        299.3346
   88          6.0271         21.0000         20.0000          2.0000        299.2524
   90          6.0271         21.0000         18.0000          3.0000        299.1053
   91          6.0271         21.0000         19.0000          3.0000        299.0881
   92          6.0271         21.0000         20.0000          3.0000        299.0279
   94          6.0271         21.0000         18.0000          4.0000        298.8141
   95          6.0271         21.0000         19.0000          4.0000        298.8020
   96          6.0271         21.0000         20.0000          4.0000        298.7574
   82          6.0271         21.0000         18.0000          1.0000        299.5527
   83          6.0271         21.0000         19.0000          1.0000        299.5260
   84          6.0271         21.0000         20.0000          1.0000        299.4264
   86          6.0271         21.0000         18.0000          2.0000        299.3558
   87          6.0271         21.0000         19.0000          2.0000        299.3356
   88          6.0271         21.0000         20.0000          2.0000        299.2534
   90          6.0271         21.0000         18.0000          3.0000        299.1064
   91          6.0271         21.0000         19.0000          3.0000        299.0892
   92          6.0271         21.0000         20.0000          3.0000        299.0289
   94          6.0271         21.0000         18.0000          4.0000        298.8152
   95          6.0271         21.0000         19.0000          4.0000        298.8031
   96          6.0271         21.0000         20.0000          4.0000        298.7584
   82          7.0186         21.0000         18.0000          1.0000        299.4470
   83          7.0186         21.0000         19.0000          1.0000        299.4206
   84          7.0186         21.0000         20.0000          1.0000        299.3249
   86          7.0186         21.0000         18.0000          2.0000        299.2611
   87          7.0186         21.0000         19.0000          2.0000        299.2415
   88          7.0186         21.0000         20.0000          2.0000        299.1628
   90          7.0186         21.0000         18.0000          3.0000        299.0276
   91          7.0186         21.0000         19.0000          3.0000        299.0110
   92          7.0186         21.0000         20.0000          3.0000        298.9533
   94          7.0186         21.0000         18.0000          4.0000        298.7542
   95          7.0186         21.0000         19.0000          4.0000        298.7427
   96          7.0186         21.0000         20.0000          4.0000        298.6998
   82          7.0186         21.0000         18.0000          1.0000        299.4711
   83          7.0186         21.0000         19.0000          1.0000        299.4451
   84          7.0186         21.0000         20.0000          1.0000        299.3466
   86          7.0186         21.0000         18.0000          2.0000        299.2825
   87          7.0186         21.0000         19.0000          2.0000        299.2631
   88          7.0186         21.0000         20.0000          2.0000        299.1821
   90          7.0186         21.0000         18.0000          3.0000        299.0450
   91          7.0186         21.0000         19.0000          3.0000        299.0287
   92          7.0186         21.0000         20.0000          3.0000        298.9692
   94          7.0186         21.0000         18.0000          4.0000        298.7667
   95          7.0186         21.0000         19.0000          4.0000        298.7553
   96          7.0186         21.0000         20.0000          4.0000        298.7112
   82          7.0186         21.0000         18.0000          1.0000        299.4725
   83          7.0186         21.0000         19.0000          1.0000        299.4465
   84          7.0186         21.0000         20.0000          1.0000        299.3479
   86          7.0186         21.0000         18.0000          2.0000        299.2840
   87          7.0186         21.0000         19.0000          2.0000        299.2647
   88          7.0186         21.0000         20.0000          2.0000        299.1835
   90          7.0186         21.0000         18.0000          3.0000        299.0465
   91          7.0186         21.0000         19.0000          3.0000        299.0302
   92          7.0186         21.0000         20.0000          3.0000        298.9706
   94          7.0186         21.0000         18.0000          4.0000        298.7682
   95          7.0186         21.0000         19.0000          4.0000        298.7567
   96          7.0186         21.0000         20.0000          4.0000        298.7125
   82          8.0102         21.0000         18.0000          1.0000        300.6316
   83          8.0102         21.0000         19.0000          1.0000        300.6071
   84          8.0102         21.0000         20.0000          1.0000        300.6795
   86          8.0102         21.0000         18.0000          2.0000        300.6532
   87          8.0102         21.0000         19.0000          2.0000        300.6356
   88          8.0102         21.0000         20.0000          2.0000        300.7124
   90          8.0102         21.0000         18.0000          3.0000        300.6663
   91          8.0102         21.0000         19.0000          3.0000        300.6517
   92          8.0102         21.0000         20.0000          3.0000        300.7311
   94          8.0102         21.0000         18.0000          4.0000        300.7583
   95          8.0102         21.0000         19.0000          4.0000        300.7480
   96          8.0102         21.0000         20.0000          4.0000        300.7864
   82          8.0102         21.0000         18.0000          1.0000        300.6690
   83          8.0102         21.0000         19.0000          1.0000        300.6454
   84          8.0102         21.0000         20.0000          1.0000        300.7127
   86          8.0102         21.0000         18.0000          2.0000        300.6882
   87          8.0102         21.0000         19.0000          2.0000        300.6712
   88          8.0102         21.0000         20.0000          2.0000        300.7425
   90          8.0102         21.0000         18.0000          3.0000        300.6964
   91          8.0102         21.0000         19.0000          3.0000        300.6822
   92          8.0102         21.0000         20.0000          3.0000        300.7566
   94          8.0102         21.0000         18.0000          4.0000        300.7791
   95          8.0102         21.0000         19.0000          4.0000        300.7690
   96          8.0102         21.0000         20.0000          4.0000        300.8044
   82          8.0102         21.0000         18.0000          1.0000        300.6737
   83          8.0102         21.0000         19.0000          1.0000        300.6503
   84          8.0102         21.0000         20.0000          1.0000        300.7175
   86          8.0102         21.0000         18.0000          2.0000        300.6929
   87          8.0102         21.0000         19.0000          2.0000        300.6760
   88          8.0102         21.0000         20.0000          2.0000        300.7471
   90          8.0102         21.0000         18.0000          3.0000        300.7009
   91          8.0102         21.0000         19.0000          3.0000        300.6868
   92          8.0102         21.0000         20.0000          3.0000        300.7609
   94          8.0102         21.0000         18.0000          4.0000        300.7832
   95          8.0102         21.0000         19.0000          4.0000        300.7732
   96          8.0102         21.0000         20.0000          4.0000        300.8083
   82          9.0088         21.0000         18.0000          1.0000        306.3625
   83          9.0088         21.0000         19.0000          1.0000        306.3837
   84          9.0088         21.0000         20.0000          1.0000        309.1637
   86          9.0088         21.0000         18.0000          2.0000        307.1851
   87          9.0088         21.0000         19.0000          2.0000        307.1973
   88          9.0088         21.0000         20.0000          2.0000        309.8211
   90          9.0088         21.0000         18.0000          3.0000        310.4137
   91          9.0088         21.0000         19.0000          3.0000        310.4136
   92          9.0088         21.0000         20.0000          3.0000        311.7189
   94          9.0088         21.0000         18.0000          4.0000        313.5659
   95          9.0088         21.0000         19.0000          4.0000        313.5599
   96          9.0088         21.0000         20.0000          4.0000        313.6816
   82          9.0088         21.0000         18.0000          1.0000        306.3948
   83          9.0088         21.0000         19.0000          1.0000        306.4169
   84          9.0088         21.0000         20.0000          1.0000        309.1921
   86          9.0088         21.0000         18.0000          2.0000        307.2143
   87          9.0088         21.0000         19.0000          2.0000        307.2272
   88          9.0088         21.0000         20.0000          2.0000        309.8457
   90          9.0088         21.0000         18.0000          3.0000        310.4348
   91          9.0088         21.0000         19.0000          3.0000        310.4350
   92          9.0088         21.0000         20.0000          3.0000        311.7371
   94          9.0088         21.0000         18.0000          4.0000        313.5778
   95          9.0088         21.0000         19.0000          4.0000        313.5720
   96          9.0088         21.0000         20.0000          4.0000        313.6922
   82          9.0088         21.0000         18.0000          1.0000        306.3979
   83          9.0088         21.0000         19.0000          1.0000        306.4200
   84          9.0088         21.0000         20.0000          1.0000        309.1946
   86          9.0088         21.0000         18.0000          2.0000        307.2173
   87          9.0088         21.0000         19.0000          2.0000        307.2302
   88          9.0088         21.0000         20.0000          2.0000        309.8483
   90          9.0088         21.0000         18.0000          3.0000        310.4375
   91          9.0088         21.0000         19.0000          3.0000        310.4377
   92          9.0088         21.0000         20.0000          3.0000        311.7396
   94          9.0088         21.0000         18.0000          4.0000        313.5803
   95          9.0088         21.0000         19.0000          4.0000        313.5745
   96          9.0088         21.0000         20.0000          4.0000        313.6946
   82         10.0006         21.0000         18.0000          1.0000        312.2153
   83         10.0006         21.0000         19.0000          1.0000        312.3097
   84         10.0006         21.0000         20.0000          1.0000        317.2290
   86         10.0006         21.0000         18.0000          2.0000        320.7892
   87         10.0006         21.0000         19.0000          2.0000        320.8487
   88         10.0006         21.0000         20.0000          2.0000        321.7810
   90         10.0006         21.0000         18.0000          3.0000        322.6920
   91         10.0006         21.0000         19.0000          3.0000        322.7131
   92         10.0006         21.0000         20.0000          3.0000        323.2399
   94         10.0006         21.0000         18.0000          4.0000        324.5660
   95         10.0006         21.0000         19.0000          4.0000        324.5665
   96         10.0006         21.0000         20.0000          4.0000        324.7970
   82         10.0006         21.0000         18.0000          1.0000        312.2447
   83         10.0006         21.0000         19.0000          1.0000        312.3406
   84         10.0006         21.0000         20.0000          1.0000        317.2564
   86         10.0006         21.0000         18.0000          2.0000        320.8132
   87         10.0006         21.0000         19.0000          2.0000        320.8740
   88         10.0006         21.0000         20.0000          2.0000        321.8043
   90         10.0006         21.0000         18.0000          3.0000        322.7116
   91         10.0006         21.0000         19.0000          3.0000        322.7338
   92         10.0006         21.0000         20.0000          3.0000        323.2593
   94         10.0006         21.0000         18.0000          4.0000        324.5802
   95         10.0006         21.0000         19.0000          4.0000        324.5816
   96         10.0006         21.0000         20.0000          4.0000        324.8113
   82         10.0006         21.0000         18.0000          1.0000        312.2481
   83         10.0006         21.0000         19.0000          1.0000        312.3439
   84         10.0006         21.0000         20.0000          1.0000        317.2591
   86         10.0006         21.0000         18.0000          2.0000        320.8162
   87         10.0006         21.0000         19.0000          2.0000        320.8769
   88         10.0006         21.0000         20.0000          2.0000        321.8069
   90         10.0006         21.0000         18.0000          3.0000        322.7145
   91         10.0006         21.0000         19.0000          3.0000        322.7365
   92         10.0006         21.0000         20.0000          3.0000        323.2617
   94         10.0006         21.0000         18.0000          4.0000        324.5827
   95         10.0006         21.0000         19.0000          4.0000        324.5840
   96         10.0006         21.0000         20.0000          4.0000        324.8135
   82         11.0019         21.0000         18.0000          1.0000        322.8947
   83         11.0019         21.0000         19.0000          1.0000        322.9637
   84         11.0019         21.0000         20.0000          1.0000        324.4980
   86         11.0019         21.0000         18.0000          2.0000        325.6160
   87         11.0019         21.0000         19.0000          2.0000        325.6743
   88         11.0019         21.0000         20.0000          2.0000        326.4198
   90         11.0019         21.0000         18.0000          3.0000        327.6829
   91         11.0019         21.0000         19.0000          3.0000        327.7113
   92         11.0019         21.0000         20.0000          3.0000        328.2068
   94         11.0019         21.0000         18.0000          4.0000        329.7964
   95         11.0019         21.0000         19.0000          4.0000        329.8039
   96         11.0019         21.0000         20.0000          4.0000        330.1375
   82         11.0019         21.0000         18.0000          1.0000        322.9186
   83         11.0019         21.0000         19.0000          1.0000        322.9879
   84         11.0019         21.0000         20.0000          1.0000        324.5198
   86         11.0019         21.0000         18.0000          2.0000        325.6364
   87         11.0019         21.0000         19.0000          2.0000        325.6950
   88         11.0019         21.0000         20.0000          2.0000        326.4385
   90         11.0019         21.0000         18.0000          3.0000        327.6996
   91         11.0019         21.0000         19.0000          3.0000        327.7281
   92         11.0019         21.0000         20.0000          3.0000        328.2221
   94         11.0019         21.0000         18.0000          4.0000        329.8085
   95         11.0019         21.0000         19.0000          4.0000        329.8161
   96         11.0019         21.0000         20.0000          4.0000        330.1486
   82         11.0019         21.0000         18.0000          1.0000        322.9209
   83         11.0019         21.0000         19.0000          1.0000        322.9902
   84         11.0019         21.0000         20.0000          1.0000        324.5217
   86         11.0019         21.0000         18.0000          2.0000        325.6387
   87         11.0019         21.0000         19.0000          2.0000        325.6972
   88         11.0019         21.0000         20.0000          2.0000        326.4405
   90         11.0019         21.0000         18.0000          3.0000        327.7016
   91         11.0019         21.0000         19.0000          3.0000        327.7301
   92         11.0019         21.0000         20.0000          3.0000        328.2240
   94         11.0019         21.0000         18.0000          4.0000        329.8102
   95         11.0019         21.0000         19.0000          4.0000        329.8178
   96         11.0019         21.0000         20.0000          4.0000        330.1502
   82         12.0048         21.0000         18.0000          1.0000        322.6841
   83         12.0048         21.0000         19.0000          1.0000        322.7503
   84         12.0048         21.0000         20.0000          1.0000        323.7026
   86         12.0048         21.0000         18.0000          2.0000        324.8579
   87         12.0048         21.0000         19.0000          2.0000        324.9189
   88         12.0048         21.0000         20.0000          2.0000        325.5869
   90         12.0048         21.0000         18.0000          3.0000        326.9886
   91         12.0048         21.0000         19.0000          3.0000        327.0187
   92         12.0048         21.0000         20.0000          3.0000        327.4392
   94         12.0048         21.0000         18.0000          4.0000        329.0112
   95         12.0048         21.0000         19.0000          4.0000        329.0177
   96         12.0048         21.0000         20.0000          4.0000        329.3009
   82         12.0048         21.0000         18.0000          1.0000        322.5148
   83         12.0048         21.0000         19.0000          1.0000        322.5976
   84         12.0048         21.0000         20.0000          1.0000        323.6407
   86         12.0048         21.0000         18.0000          2.0000        325.2251
   87         12.0048         21.0000         19.0000          2.0000        325.3021
   88         12.0048         21.0000         20.0000          2.0000        325.9904
   90         12.0048         21.0000         18.0000          3.0000        327.5261
   91         12.0048         21.0000         19.0000          3.0000        327.5631
   92         12.0048         21.0000         20.0000          3.0000        327.9586
   94         12.0048         21.0000         18.0000          4.0000        329.5402
   95         12.0048         21.0000         19.0000          4.0000        329.5501
   96         12.0048         21.0000         20.0000          4.0000        329.8012
   82         12.0048         21.0000         18.0000          1.0000        322.4936
   83         12.0048         21.0000         19.0000          1.0000        322.5739
   84         12.0048         21.0000         20.0000          1.0000        323.6182
   86         12.0048         21.0000         18.0000          2.0000        325.1794
   87         12.0048         21.0000         19.0000          2.0000        325.2544
   88         12.0048         21.0000         20.0000          2.0000        325.9448
   90         12.0048         21.0000         18.0000          3.0000        327.4689
   91         12.0048         21.0000         19.0000          3.0000        327.5047
   92         12.0048         21.0000         20.0000          3.0000        327.9046
   94         12.0048         21.0000         18.0000          4.0000        329.4852
   95         12.0048         21.0000         19.0000          4.0000        329.4943
   96         12.0048         21.0000         20.0000          4.0000        329.7500
   82         12.0048         21.0000         18.0000          1.0000        322.4993
   83         12.0048         21.0000         19.0000          1.0000        322.5798
   84         12.0048         21.0000         20.0000          1.0000        323.6237
   86         12.0048         21.0000         18.0000          2.0000        325.1871
   87         12.0048         21.0000         19.0000          2.0000        325.2623
   88         12.0048         21.0000         20.0000          2.0000        325.9521
   90         12.0048         21.0000         18.0000          3.0000        327.4772
   91         12.0048         21.0000         19.0000          3.0000        327.5131
   92         12.0048         21.0000         20.0000          3.0000        327.9122
   94         12.0048         21.0000         18.0000          4.0000        329.4926
   95         12.0048         21.0000         19.0000          4.0000        329.5018
   96         12.0048         21.0000         20.0000          4.0000        329.7569
   82         13.0003         21.0000         18.0000          1.0000        323.5235
   83         13.0003         21.0000         19.0000          1.0000        323.6103
   84         13.0003         21.0000         20.0000          1.0000        324.6925
   86         13.0003         21.0000         18.0000          2.0000        326.0139
   87         13.0003         21.0000         19.0000          2.0000        326.0647
   88         13.0003         21.0000         20.0000          2.0000        326.7092
   90         13.0003         21.0000         18.0000          3.0000        327.9649
   91         13.0003         21.0000         19.0000          3.0000        327.9860
   92         13.0003         21.0000         20.0000          3.0000        328.3945
   94         13.0003         21.0000         18.0000          4.0000        329.7123
   95         13.0003         21.0000         19.0000          4.0000        329.7133
   96         13.0003         21.0000         20.0000          4.0000        329.9988
   82         13.0003         21.0000         18.0000          1.0000        323.5414
   83         13.0003         21.0000         19.0000          1.0000        323.6285
   84         13.0003         21.0000         20.0000          1.0000        324.7085
   86         13.0003         21.0000         18.0000          2.0000        326.0290
   87         13.0003         21.0000         19.0000          2.0000        326.0799
   88         13.0003         21.0000         20.0000          2.0000        326.7229
   90         13.0003         21.0000         18.0000          3.0000        327.9768
   91         13.0003         21.0000         19.0000          3.0000        327.9979
   92         13.0003         21.0000         20.0000          3.0000        328.4054
   94         13.0003         21.0000         18.0000          4.0000        329.7206
   95         13.0003         21.0000         19.0000          4.0000        329.7216
   96         13.0003         21.0000         20.0000          4.0000        330.0065
   82         13.0003         21.0000         18.0000          1.0000        323.5440
   83         13.0003         21.0000         19.0000          1.0000        323.6310
   84         13.0003         21.0000         20.0000          1.0000        324.7107
   86         13.0003         21.0000         18.0000          2.0000        326.0315
   87         13.0003         21.0000         19.0000          2.0000        326.0824
   88         13.0003         21.0000         20.0000          2.0000        326.7251
   90         13.0003         21.0000         18.0000          3.0000        327.9790
   91         13.0003         21.0000         19.0000          3.0000        328.0001
   92         13.0003         21.0000         20.0000          3.0000        328.4074
   94         13.0003         21.0000         18.0000          4.0000        329.7225
   95         13.0003         21.0000         19.0000          4.0000        329.7235
   96         13.0003         21.0000         20.0000          4.0000        330.0081
   82         14.0007         21.0000         18.0000          1.0000        322.6796
   83         14.0007         21.0000         19.0000          1.0000        322.7217
   84         14.0007         21.0000         20.0000          1.0000        323.6463
   86         14.0007         21.0000         18.0000          2.0000        324.9968
   87         14.0007         21.0000         19.0000          2.0000        325.0258
   88         14.0007         21.0000         20.0000          2.0000        325.7051
   90         14.0007         21.0000         18.0000          3.0000        327.1993
   91         14.0007         21.0000         19.0000          3.0000        327.2150
   92         14.0007         21.0000         20.0000          3.0000        327.6808
   94         14.0007         21.0000         18.0000          4.0000        329.3108
   95         14.0007         21.0000         19.0000          4.0000        329.3140
   96         14.0007         21.0000         20.0000          4.0000        329.6553
   82         14.0007         21.0000         18.0000          1.0000        322.7936
   83         14.0007         21.0000         19.0000          1.0000        322.8367
   84         14.0007         21.0000         20.0000          1.0000        323.7560
   86         14.0007         21.0000         18.0000          2.0000        325.1043
   87         14.0007         21.0000         19.0000          2.0000        325.1342
   88         14.0007         21.0000         20.0000          2.0000        325.8064
   90         14.0007         21.0000         18.0000          3.0000        327.2901
   91         14.0007         21.0000         19.0000          3.0000        327.3066
   92         14.0007         21.0000         20.0000          3.0000        327.7657
   94         14.0007         21.0000         18.0000          4.0000        329.3786
   95         14.0007         21.0000         19.0000          4.0000        329.3824
   96         14.0007         21.0000         20.0000          4.0000        329.7180
   82         14.0007         21.0000         18.0000          1.0000        322.8068
   83         14.0007         21.0000         19.0000          1.0000        322.8501
   84         14.0007         21.0000         20.0000          1.0000        323.7680
   86         14.0007         21.0000         18.0000          2.0000        325.1164
   87         14.0007         21.0000         19.0000          2.0000        325.1465
   88         14.0007         21.0000         20.0000          2.0000        325.8176
   90         14.0007         21.0000         18.0000          3.0000        327.3011
   91         14.0007         21.0000         19.0000          3.0000        327.3177
   92         14.0007         21.0000         20.0000          3.0000        327.7759
   94         14.0007         21.0000         18.0000          4.0000        329.3880
   95         14.0007         21.0000         19.0000          4.0000        329.3919
   96         14.0007         21.0000         20.0000          4.0000        329.7269
   82         14.0007         21.0000         18.0000          1.0000        322.8102
   83         14.0007         21.0000         19.0000          1.0000        322.8535
   84         14.0007         21.0000         20.0000          1.0000        323.7711
   86         14.0007         21.0000         18.0000          2.0000        325.1194
   87         14.0007         21.0000         19.0000          2.0000        325.1495
   88         14.0007         21.0000         20.0000          2.0000        325.8203
   90         14.0007         21.0000         18.0000          3.0000        327.3036
   91         14.0007         21.0000         19.0000          3.0000        327.3202
   92         14.0007         21.0000         20.0000          3.0000        327.7782
   94         14.0007         21.0000         18.0000          4.0000        329.3900
   95         14.0007         21.0000         19.0000          4.0000        329.3938
   96         14.0007         21.0000         20.0000          4.0000        329.7287
   82         15.0004         21.0000         18.0000          1.0000        324.1567
   83         15.0004         21.0000         19.0000          1.0000        324.2192
   84         15.0004         21.0000         20.0000          1.0000        325.0870
   86         15.0004         21.0000         18.0000          2.0000        326.8353
   87         15.0004         21.0000         19.0000          2.0000        326.8880
   88         15.0004         21.0000         20.0000          2.0000        327.4622
   90         15.0004         21.0000         18.0000          3.0000        328.7984
   91         15.0004         21.0000         19.0000          3.0000        328.8219
   92         15.0004         21.0000         20.0000          3.0000        329.1416
   94         15.0004         21.0000         18.0000          4.0000        330.4623
   95         15.0004         21.0000         19.0000          4.0000        330.4638
   96         15.0004         21.0000         20.0000          4.0000        330.6663
   82         15.0004         21.0000         18.0000          1.0000        324.0644
   83         15.0004         21.0000         19.0000          1.0000        324.1265
   84         15.0004         21.0000         20.0000          1.0000        324.9956
   86         15.0004         21.0000         18.0000          2.0000        326.7491
   87         15.0004         21.0000         19.0000          2.0000        326.8011
   88         15.0004         21.0000         20.0000          2.0000        327.3797
   90         15.0004         21.0000         18.0000          3.0000        328.7283
   91         15.0004         21.0000         19.0000          3.0000        328.7509
   92         15.0004         21.0000         20.0000          3.0000        329.0757
   94         15.0004         21.0000         18.0000          4.0000        330.4137
   95         15.0004         21.0000         19.0000          4.0000        330.4146
   96         15.0004         21.0000         20.0000          4.0000        330.6220
   82         15.0004         21.0000         18.0000          1.0000        324.0562
   83         15.0004         21.0000         19.0000          1.0000        324.1177
   84         15.0004         21.0000         20.0000          1.0000        324.9883
   86         15.0004         21.0000         18.0000          2.0000        326.7421
   87         15.0004         21.0000         19.0000          2.0000        326.7938
   88         15.0004         21.0000         20.0000          2.0000        327.3732
   90         15.0004         21.0000         18.0000          3.0000        328.7215
   91         15.0004         21.0000         19.0000          3.0000        328.7440
   92         15.0004         21.0000         20.0000          3.0000        329.0692
   94         15.0004         21.0000         18.0000          4.0000        330.4071
   95         15.0004         21.0000         19.0000          4.0000        330.4079
   96         15.0004         21.0000         20.0000          4.0000        330.6156
   82         16.0012         21.0000         18.0000          1.0000        321.9353
   83         16.0012         21.0000         19.0000          1.0000        322.0121
   84         16.0012         21.0000         20.0000          1.0000        322.7459
   86         16.0012         21.0000         18.0000          2.0000        324.2507
   87         16.0012         21.0000         19.0000          2.0000        324.3280
   88         16.0012         21.0000         20.0000          2.0000        324.8195
   90         16.0012         21.0000         18.0000          3.0000        326.0297
   91         16.0012         21.0000         19.0000          3.0000        326.0652
   92         16.0012         21.0000         20.0000          3.0000        326.2938
   94         16.0012         21.0000         18.0000          4.0000        327.3664
   95         16.0012         21.0000         19.0000          4.0000        327.3724
   96         16.0012         21.0000         20.0000          4.0000        327.4909
   82         16.0012         21.0000         18.0000          1.0000        321.9548
   83         16.0012         21.0000         19.0000          1.0000        322.0320
   84         16.0012         21.0000         20.0000          1.0000        322.7632
   86         16.0012         21.0000         18.0000          2.0000        324.2674
   87         16.0012         21.0000         19.0000          2.0000        324.3449
   88         16.0012         21.0000         20.0000          2.0000        324.8344
   90         16.0012         21.0000         18.0000          3.0000        326.0432
   91         16.0012         21.0000         19.0000          3.0000        326.0788
   92         16.0012         21.0000         20.0000          3.0000        326.3061
   94         16.0012         21.0000         18.0000          4.0000        327.3760
   95         16.0012         21.0000         19.0000          4.0000        327.3822
   96         16.0012         21.0000         20.0000          4.0000        327.4999
   82         16.0012         21.0000         18.0000          1.0000        321.9573
   83         16.0012         21.0000         19.0000          1.0000        322.0344
   84         16.0012         21.0000         20.0000          1.0000        322.7654
   86         16.0012         21.0000         18.0000          2.0000        324.2698
   87         16.0012         21.0000         19.0000          2.0000        324.3473
   88         16.0012         21.0000         20.0000          2.0000        324.8365
   90         16.0012         21.0000         18.0000          3.0000        326.0454
   91         16.0012         21.0000         19.0000          3.0000        326.0809
   92         16.0012         21.0000         20.0000          3.0000        326.3080
   94         16.0012         21.0000         18.0000          4.0000        327.3778
   95         16.0012         21.0000         19.0000          4.0000        327.3840
   96         16.0012         21.0000         20.0000          4.0000        327.5015
   82         17.0004         21.0000         18.0000          1.0000        317.8014
   83         17.0004         21.0000         19.0000          1.0000        317.8525
   84         17.0004         21.0000         20.0000          1.0000        318.4611
   86         17.0004         21.0000         18.0000          2.0000        319.5474
   87         17.0004         21.0000         19.0000          2.0000        319.5988
   88         17.0004         21.0000         20.0000          2.0000        320.0434
   90         17.0004         21.0000         18.0000          3.0000        321.1402
   91         17.0004         21.0000         19.0000          3.0000        321.1666
   92         17.0004         21.0000         20.0000          3.0000        321.4179
   94         17.0004         21.0000         18.0000          4.0000        322.4644
   95         17.0004         21.0000         19.0000          4.0000        322.4712
   96         17.0004         21.0000         20.0000          4.0000        322.6288
   82         17.0004         21.0000         18.0000          1.0000        317.8955
   83         17.0004         21.0000         19.0000          1.0000        317.9473
   84         17.0004         21.0000         20.0000          1.0000        318.5513
   86         17.0004         21.0000         18.0000          2.0000        319.6350
   87         17.0004         21.0000         19.0000          2.0000        319.6872
   88         17.0004         21.0000         20.0000          2.0000        320.1260
   90         17.0004         21.0000         18.0000          3.0000        321.2140
   91         17.0004         21.0000         19.0000          3.0000        321.2412
   92         17.0004         21.0000         20.0000          3.0000        321.4872
   94         17.0004         21.0000         18.0000          4.0000        322.5199
   95         17.0004         21.0000         19.0000          4.0000        322.5273
   96         17.0004         21.0000         20.0000          4.0000        322.6805
   82         17.0004         21.0000         18.0000          1.0000        317.9061
   83         17.0004         21.0000         19.0000          1.0000        317.9582
   84         17.0004         21.0000         20.0000          1.0000        318.5610
   86         17.0004         21.0000         18.0000          2.0000        319.6450
   87         17.0004         21.0000         19.0000          2.0000        319.6972
   88         17.0004         21.0000         20.0000          2.0000        320.1351
   90         17.0004         21.0000         18.0000          3.0000        321.2230
   91         17.0004         21.0000         19.0000          3.0000        321.2503
   92         17.0004         21.0000         20.0000          3.0000        321.4956
   94         17.0004         21.0000         18.0000          4.0000        322.5278
   95         17.0004         21.0000         19.0000          4.0000        322.5351
   96         17.0004         21.0000         20.0000          4.0000        322.6878
   82         17.0004         21.0000         18.0000          1.0000        317.9087
   83         17.0004         21.0000         19.0000          1.0000        317.9608
   84         17.0004         21.0000         20.0000          1.0000        318.5633
   86         17.0004         21.0000         18.0000          2.0000        319.6471
   87         17.0004         21.0000         19.0000          2.0000        319.6994
   88         17.0004         21.0000         20.0000          2.0000        320.1371
   90         17.0004         21.0000         18.0000          3.0000        321.2249
   91         17.0004         21.0000         19.0000          3.0000        321.2521
   92         17.0004         21.0000         20.0000          3.0000        321.4973
   94         17.0004         21.0000         18.0000          4.0000        322.5292
   95         17.0004         21.0000         19.0000          4.0000        322.5366
   96         17.0004         21.0000         20.0000          4.0000        322.6892
   82         18.0037         21.0000         18.0000          1.0000        312.8888
   83         18.0037         21.0000         19.0000          1.0000        312.9246
   84         18.0037         21.0000         20.0000          1.0000        313.3098
   86         18.0037         21.0000         18.0000          2.0000        313.9652
   87         18.0037         21.0000         19.0000          2.0000        314.0014
   88         18.0037         21.0000         20.0000          2.0000        314.2788
   90         18.0037         21.0000         18.0000          3.0000        314.9397
   91         18.0037         21.0000         19.0000          3.0000        314.9580
   92         18.0037         21.0000         20.0000          3.0000        315.1067
   94         18.0037         21.0000         18.0000          4.0000        315.6727
   95         18.0037         21.0000         19.0000          4.0000        315.6751
   96         18.0037         21.0000         20.0000          4.0000        315.7574
   82         18.0037         21.0000         18.0000          1.0000        312.8350
   83         18.0037         21.0000         19.0000          1.0000        312.8705
   84         18.0037         21.0000         20.0000          1.0000        313.2553
   86         18.0037         21.0000         18.0000          2.0000        313.9114
   87         18.0037         21.0000         19.0000          2.0000        313.9471
   88         18.0037         21.0000         20.0000          2.0000        314.2261
   90         18.0037         21.0000         18.0000          3.0000        314.8918
   91         18.0037         21.0000         19.0000          3.0000        314.9096
   92         18.0037         21.0000         20.0000          3.0000        315.0605
   94         18.0037         21.0000         18.0000          4.0000        315.6339
   95         18.0037         21.0000         19.0000          4.0000        315.6358
   96         18.0037         21.0000         20.0000          4.0000        315.7204
   82         18.0037         21.0000         18.0000          1.0000        312.8279
   83         18.0037         21.0000         19.0000          1.0000        312.8631
   84         18.0037         21.0000         20.0000          1.0000        313.2486
   86         18.0037         21.0000         18.0000          2.0000        313.9050
   87         18.0037         21.0000         19.0000          2.0000        313.9406
   88         18.0037         21.0000         20.0000          2.0000        314.2201
   90         18.0037         21.0000         18.0000          3.0000        314.8861
   91         18.0037         21.0000         19.0000          3.0000        314.9037
   92         18.0037         21.0000         20.0000          3.0000        315.0551
   94         18.0037         21.0000         18.0000          4.0000        315.6289
   95         18.0037         21.0000         19.0000          4.0000        315.6308
   96         18.0037         21.0000         20.0000          4.0000        315.7157
   82         19.0012         21.0000         18.0000          1.0000        307.2868
   83         19.0012         21.0000         19.0000          1.0000        307.3005
   84         19.0012         21.0000         20.0000          1.0000        307.4261
   86         19.0012         21.0000         18.0000          2.0000        307.6057
   87         19.0012         21.0000         19.0000          2.0000        307.6171
   88         19.0012         21.0000         20.0000          2.0000        307.6982
   90         19.0012         21.0000         18.0000          3.0000        307.8282
   91         19.0012         21.0000         19.0000          3.0000        307.8310
   92         19.0012         21.0000         20.0000          3.0000        307.8684
   94         19.0012         21.0000         18.0000          4.0000        307.9123
   95         19.0012         21.0000         19.0000          4.0000        307.9096
   96         19.0012         21.0000         20.0000          4.0000        307.9261
   82         19.0012         21.0000         18.0000          1.0000        307.3002
   83         19.0012         21.0000         19.0000          1.0000        307.3141
   84         19.0012         21.0000         20.0000          1.0000        307.4376
   86         19.0012         21.0000         18.0000          2.0000        307.6167
   87         19.0012         21.0000         19.0000          2.0000        307.6282
   88         19.0012         21.0000         20.0000          2.0000        307.7077
   90         19.0012         21.0000         18.0000          3.0000        307.8366
   91         19.0012         21.0000         19.0000          3.0000        307.8394
   92         19.0012         21.0000         20.0000          3.0000        307.8757
   94         19.0012         21.0000         18.0000          4.0000        307.9177
   95         19.0012         21.0000         19.0000          4.0000        307.9149
   96         19.0012         21.0000         20.0000          4.0000        307.9308
   82         19.0012         21.0000         18.0000          1.0000        307.3007
   83         19.0012         21.0000         19.0000          1.0000        307.3146
   84         19.0012         21.0000         20.0000          1.0000        307.4381
   86         19.0012         21.0000         18.0000          2.0000        307.6174
   87         19.0012         21.0000         19.0000          2.0000        307.6289
   88         19.0012         21.0000         20.0000          2.0000        307.7083
   90         19.0012         21.0000         18.0000          3.0000        307.8374
   91         19.0012         21.0000         19.0000          3.0000        307.8401
   92         19.0012         21.0000         20.0000          3.0000        307.8763
   94         19.0012         21.0000         18.0000          4.0000        307.9184
   95         19.0012         21.0000         19.0000          4.0000        307.9156
   96         19.0012         21.0000         20.0000          4.0000        307.9314
   82         20.0036         21.0000         18.0000          1.0000        303.9246
   83         20.0036         21.0000         19.0000          1.0000        303.9240
   84         20.0036         21.0000         20.0000          1.0000        303.8953
   86         20.0036         21.0000         18.0000          2.0000        303.8027
   87         20.0036         21.0000         19.0000          2.0000        303.7989
   88         20.0036         21.0000         20.0000          2.0000        303.7566
   90         20.0036         21.0000         18.0000          3.0000        303.5466
   91         20.0036         21.0000         19.0000          3.0000        303.5369
   92         20.0036         21.0000         20.0000          3.0000        303.4942
   94         20.0036         21.0000         18.0000          4.0000        303.2050
   95         20.0036         21.0000         19.0000          4.0000        303.1951
   96         20.0036         21.0000         20.0000          4.0000        303.1576
   82         20.0036         21.0000         18.0000          1.0000        303.9410
   83         20.0036         21.0000         19.0000          1.0000        303.9407
   84         20.0036         21.0000         20.0000          1.0000        303.9096
   86         20.0036         21.0000         18.0000          2.0000        303.8165
   87         20.0036         21.0000         19.0000          2.0000        303.8129
   88         20.0036         21.0000         20.0000          2.0000        303.7686
   90         20.0036         21.0000         18.0000          3.0000        303.5573
   91         20.0036         21.0000         19.0000          3.0000        303.5477
   92         20.0036         21.0000         20.0000          3.0000        303.5037
   94         20.0036         21.0000         18.0000          4.0000        303.2123
   95         20.0036         21.0000         19.0000          4.0000        303.2024
   96         20.0036         21.0000         20.0000          4.0000        303.1641
   82         20.0036         21.0000         18.0000          1.0000        303.9420
   83         20.0036         21.0000         19.0000          1.0000        303.9417
   84         20.0036         21.0000         20.0000          1.0000        303.9105
   86         20.0036         21.0000         18.0000          2.0000        303.8176
   87         20.0036         21.0000         19.0000          2.0000        303.8140
   88         20.0036         21.0000         20.0000          2.0000        303.7697
   90         20.0036         21.0000         18.0000          3.0000        303.5585
   91         20.0036         21.0000         19.0000          3.0000        303.5489
   92         20.0036         21.0000         20.0000          3.0000        303.5048
   94         20.0036         21.0000         18.0000          4.0000        303.2132
   95         20.0036         21.0000         19.0000          4.0000        303.2034
   96         20.0036         21.0000         20.0000          4.0000        303.1649
   82         21.0011         21.0000         18.0000          1.0000        302.5476
   83         21.0011         21.0000         19.0000          1.0000        302.5379
   84         21.0011         21.0000         20.0000          1.0000        302.4730
   86         21.0011         21.0000         18.0000          2.0000        302.3255
   87         21.0011         21.0000         19.0000          2.0000        302.3141
   88         21.0011         21.0000         20.0000          2.0000        302.2480
   90         21.0011         21.0000         18.0000          3.0000        301.9911
   91         21.0011         21.0000         19.0000          3.0000        301.9761
   92         21.0011         21.0000         20.0000          3.0000        301.9226
   94         21.0011         21.0000         18.0000          4.0000        301.6087
   95         21.0011         21.0000         19.0000          4.0000        301.5960
   96         21.0011         21.0000         20.0000          4.0000        301.5536
   82         21.0011         21.0000         18.0000          1.0000        302.5625
   83         21.0011         21.0000         19.0000          1.0000        302.5531
   84         21.0011         21.0000         20.0000          1.0000        302.4859
   86         21.0011         21.0000         18.0000          2.0000        302.3381
   87         21.0011         21.0000         19.0000          2.0000        302.3268
   88         21.0011         21.0000         20.0000          2.0000        302.2589
   90         21.0011         21.0000         18.0000          3.0000        302.0009
   91         21.0011         21.0000         19.0000          3.0000        301.9861
   92         21.0011         21.0000         20.0000          3.0000        301.9312
   94         21.0011         21.0000         18.0000          4.0000        301.6153
   95         21.0011         21.0000         19.0000          4.0000        301.6026
   96         21.0011         21.0000         20.0000          4.0000        301.5594
   82         21.0011         21.0000         18.0000          1.0000        302.5632
   83         21.0011         21.0000         19.0000          1.0000        302.5538
   84         21.0011         21.0000         20.0000          1.0000        302.4864
   86         21.0011         21.0000         18.0000          2.0000        302.3389
   87         21.0011         21.0000         19.0000          2.0000        302.3276
   88         21.0011         21.0000         20.0000          2.0000        302.2596
   90         21.0011         21.0000         18.0000          3.0000        302.0017
   91         21.0011         21.0000         19.0000          3.0000        301.9869
   92         21.0011         21.0000         20.0000          3.0000        301.9319
   94         21.0011         21.0000         18.0000          4.0000        301.6160
   95         21.0011         21.0000         19.0000          4.0000        301.6034
   96         21.0011         21.0000         20.0000          4.0000        301.5601
   82         22.0025         21.0000         18.0000          1.0000        301.6634
   83         22.0025         21.0000         19.0000          1.0000        301.6463
   84         22.0025         21.0000         20.0000          1.0000        301.5658
   86         22.0025         21.0000         18.0000          2.0000        301.4025
   87         22.0025         21.0000         19.0000          2.0000        301.3854
   88         22.0025         21.0000         20.0000          2.0000        301.3100
   90         22.0025         21.0000         18.0000          3.0000        301.0374
   91         22.0025         21.0000         19.0000          3.0000        301.0185
   92         22.0025         21.0000         20.0000          3.0000        300.9611
   94         22.0025         21.0000         18.0000          4.0000        300.6234
   95         22.0025         21.0000         19.0000          4.0000        300.6083
   96         22.0025         21.0000         20.0000          4.0000        300.5644
   82         22.0025         21.0000         18.0000          1.0000        301.6829
   83         22.0025         21.0000         19.0000          1.0000        301.6661
   84         22.0025         21.0000         20.0000          1.0000        301.5830
   86         22.0025         21.0000         18.0000          2.0000        301.4193
   87         22.0025         21.0000         19.0000          2.0000        301.4025
   88         22.0025         21.0000         20.0000          2.0000        301.3250
   90         22.0025         21.0000         18.0000          3.0000        301.0510
   91         22.0025         21.0000         19.0000          3.0000        301.0321
   92         22.0025         21.0000         20.0000          3.0000        300.9732
   94         22.0025         21.0000         18.0000          4.0000        300.6330
   95         22.0025         21.0000         19.0000          4.0000        300.6179
   96         22.0025         21.0000         20.0000          4.0000        300.5730
   82         22.0025         21.0000         18.0000          1.0000        301.6838
   83         22.0025         21.0000         19.0000          1.0000        301.6670
   84         22.0025         21.0000         20.0000          1.0000        301.5838
   86         22.0025         21.0000         18.0000          2.0000        301.4204
   87         22.0025         21.0000         19.0000          2.0000        301.4036
   88         22.0025         21.0000         20.0000          2.0000        301.3260
   90         22.0025         21.0000         18.0000          3.0000        301.0521
   91         22.0025         21.0000         19.0000          3.0000        301.0333
   92         22.0025         21.0000         20.0000          3.0000        300.9742
   94         22.0025         21.0000         18.0000          4.0000        300.6340
   95         22.0025         21.0000         19.0000          4.0000        300.6190
   96         22.0025         21.0000         20.0000          4.0000        300.5739
   82         23.0064         21.0000         18.0000          1.0000        301.1906
   83         23.0064         21.0000         19.0000          1.0000        301.1689
   84         23.0064         21.0000         20.0000          1.0000        301.0844
   86         23.0064         21.0000         18.0000          2.0000        300.9335
   87         23.0064         21.0000         19.0000          2.0000        300.9138
   88         23.0064         21.0000         20.0000          2.0000        300.8375
   90         23.0064         21.0000         18.0000          3.0000        300.5827
   91         23.0064         21.0000         19.0000          3.0000        300.5624
   92         23.0064         21.0000         20.0000          3.0000        300.5055
   94         23.0064         21.0000         18.0000          4.0000        300.1836
   95         23.0064         21.0000         19.0000          4.0000        300.1678
   96         23.0064         21.0000         20.0000          4.0000        300.1249
   82         23.0064         21.0000         18.0000          1.0000        301.2105
   83         23.0064         21.0000         19.0000          1.0000        301.1891
   84         23.0064         21.0000         20.0000          1.0000        301.1019
   86         23.0064         21.0000         18.0000          2.0000        300.9508
   87         23.0064         21.0000         19.0000          2.0000        300.9313
   88         23.0064         21.0000         20.0000          2.0000        300.8528
   90         23.0064         21.0000         18.0000          3.0000        300.5967
   91         23.0064         21.0000         19.0000          3.0000        300.5764
   92         23.0064         21.0000         20.0000          3.0000        300.5179
   94         23.0064         21.0000         18.0000          4.0000        300.1935
   95         23.0064         21.0000         19.0000          4.0000        300.1778
   96         23.0064         21.0000         20.0000          4.0000        300.1338
   82         23.0064         21.0000         18.0000          1.0000        301.2114
   83         23.0064         21.0000         19.0000          1.0000        301.1900
   84         23.0064         21.0000         20.0000          1.0000        301.1027
   86         23.0064         21.0000         18.0000          2.0000        300.9519
   87         23.0064         21.0000         19.0000          2.0000        300.9325
   88         23.0064         21.0000         20.0000          2.0000        300.8538
   90         23.0064         21.0000         18.0000          3.0000        300.5978
   91         23.0064         21.0000         19.0000          3.0000        300.5776
   92         23.0064         21.0000         20.0000          3.0000        300.5190
   94         23.0064         21.0000         18.0000          4.0000        300.1946
   95         23.0064         21.0000         19.0000          4.0000        300.1788
   96         23.0064         21.0000         20.0000          4.0000        300.1348
