   65          1.0013         17.0000         21.0000          1.0000          4.2712
   69          1.0013         17.0000         21.0000          2.0000          3.9281
   73          1.0013         17.0000         21.0000          3.0000          3.5970
   77          1.0013         17.0000         21.0000          4.0000          3.2163
   65          1.0013         17.0000         21.0000          1.0000          4.2681
   69          1.0013         17.0000         21.0000          2.0000          3.9248
   73          1.0013         17.0000         21.0000          3.0000          3.5932
   77          1.0013         17.0000         21.0000          4.0000          3.2118
   65          1.0013         17.0000         21.0000          1.0000          4.2706
   69          1.0013         17.0000         21.0000          2.0000          3.9271
   73          1.0013         17.0000         21.0000          3.0000          3.5952
   77          1.0013         17.0000         21.0000          4.0000          3.2134
   65          1.0085         17.0000         21.0000          1.0000          4.2964
   69          1.0085         17.0000         21.0000          2.0000          3.9528
   73          1.0085         17.0000         21.0000          3.0000          3.6213
   77          1.0085         17.0000         21.0000          4.0000          3.2405
   65          1.0085         17.0000         21.0000          1.0000          4.2956
   69          1.0085         17.0000         21.0000          2.0000          3.9516
   73          1.0085         17.0000         21.0000          3.0000          3.6195
   77          1.0085         17.0000         21.0000          4.0000          3.2380
   65          1.0085         17.0000         21.0000          1.0000          4.2982
   69          1.0085         17.0000         21.0000          2.0000          3.9541
   73          1.0085         17.0000         21.0000          3.0000          3.6216
   77          1.0085         17.0000         21.0000          4.0000          3.2397
   65          2.0075         17.0000         21.0000          1.0000          4.8978
   69          2.0075         17.0000         21.0000          2.0000          4.5176
   73          2.0075         17.0000         21.0000          3.0000          4.1532
   77          2.0075         17.0000         21.0000          4.0000          3.7828
   65          2.0075         17.0000         21.0000          1.0000          4.9001
   69          2.0075         17.0000         21.0000          2.0000          4.5194
   73          2.0075         17.0000         21.0000          3.0000          4.1541
   77          2.0075         17.0000         21.0000          4.0000          3.7829
   65          2.0075         17.0000         21.0000          1.0000          4.9027
   69          2.0075         17.0000         21.0000          2.0000          4.5219
   73          2.0075         17.0000         21.0000          3.0000          4.1563
   77          2.0075         17.0000         21.0000          4.0000          3.7846
   65          3.0133         17.0000         21.0000          1.0000          2.9249
   69          3.0133         17.0000         21.0000          2.0000          2.6055
   73          3.0133         17.0000         21.0000          3.0000          2.2919
   77          3.0133         17.0000         21.0000          4.0000          1.9119
   65          3.0133         17.0000         21.0000          1.0000          2.9257
   69          3.0133         17.0000         21.0000          2.0000          2.6058
   73          3.0133         17.0000         21.0000          3.0000          2.2917
   77          3.0133         17.0000         21.0000          4.0000          1.9110
   65          3.0133         17.0000         21.0000          1.0000          2.9285
   69          3.0133         17.0000         21.0000          2.0000          2.6084
   73          3.0133         17.0000         21.0000          3.0000          2.2939
   77          3.0133         17.0000         21.0000          4.0000          1.9126
   65          4.0157         17.0000         21.0000          1.0000          2.6335
   69          4.0157         17.0000         21.0000          2.0000          2.3164
   73          4.0157         17.0000         21.0000          3.0000          2.0049
   77          4.0157         17.0000         21.0000          4.0000          1.6307
   65          4.0157         17.0000         21.0000          1.0000          2.6329
   69          4.0157         17.0000         21.0000          2.0000          2.3154
   73          4.0157         17.0000         21.0000          3.0000          2.0034
   77          4.0157         17.0000         21.0000          4.0000          1.6286
   65          4.0157         17.0000         21.0000          1.0000          2.6355
   69          4.0157         17.0000         21.0000          2.0000          2.3178
   73          4.0157         17.0000         21.0000          3.0000          2.0054
   77          4.0157         17.0000         21.0000          4.0000          1.6301
   65          5.0182         17.0000         21.0000          1.0000          2.5484
   69          5.0182         17.0000         21.0000          2.0000          2.2264
   73          5.0182         17.0000         21.0000          3.0000          1.9091
   77          5.0182         17.0000         21.0000          4.0000          1.5302
   65          5.0182         17.0000         21.0000          1.0000          2.5483
   69          5.0182         17.0000         21.0000          2.0000          2.2260
   73          5.0182         17.0000         21.0000          3.0000          1.9082
   77          5.0182         17.0000         21.0000          4.0000          1.5287
   65          5.0182         17.0000         21.0000          1.0000          2.5509
   69          5.0182         17.0000         21.0000          2.0000          2.2285
   73          5.0182         17.0000         21.0000          3.0000          1.9103
   77          5.0182         17.0000         21.0000          4.0000          1.5303
   65          6.0271         17.0000         21.0000          1.0000          1.5643
   69          6.0271         17.0000         21.0000          2.0000          1.2826
   73          6.0271         17.0000         21.0000          3.0000          1.0089
   77          6.0271         17.0000         21.0000          4.0000          0.6899
   65          6.0271         17.0000         21.0000          1.0000          1.5642
   69          6.0271         17.0000         21.0000          2.0000          1.2822
   73          6.0271         17.0000         21.0000          3.0000          1.0080
   77          6.0271         17.0000         21.0000          4.0000          0.6886
   65          6.0271         17.0000         21.0000          1.0000          1.5666
   69          6.0271         17.0000         21.0000          2.0000          1.2844
   73          6.0271         17.0000         21.0000          3.0000          1.0098
   77          6.0271         17.0000         21.0000          4.0000          0.6899
   65          7.0186         17.0000         21.0000          1.0000          1.2238
   69          7.0186         17.0000         21.0000          2.0000          0.9582
   73          7.0186         17.0000         21.0000          3.0000          0.7021
   77          7.0186         17.0000         21.0000          4.0000          0.4106
   65          7.0186         17.0000         21.0000          1.0000          1.2276
   69          7.0186         17.0000         21.0000          2.0000          0.9618
   73          7.0186         17.0000         21.0000          3.0000          0.7052
   77          7.0186         17.0000         21.0000          4.0000          0.4130
   65          7.0186         17.0000         21.0000          1.0000          1.2309
   69          7.0186         17.0000         21.0000          2.0000          0.9648
   73          7.0186         17.0000         21.0000          3.0000          0.7077
   77          7.0186         17.0000         21.0000          4.0000          0.4148
   65          8.0102         17.0000         21.0000          1.0000          1.6685
   69          8.0102         17.0000         21.0000          2.0000          1.4567
   73          8.0102         17.0000         21.0000          3.0000          1.2500
   77          8.0102         17.0000         21.0000          4.0000          0.9940
   65          8.0102         17.0000         21.0000          1.0000          1.6909
   69          8.0102         17.0000         21.0000          2.0000          1.4784
   73          8.0102         17.0000         21.0000          3.0000          1.2710
   77          8.0102         17.0000         21.0000          4.0000          1.0138
   65          8.0102         17.0000         21.0000          1.0000          1.6987
   69          8.0102         17.0000         21.0000          2.0000          1.4856
   73          8.0102         17.0000         21.0000          3.0000          1.2773
   77          8.0102         17.0000         21.0000          4.0000          1.0188
   65          9.0088         17.0000         21.0000          1.0000          5.6903
   69          9.0088         17.0000         21.0000          2.0000          5.7514
   73          9.0088         17.0000         21.0000          3.0000          5.8861
   77          9.0088         17.0000         21.0000          4.0000          6.0471
   65          9.0088         17.0000         21.0000          1.0000          5.7217
   69          9.0088         17.0000         21.0000          2.0000          5.7813
   73          9.0088         17.0000         21.0000          3.0000          5.9145
   77          9.0088         17.0000         21.0000          4.0000          6.0739
   65          9.0088         17.0000         21.0000          1.0000          5.7321
   69          9.0088         17.0000         21.0000          2.0000          5.7910
   73          9.0088         17.0000         21.0000          3.0000          5.9231
   77          9.0088         17.0000         21.0000          4.0000          6.0810
   65         10.0006         17.0000         21.0000          1.0000         13.9943
   69         10.0006         17.0000         21.0000          2.0000         14.5143
   73         10.0006         17.0000         21.0000          3.0000         15.2917
   77         10.0006         17.0000         21.0000          4.0000         16.6506
   65         10.0006         17.0000         21.0000          1.0000         14.0612
   69         10.0006         17.0000         21.0000          2.0000         14.5824
   73         10.0006         17.0000         21.0000          3.0000         15.3569
   77         10.0006         17.0000         21.0000          4.0000         16.7095
   65         10.0006         17.0000         21.0000          1.0000         14.0755
   69         10.0006         17.0000         21.0000          2.0000         14.5960
   73         10.0006         17.0000         21.0000          3.0000         15.3692
   77         10.0006         17.0000         21.0000          4.0000         16.7196
   65         11.0019         17.0000         21.0000          1.0000         21.4182
   69         11.0019         17.0000         21.0000          2.0000         22.8568
   73         11.0019         17.0000         21.0000          3.0000         24.7322
   77         11.0019         17.0000         21.0000          4.0000         27.7870
   65         11.0019         17.0000         21.0000          1.0000         21.4565
   69         11.0019         17.0000         21.0000          2.0000         22.8912
   73         11.0019         17.0000         21.0000          3.0000         24.7616
   77         11.0019         17.0000         21.0000          4.0000         27.8110
   65         11.0019         17.0000         21.0000          1.0000         21.4705
   69         11.0019         17.0000         21.0000          2.0000         22.9040
   73         11.0019         17.0000         21.0000          3.0000         24.7730
   77         11.0019         17.0000         21.0000          4.0000         27.8204
   65         12.0048         17.0000         21.0000          1.0000         31.7000
   69         12.0048         17.0000         21.0000          2.0000         33.3272
   73         12.0048         17.0000         21.0000          3.0000         35.5346
   77         12.0048         17.0000         21.0000          4.0000         39.0577
   65         12.0048         17.0000         21.0000          1.0000         31.6569
   69         12.0048         17.0000         21.0000          2.0000         33.3153
   73         12.0048         17.0000         21.0000          3.0000         35.5218
   77         12.0048         17.0000         21.0000          4.0000         39.0350
   65         12.0048         17.0000         21.0000          1.0000         31.6651
   69         12.0048         17.0000         21.0000          2.0000         33.3267
   73         12.0048         17.0000         21.0000          3.0000         35.5330
   77         12.0048         17.0000         21.0000          4.0000         39.0446
   65         12.0048         17.0000         21.0000          1.0000         31.6771
   69         12.0048         17.0000         21.0000          2.0000         33.3364
   73         12.0048         17.0000         21.0000          3.0000         35.5409
   77         12.0048         17.0000         21.0000          4.0000         39.0504
   65         13.0003         17.0000         21.0000          1.0000         39.3168
   69         13.0003         17.0000         21.0000          2.0000         40.7637
   73         13.0003         17.0000         21.0000          3.0000         42.9117
   77         13.0003         17.0000         21.0000          4.0000         46.7451
   65         13.0003         17.0000         21.0000          1.0000         39.3457
   69         13.0003         17.0000         21.0000          2.0000         40.7867
   73         13.0003         17.0000         21.0000          3.0000         42.9285
   77         13.0003         17.0000         21.0000          4.0000         46.7555
   65         13.0003         17.0000         21.0000          1.0000         39.3622
   69         13.0003         17.0000         21.0000          2.0000         40.8012
   73         13.0003         17.0000         21.0000          3.0000         42.9410
   77         13.0003         17.0000         21.0000          4.0000         46.7655
   65         14.0007         17.0000         21.0000          1.0000         47.6682
   69         14.0007         17.0000         21.0000          2.0000         50.5525
   73         14.0007         17.0000         21.0000          3.0000         54.3231
   77         14.0007         17.0000         21.0000          4.0000         60.5204
   65         14.0007         17.0000         21.0000          1.0000         48.1368
   69         14.0007         17.0000         21.0000          2.0000         51.0170
   73         14.0007         17.0000         21.0000          3.0000         54.7624
   77         14.0007         17.0000         21.0000          4.0000         60.9224
   65         14.0007         17.0000         21.0000          1.0000         48.2066
   69         14.0007         17.0000         21.0000          2.0000         51.0847
   73         14.0007         17.0000         21.0000          3.0000         54.8248
   77         14.0007         17.0000         21.0000          4.0000         60.9769
   65         14.0007         17.0000         21.0000          1.0000         48.2269
   69         14.0007         17.0000         21.0000          2.0000         51.1028
   73         14.0007         17.0000         21.0000          3.0000         54.8405
   77         14.0007         17.0000         21.0000          4.0000         60.9898
   65         15.0004         17.0000         21.0000          1.0000         31.2310
   69         15.0004         17.0000         21.0000          2.0000         32.2936
   73         15.0004         17.0000         21.0000          3.0000         33.8812
   77         15.0004         17.0000         21.0000          4.0000         36.8743
   65         15.0004         17.0000         21.0000          1.0000         30.8547
   69         15.0004         17.0000         21.0000          2.0000         31.8980
   73         15.0004         17.0000         21.0000          3.0000         33.4752
   77         15.0004         17.0000         21.0000          4.0000         36.4666
   65         15.0004         17.0000         21.0000          1.0000         30.8116
   69         15.0004         17.0000         21.0000          2.0000         31.8538
   73         15.0004         17.0000         21.0000          3.0000         33.4331
   77         15.0004         17.0000         21.0000          4.0000         36.4295
   65         16.0012         17.0000         21.0000          1.0000         40.8213
   69         16.0012         17.0000         21.0000          2.0000         41.9015
   73         16.0012         17.0000         21.0000          3.0000         43.6305
   77         16.0012         17.0000         21.0000          4.0000         47.3136
   65         16.0012         17.0000         21.0000          1.0000         40.8539
   69         16.0012         17.0000         21.0000          2.0000         41.9321
   73         16.0012         17.0000         21.0000          3.0000         43.6566
   77         16.0012         17.0000         21.0000          4.0000         47.3336
   65         16.0012         17.0000         21.0000          1.0000         40.8685
   69         16.0012         17.0000         21.0000          2.0000         41.9452
   73         16.0012         17.0000         21.0000          3.0000         43.6679
   77         16.0012         17.0000         21.0000          4.0000         47.3428
   65         17.0004         17.0000         21.0000          1.0000         37.6690
   69         17.0004         17.0000         21.0000          2.0000         39.2103
   73         17.0004         17.0000         21.0000          3.0000         41.3675
   77         17.0004         17.0000         21.0000          4.0000         45.4196
   65         17.0004         17.0000         21.0000          1.0000         37.9909
   69         17.0004         17.0000         21.0000          2.0000         39.5338
   73         17.0004         17.0000         21.0000          3.0000         41.6777
   77         17.0004         17.0000         21.0000          4.0000         45.7070
   65         17.0004         17.0000         21.0000          1.0000         38.0386
   69         17.0004         17.0000         21.0000          2.0000         39.5804
   73         17.0004         17.0000         21.0000          3.0000         41.7208
   77         17.0004         17.0000         21.0000          4.0000         45.7447
   65         17.0004         17.0000         21.0000          1.0000         38.0507
   69         17.0004         17.0000         21.0000          2.0000         39.5913
   73         17.0004         17.0000         21.0000          3.0000         41.7303
   77         17.0004         17.0000         21.0000          4.0000         45.7527
   65         18.0037         17.0000         21.0000          1.0000         31.3240
   69         18.0037         17.0000         21.0000          2.0000         32.0816
   73         18.0037         17.0000         21.0000          3.0000         33.2790
   77         18.0037         17.0000         21.0000          4.0000         36.0660
   65         18.0037         17.0000         21.0000          1.0000         31.0964
   69         18.0037         17.0000         21.0000          2.0000         31.8514
   73         18.0037         17.0000         21.0000          3.0000         33.0550
   77         18.0037         17.0000         21.0000          4.0000         35.8539
   65         18.0037         17.0000         21.0000          1.0000         31.0718
   69         18.0037         17.0000         21.0000          2.0000         31.8265
   73         18.0037         17.0000         21.0000          3.0000         33.0315
   77         18.0037         17.0000         21.0000          4.0000         35.8328
   65         19.0012         17.0000         21.0000          1.0000         22.8046
   69         19.0012         17.0000         21.0000          2.0000         22.9247
   73         19.0012         17.0000         21.0000          3.0000         23.2761
   77         19.0012         17.0000         21.0000          4.0000         24.5603
   65         19.0012         17.0000         21.0000          1.0000         22.8093
   69         19.0012         17.0000         21.0000          2.0000         22.9282
   73         19.0012         17.0000         21.0000          3.0000         23.2776
   77         19.0012         17.0000         21.0000          4.0000         24.5594
   65         19.0012         17.0000         21.0000          1.0000         22.8117
   69         19.0012         17.0000         21.0000          2.0000         22.9307
   73         19.0012         17.0000         21.0000          3.0000         23.2798
   77         19.0012         17.0000         21.0000          4.0000         24.5614
   65         20.0036         17.0000         21.0000          1.0000         11.5400
   69         20.0036         17.0000         21.0000          2.0000         11.2790
   73         20.0036         17.0000         21.0000          3.0000         11.0823
   77         20.0036         17.0000         21.0000          4.0000         11.1092
   65         20.0036         17.0000         21.0000          1.0000         11.5436
   69         20.0036         17.0000         21.0000          2.0000         11.2816
   73         20.0036         17.0000         21.0000          3.0000         11.0834
   77         20.0036         17.0000         21.0000          4.0000         11.1087
   65         20.0036         17.0000         21.0000          1.0000         11.5457
   69         20.0036         17.0000         21.0000          2.0000         11.2836
   73         20.0036         17.0000         21.0000          3.0000         11.0852
   77         20.0036         17.0000         21.0000          4.0000         11.1102
   65         21.0011         17.0000         21.0000          1.0000          9.7771
   69         21.0011         17.0000         21.0000          2.0000          9.4261
   73         21.0011         17.0000         21.0000          3.0000          9.1357
   77         21.0011         17.0000         21.0000          4.0000          9.0493
   65         21.0011         17.0000         21.0000          1.0000          9.7771
   69         21.0011         17.0000         21.0000          2.0000          9.4251
   73         21.0011         17.0000         21.0000          3.0000          9.1335
   77         21.0011         17.0000         21.0000          4.0000          9.0458
   65         21.0011         17.0000         21.0000          1.0000          9.7786
   69         21.0011         17.0000         21.0000          2.0000          9.4266
   73         21.0011         17.0000         21.0000          3.0000          9.1348
   77         21.0011         17.0000         21.0000          4.0000          9.0469
   65         22.0025         17.0000         21.0000          1.0000          6.2703
   69         22.0025         17.0000         21.0000          2.0000          5.9506
   73         22.0025         17.0000         21.0000          3.0000          5.6442
   77         22.0025         17.0000         21.0000          4.0000          5.2761
   65         22.0025         17.0000         21.0000          1.0000          6.2698
   69         22.0025         17.0000         21.0000          2.0000          5.9495
   73         22.0025         17.0000         21.0000          3.0000          5.6424
   77         22.0025         17.0000         21.0000          4.0000          5.2735
   65         22.0025         17.0000         21.0000          1.0000          6.2726
   69         22.0025         17.0000         21.0000          2.0000          5.9521
   73         22.0025         17.0000         21.0000          3.0000          5.6446
   77         22.0025         17.0000         21.0000          4.0000          5.2752
   65         23.0064         17.0000         21.0000          1.0000          5.0682
   69         23.0064         17.0000         21.0000          2.0000          4.7439
   73         23.0064         17.0000         21.0000          3.0000          4.4295
   77         23.0064         17.0000         21.0000          4.0000          4.0343
   65         23.0064         17.0000         21.0000          1.0000          5.0672
   69         23.0064         17.0000         21.0000          2.0000          4.7425
   73         23.0064         17.0000         21.0000          3.0000          4.4274
   77         23.0064         17.0000         21.0000          4.0000          4.0315
   65         23.0064         17.0000         21.0000          1.0000          5.0701
   69         23.0064         17.0000         21.0000          2.0000          4.7452
   73         23.0064         17.0000         21.0000          3.0000          4.4297
   77         23.0064         17.0000         21.0000          4.0000          4.0333
