   65          1.0013         17.0000         21.0000          1.0000        304.4053
   69          1.0013         17.0000         21.0000          2.0000        304.2602
   73          1.0013         17.0000         21.0000          3.0000        304.1149
   77          1.0013         17.0000         21.0000          4.0000        303.9288
   65          1.0013         17.0000         21.0000          1.0000        304.4080
   69          1.0013         17.0000         21.0000          2.0000        304.2627
   73          1.0013         17.0000         21.0000          3.0000        304.1170
   77          1.0013         17.0000         21.0000          4.0000        303.9303
   65          1.0013         17.0000         21.0000          1.0000        304.4085
   69          1.0013         17.0000         21.0000          2.0000        304.2633
   73          1.0013         17.0000         21.0000          3.0000        304.1176
   77          1.0013         17.0000         21.0000          4.0000        303.9308
   65          1.0085         17.0000         21.0000          1.0000        304.4002
   69          1.0085         17.0000         21.0000          2.0000        304.2552
   73          1.0085         17.0000         21.0000          3.0000        304.1100
   77          1.0085         17.0000         21.0000          4.0000        303.9240
   65          1.0085         17.0000         21.0000          1.0000        304.4032
   69          1.0085         17.0000         21.0000          2.0000        304.2579
   73          1.0085         17.0000         21.0000          3.0000        304.1122
   77          1.0085         17.0000         21.0000          4.0000        303.9255
   65          1.0085         17.0000         21.0000          1.0000        304.4037
   69          1.0085         17.0000         21.0000          2.0000        304.2585
   73          1.0085         17.0000         21.0000          3.0000        304.1128
   77          1.0085         17.0000         21.0000          4.0000        303.9260
   65          2.0075         17.0000         21.0000          1.0000        303.9616
   69          2.0075         17.0000         21.0000          2.0000        303.8145
   73          2.0075         17.0000         21.0000          3.0000        303.6654
   77          2.0075         17.0000         21.0000          4.0000        303.4729
   65          2.0075         17.0000         21.0000          1.0000        303.9648
   69          2.0075         17.0000         21.0000          2.0000        303.8174
   73          2.0075         17.0000         21.0000          3.0000        303.6677
   77          2.0075         17.0000         21.0000          4.0000        303.4745
   65          2.0075         17.0000         21.0000          1.0000        303.9654
   69          2.0075         17.0000         21.0000          2.0000        303.8180
   73          2.0075         17.0000         21.0000          3.0000        303.6683
   77          2.0075         17.0000         21.0000          4.0000        303.4750
   65          3.0133         17.0000         21.0000          1.0000        303.6500
   69          3.0133         17.0000         21.0000          2.0000        303.4992
   73          3.0133         17.0000         21.0000          3.0000        303.3464
   77          3.0133         17.0000         21.0000          4.0000        303.1517
   65          3.0133         17.0000         21.0000          1.0000        303.6535
   69          3.0133         17.0000         21.0000          2.0000        303.5023
   73          3.0133         17.0000         21.0000          3.0000        303.3489
   77          3.0133         17.0000         21.0000          4.0000        303.1535
   65          3.0133         17.0000         21.0000          1.0000        303.6541
   69          3.0133         17.0000         21.0000          2.0000        303.5029
   73          3.0133         17.0000         21.0000          3.0000        303.3496
   77          3.0133         17.0000         21.0000          4.0000        303.1541
   65          4.0157         17.0000         21.0000          1.0000        303.3128
   69          4.0157         17.0000         21.0000          2.0000        303.1589
   73          4.0157         17.0000         21.0000          3.0000        303.0024
   77          4.0157         17.0000         21.0000          4.0000        302.8038
   65          4.0157         17.0000         21.0000          1.0000        303.3160
   69          4.0157         17.0000         21.0000          2.0000        303.1618
   73          4.0157         17.0000         21.0000          3.0000        303.0047
   77          4.0157         17.0000         21.0000          4.0000        302.8054
   65          4.0157         17.0000         21.0000          1.0000        303.3166
   69          4.0157         17.0000         21.0000          2.0000        303.1624
   73          4.0157         17.0000         21.0000          3.0000        303.0053
   77          4.0157         17.0000         21.0000          4.0000        302.8060
   65          5.0182         17.0000         21.0000          1.0000        302.9644
   69          5.0182         17.0000         21.0000          2.0000        302.8068
   73          5.0182         17.0000         21.0000          3.0000        302.6456
   77          5.0182         17.0000         21.0000          4.0000        302.4419
   65          5.0182         17.0000         21.0000          1.0000        302.9678
   69          5.0182         17.0000         21.0000          2.0000        302.8098
   73          5.0182         17.0000         21.0000          3.0000        302.6480
   77          5.0182         17.0000         21.0000          4.0000        302.4437
   65          5.0182         17.0000         21.0000          1.0000        302.9684
   69          5.0182         17.0000         21.0000          2.0000        302.8104
   73          5.0182         17.0000         21.0000          3.0000        302.6487
   77          5.0182         17.0000         21.0000          4.0000        302.4442
   65          6.0271         17.0000         21.0000          1.0000        302.7095
   69          6.0271         17.0000         21.0000          2.0000        302.5528
   73          6.0271         17.0000         21.0000          3.0000        302.3920
   77          6.0271         17.0000         21.0000          4.0000        302.1886
   65          6.0271         17.0000         21.0000          1.0000        302.7129
   69          6.0271         17.0000         21.0000          2.0000        302.5559
   73          6.0271         17.0000         21.0000          3.0000        302.3946
   77          6.0271         17.0000         21.0000          4.0000        302.1904
   65          6.0271         17.0000         21.0000          1.0000        302.7135
   69          6.0271         17.0000         21.0000          2.0000        302.5566
   73          6.0271         17.0000         21.0000          3.0000        302.3952
   77          6.0271         17.0000         21.0000          4.0000        302.1909
   65          7.0186         17.0000         21.0000          1.0000        302.4457
   69          7.0186         17.0000         21.0000          2.0000        302.2882
   73          7.0186         17.0000         21.0000          3.0000        302.1257
   77          7.0186         17.0000         21.0000          4.0000        301.9198
   65          7.0186         17.0000         21.0000          1.0000        302.4509
   69          7.0186         17.0000         21.0000          2.0000        302.2931
   73          7.0186         17.0000         21.0000          3.0000        302.1298
   77          7.0186         17.0000         21.0000          4.0000        301.9229
   65          7.0186         17.0000         21.0000          1.0000        302.4518
   69          7.0186         17.0000         21.0000          2.0000        302.2940
   73          7.0186         17.0000         21.0000          3.0000        302.1307
   77          7.0186         17.0000         21.0000          4.0000        301.9237
   65          8.0102         17.0000         21.0000          1.0000        302.5482
   69          8.0102         17.0000         21.0000          2.0000        302.4337
   73          8.0102         17.0000         21.0000          3.0000        302.3179
   77          8.0102         17.0000         21.0000          4.0000        302.1657
   65          8.0102         17.0000         21.0000          1.0000        302.5595
   69          8.0102         17.0000         21.0000          2.0000        302.4441
   73          8.0102         17.0000         21.0000          3.0000        302.3272
   77          8.0102         17.0000         21.0000          4.0000        302.1733
   65          8.0102         17.0000         21.0000          1.0000        302.5614
   69          8.0102         17.0000         21.0000          2.0000        302.4460
   73          8.0102         17.0000         21.0000          3.0000        302.3290
   77          8.0102         17.0000         21.0000          4.0000        302.1749
   65          9.0088         17.0000         21.0000          1.0000        304.3588
   69          9.0088         17.0000         21.0000          2.0000        304.3822
   73          9.0088         17.0000         21.0000          3.0000        304.4312
   77          9.0088         17.0000         21.0000          4.0000        304.4738
   65          9.0088         17.0000         21.0000          1.0000        304.3709
   69          9.0088         17.0000         21.0000          2.0000        304.3929
   73          9.0088         17.0000         21.0000          3.0000        304.4404
   77          9.0088         17.0000         21.0000          4.0000        304.4810
   65          9.0088         17.0000         21.0000          1.0000        304.3728
   69          9.0088         17.0000         21.0000          2.0000        304.3948
   73          9.0088         17.0000         21.0000          3.0000        304.4422
   77          9.0088         17.0000         21.0000          4.0000        304.4825
   65         10.0006         17.0000         21.0000          1.0000        306.8211
   69         10.0006         17.0000         21.0000          2.0000        306.9502
   73         10.0006         17.0000         21.0000          3.0000        307.1267
   77         10.0006         17.0000         21.0000          4.0000        307.3148
   65         10.0006         17.0000         21.0000          1.0000        306.8393
   69         10.0006         17.0000         21.0000          2.0000        306.9684
   73         10.0006         17.0000         21.0000          3.0000        307.1437
   77         10.0006         17.0000         21.0000          4.0000        307.3292
   65         10.0006         17.0000         21.0000          1.0000        306.8415
   69         10.0006         17.0000         21.0000          2.0000        306.9704
   73         10.0006         17.0000         21.0000          3.0000        307.1454
   77         10.0006         17.0000         21.0000          4.0000        307.3306
   65         11.0019         17.0000         21.0000          1.0000        309.1440
   69         11.0019         17.0000         21.0000          2.0000        309.4294
   73         11.0019         17.0000         21.0000          3.0000        309.7740
   77         11.0019         17.0000         21.0000          4.0000        310.1366
   65         11.0019         17.0000         21.0000          1.0000        309.1521
   69         11.0019         17.0000         21.0000          2.0000        309.4366
   73         11.0019         17.0000         21.0000          3.0000        309.7800
   77         11.0019         17.0000         21.0000          4.0000        310.1411
   65         11.0019         17.0000         21.0000          1.0000        309.1547
   69         11.0019         17.0000         21.0000          2.0000        309.4389
   73         11.0019         17.0000         21.0000          3.0000        309.7820
   77         11.0019         17.0000         21.0000          4.0000        310.1427
   65         12.0048         17.0000         21.0000          1.0000        311.2330
   69         12.0048         17.0000         21.0000          2.0000        311.5093
   73         12.0048         17.0000         21.0000          3.0000        311.8599
   77         12.0048         17.0000         21.0000          4.0000        312.2441
   65         12.0048         17.0000         21.0000          1.0000        311.2280
   69         12.0048         17.0000         21.0000          2.0000        311.5099
   73         12.0048         17.0000         21.0000          3.0000        311.8604
   77         12.0048         17.0000         21.0000          4.0000        312.2423
   65         12.0048         17.0000         21.0000          1.0000        311.2296
   69         12.0048         17.0000         21.0000          2.0000        311.5119
   73         12.0048         17.0000         21.0000          3.0000        311.8624
   77         12.0048         17.0000         21.0000          4.0000        312.2440
   65         12.0048         17.0000         21.0000          1.0000        311.2317
   69         12.0048         17.0000         21.0000          2.0000        311.5136
   73         12.0048         17.0000         21.0000          3.0000        311.8637
   77         12.0048         17.0000         21.0000          4.0000        312.2449
   65         13.0003         17.0000         21.0000          1.0000        312.6433
   69         13.0003         17.0000         21.0000          2.0000        312.8741
   73         13.0003         17.0000         21.0000          3.0000        313.1840
   77         13.0003         17.0000         21.0000          4.0000        313.5196
   65         13.0003         17.0000         21.0000          1.0000        312.6486
   69         13.0003         17.0000         21.0000          2.0000        312.8785
   73         13.0003         17.0000         21.0000          3.0000        313.1873
   77         13.0003         17.0000         21.0000          4.0000        313.5218
   65         13.0003         17.0000         21.0000          1.0000        312.6512
   69         13.0003         17.0000         21.0000          2.0000        312.8807
   73         13.0003         17.0000         21.0000          3.0000        313.1893
   77         13.0003         17.0000         21.0000          4.0000        313.5233
   65         14.0007         17.0000         21.0000          1.0000        312.8066
   69         14.0007         17.0000         21.0000          2.0000        313.1904
   73         14.0007         17.0000         21.0000          3.0000        313.6590
   77         14.0007         17.0000         21.0000          4.0000        314.1420
   65         14.0007         17.0000         21.0000          1.0000        312.8671
   69         14.0007         17.0000         21.0000          2.0000        313.2492
   73         14.0007         17.0000         21.0000          3.0000        313.7125
   77         14.0007         17.0000         21.0000          4.0000        314.1877
   65         14.0007         17.0000         21.0000          1.0000        312.8757
   69         14.0007         17.0000         21.0000          2.0000        313.2574
   73         14.0007         17.0000         21.0000          3.0000        313.7200
   77         14.0007         17.0000         21.0000          4.0000        314.1940
   65         14.0007         17.0000         21.0000          1.0000        312.8783
   69         14.0007         17.0000         21.0000          2.0000        313.2598
   73         14.0007         17.0000         21.0000          3.0000        313.7220
   77         14.0007         17.0000         21.0000          4.0000        314.1956
   65         15.0004         17.0000         21.0000          1.0000        314.3443
   69         15.0004         17.0000         21.0000          2.0000        314.5575
   73         15.0004         17.0000         21.0000          3.0000        314.8391
   77         15.0004         17.0000         21.0000          4.0000        315.1378
   65         15.0004         17.0000         21.0000          1.0000        314.2831
   69         15.0004         17.0000         21.0000          2.0000        314.4978
   73         15.0004         17.0000         21.0000          3.0000        314.7848
   77         15.0004         17.0000         21.0000          4.0000        315.0914
   65         15.0004         17.0000         21.0000          1.0000        314.2794
   69         15.0004         17.0000         21.0000          2.0000        314.4938
   73         15.0004         17.0000         21.0000          3.0000        314.7808
   77         15.0004         17.0000         21.0000          4.0000        315.0878
   65         16.0012         17.0000         21.0000          1.0000        313.9953
   69         16.0012         17.0000         21.0000          2.0000        314.1650
   73         16.0012         17.0000         21.0000          3.0000        314.3993
   77         16.0012         17.0000         21.0000          4.0000        314.6314
   65         16.0012         17.0000         21.0000          1.0000        314.0012
   69         16.0012         17.0000         21.0000          2.0000        314.1706
   73         16.0012         17.0000         21.0000          3.0000        314.4040
   77         16.0012         17.0000         21.0000          4.0000        314.6348
   65         16.0012         17.0000         21.0000          1.0000        314.0034
   69         16.0012         17.0000         21.0000          2.0000        314.1725
   73         16.0012         17.0000         21.0000          3.0000        314.4057
   77         16.0012         17.0000         21.0000          4.0000        314.6362
   65         17.0004         17.0000         21.0000          1.0000        312.3192
   69         17.0004         17.0000         21.0000          2.0000        312.5498
   73         17.0004         17.0000         21.0000          3.0000        312.8351
   77         17.0004         17.0000         21.0000          4.0000        313.1000
   65         17.0004         17.0000         21.0000          1.0000        312.3656
   69         17.0004         17.0000         21.0000          2.0000        312.5952
   73         17.0004         17.0000         21.0000          3.0000        312.8767
   77         17.0004         17.0000         21.0000          4.0000        313.1356
   65         17.0004         17.0000         21.0000          1.0000        312.3719
   69         17.0004         17.0000         21.0000          2.0000        312.6013
   73         17.0004         17.0000         21.0000          3.0000        312.8823
   77         17.0004         17.0000         21.0000          4.0000        313.1404
   65         17.0004         17.0000         21.0000          1.0000        312.3736
   69         17.0004         17.0000         21.0000          2.0000        312.6029
   73         17.0004         17.0000         21.0000          3.0000        312.8836
   77         17.0004         17.0000         21.0000          4.0000        313.1414
   65         18.0037         17.0000         21.0000          1.0000        310.5254
   69         18.0037         17.0000         21.0000          2.0000        310.6395
   73         18.0037         17.0000         21.0000          3.0000        310.7777
   77         18.0037         17.0000         21.0000          4.0000        310.8591
   65         18.0037         17.0000         21.0000          1.0000        310.4916
   69         18.0037         17.0000         21.0000          2.0000        310.6063
   73         18.0037         17.0000         21.0000          3.0000        310.7469
   77         18.0037         17.0000         21.0000          4.0000        310.8321
   65         18.0037         17.0000         21.0000          1.0000        310.4884
   69         18.0037         17.0000         21.0000          2.0000        310.6031
   73         18.0037         17.0000         21.0000          3.0000        310.7439
   77         18.0037         17.0000         21.0000          4.0000        310.8294
   65         19.0012         17.0000         21.0000          1.0000        308.3181
   69         19.0012         17.0000         21.0000          2.0000        308.3333
   73         19.0012         17.0000         21.0000          3.0000        308.3537
   77         19.0012         17.0000         21.0000          4.0000        308.3043
   65         19.0012         17.0000         21.0000          1.0000        308.3194
   69         19.0012         17.0000         21.0000          2.0000        308.3343
   73         19.0012         17.0000         21.0000          3.0000        308.3543
   77         19.0012         17.0000         21.0000          4.0000        308.3045
   65         19.0012         17.0000         21.0000          1.0000        308.3198
   69         19.0012         17.0000         21.0000          2.0000        308.3348
   73         19.0012         17.0000         21.0000          3.0000        308.3547
   77         19.0012         17.0000         21.0000          4.0000        308.3048
   65         20.0036         17.0000         21.0000          1.0000        307.0589
   69         20.0036         17.0000         21.0000          2.0000        306.9854
   73         20.0036         17.0000         21.0000          3.0000        306.9118
   77         20.0036         17.0000         21.0000          4.0000        306.7802
   65         20.0036         17.0000         21.0000          1.0000        307.0610
   69         20.0036         17.0000         21.0000          2.0000        306.9873
   73         20.0036         17.0000         21.0000          3.0000        306.9132
   77         20.0036         17.0000         21.0000          4.0000        306.7810
   65         20.0036         17.0000         21.0000          1.0000        307.0614
   69         20.0036         17.0000         21.0000          2.0000        306.9877
   73         20.0036         17.0000         21.0000          3.0000        306.9136
   77         20.0036         17.0000         21.0000          4.0000        306.7813
   65         21.0011         17.0000         21.0000          1.0000        306.2662
   69         21.0011         17.0000         21.0000          2.0000        306.1643
   73         21.0011         17.0000         21.0000          3.0000        306.0616
   77         21.0011         17.0000         21.0000          4.0000        305.9045
   65         21.0011         17.0000         21.0000          1.0000        306.2676
   69         21.0011         17.0000         21.0000          2.0000        306.1655
   73         21.0011         17.0000         21.0000          3.0000        306.0624
   77         21.0011         17.0000         21.0000          4.0000        305.9048
   65         21.0011         17.0000         21.0000          1.0000        306.2679
   69         21.0011         17.0000         21.0000          2.0000        306.1659
   73         21.0011         17.0000         21.0000          3.0000        306.0627
   77         21.0011         17.0000         21.0000          4.0000        305.9051
   65         22.0025         17.0000         21.0000          1.0000        305.7456
   69         22.0025         17.0000         21.0000          2.0000        305.6229
   73         22.0025         17.0000         21.0000          3.0000        305.5012
   77         22.0025         17.0000         21.0000          4.0000        305.3357
   65         22.0025         17.0000         21.0000          1.0000        305.7483
   69         22.0025         17.0000         21.0000          2.0000        305.6253
   73         22.0025         17.0000         21.0000          3.0000        305.5031
   77         22.0025         17.0000         21.0000          4.0000        305.3370
   65         22.0025         17.0000         21.0000          1.0000        305.7488
   69         22.0025         17.0000         21.0000          2.0000        305.6259
   73         22.0025         17.0000         21.0000          3.0000        305.5037
   77         22.0025         17.0000         21.0000          4.0000        305.3375
   65         23.0064         17.0000         21.0000          1.0000        305.2972
   69         23.0064         17.0000         21.0000          2.0000        305.1643
   73         23.0064         17.0000         21.0000          3.0000        305.0329
   77         23.0064         17.0000         21.0000          4.0000        304.8617
   65         23.0064         17.0000         21.0000          1.0000        305.3001
   69         23.0064         17.0000         21.0000          2.0000        305.1669
   73         23.0064         17.0000         21.0000          3.0000        305.0351
   77         23.0064         17.0000         21.0000          4.0000        304.8632
   65         23.0064         17.0000         21.0000          1.0000        305.3007
   69         23.0064         17.0000         21.0000          2.0000        305.1675
   73         23.0064         17.0000         21.0000          3.0000        305.0357
   77         23.0064         17.0000         21.0000          4.0000        304.8637
