  114          1.0013         16.0000         18.0000          1.0000          0.0000
  115          1.0013         16.0000         19.0000          1.0000          0.0000
  116          1.0013         16.0000         20.0000          1.0000          0.0000
  118          1.0013         16.0000         18.0000          2.0000          0.0000
  119          1.0013         16.0000         19.0000          2.0000          0.0000
  120          1.0013         16.0000         20.0000          2.0000          0.0000
  122          1.0013         16.0000         18.0000          3.0000          0.0000
  123          1.0013         16.0000         19.0000          3.0000          0.0000
  124          1.0013         16.0000         20.0000          3.0000          0.0000
  126          1.0013         16.0000         18.0000          4.0000          0.0000
  127          1.0013         16.0000         19.0000          4.0000          0.0000
  128          1.0013         16.0000         20.0000          4.0000          0.0000
  114          1.0013         16.0000         18.0000          1.0000          0.0000
  115          1.0013         16.0000         19.0000          1.0000          0.0000
  116          1.0013         16.0000         20.0000          1.0000          0.0000
  118          1.0013         16.0000         18.0000          2.0000          0.0000
  119          1.0013         16.0000         19.0000          2.0000          0.0000
  120          1.0013         16.0000         20.0000          2.0000          0.0000
  122          1.0013         16.0000         18.0000          3.0000          0.0000
  123          1.0013         16.0000         19.0000          3.0000          0.0000
  124          1.0013         16.0000         20.0000          3.0000          0.0000
  126          1.0013         16.0000         18.0000          4.0000          0.0000
  127          1.0013         16.0000         19.0000          4.0000          0.0000
  128          1.0013         16.0000         20.0000          4.0000          0.0000
  114          1.0013         16.0000         18.0000          1.0000          0.0000
  115          1.0013         16.0000         19.0000          1.0000          0.0000
  116          1.0013         16.0000         20.0000          1.0000          0.0000
  118          1.0013         16.0000         18.0000          2.0000          0.0000
  119          1.0013         16.0000         19.0000          2.0000          0.0000
  120          1.0013         16.0000         20.0000          2.0000          0.0000
  122          1.0013         16.0000         18.0000          3.0000          0.0000
  123          1.0013         16.0000         19.0000          3.0000          0.0000
  124          1.0013         16.0000         20.0000          3.0000          0.0000
  126          1.0013         16.0000         18.0000          4.0000          0.0000
  127          1.0013         16.0000         19.0000          4.0000          0.0000
  128          1.0013         16.0000         20.0000          4.0000          0.0000
  114          1.0085         16.0000         18.0000          1.0000          0.0000
  115          1.0085         16.0000         19.0000          1.0000          0.0000
  116          1.0085         16.0000         20.0000          1.0000          0.0000
  118          1.0085         16.0000         18.0000          2.0000          0.0000
  119          1.0085         16.0000         19.0000          2.0000          0.0000
  120          1.0085         16.0000         20.0000          2.0000          0.0000
  122          1.0085         16.0000         18.0000          3.0000          0.0000
  123          1.0085         16.0000         19.0000          3.0000          0.0000
  124          1.0085         16.0000         20.0000          3.0000          0.0000
  126          1.0085         16.0000         18.0000          4.0000          0.0000
  127          1.0085         16.0000         19.0000          4.0000          0.0000
  128          1.0085         16.0000         20.0000          4.0000          0.0000
  114          1.0085         16.0000         18.0000          1.0000          0.0000
  115          1.0085         16.0000         19.0000          1.0000          0.0000
  116          1.0085         16.0000         20.0000          1.0000          0.0000
  118          1.0085         16.0000         18.0000          2.0000          0.0000
  119          1.0085         16.0000         19.0000          2.0000          0.0000
  120          1.0085         16.0000         20.0000          2.0000          0.0000
  122          1.0085         16.0000         18.0000          3.0000          0.0000
  123          1.0085         16.0000         19.0000          3.0000          0.0000
  124          1.0085         16.0000         20.0000          3.0000          0.0000
  126          1.0085         16.0000         18.0000          4.0000          0.0000
  127          1.0085         16.0000         19.0000          4.0000          0.0000
  128          1.0085         16.0000         20.0000          4.0000          0.0000
  114          1.0085         16.0000         18.0000          1.0000          0.0000
  115          1.0085         16.0000         19.0000          1.0000          0.0000
  116          1.0085         16.0000         20.0000          1.0000          0.0000
  118          1.0085         16.0000         18.0000          2.0000          0.0000
  119          1.0085         16.0000         19.0000          2.0000          0.0000
  120          1.0085         16.0000         20.0000          2.0000          0.0000
  122          1.0085         16.0000         18.0000          3.0000          0.0000
  123          1.0085         16.0000         19.0000          3.0000          0.0000
  124          1.0085         16.0000         20.0000          3.0000          0.0000
  126          1.0085         16.0000         18.0000          4.0000          0.0000
  127          1.0085         16.0000         19.0000          4.0000          0.0000
  128          1.0085         16.0000         20.0000          4.0000          0.0000
  114          2.0075         16.0000         18.0000          1.0000          0.0000
  115          2.0075         16.0000         19.0000          1.0000          0.0000
  116          2.0075         16.0000         20.0000          1.0000          0.0000
  118          2.0075         16.0000         18.0000          2.0000          0.0000
  119          2.0075         16.0000         19.0000          2.0000          0.0000
  120          2.0075         16.0000         20.0000          2.0000          0.0000
  122          2.0075         16.0000         18.0000          3.0000          0.0000
  123          2.0075         16.0000         19.0000          3.0000          0.0000
  124          2.0075         16.0000         20.0000          3.0000          0.0000
  126          2.0075         16.0000         18.0000          4.0000          0.0000
  127          2.0075         16.0000         19.0000          4.0000          0.0000
  128          2.0075         16.0000         20.0000          4.0000          0.0000
  114          2.0075         16.0000         18.0000          1.0000          0.0000
  115          2.0075         16.0000         19.0000          1.0000          0.0000
  116          2.0075         16.0000         20.0000          1.0000          0.0000
  118          2.0075         16.0000         18.0000          2.0000          0.0000
  119          2.0075         16.0000         19.0000          2.0000          0.0000
  120          2.0075         16.0000         20.0000          2.0000          0.0000
  122          2.0075         16.0000         18.0000          3.0000          0.0000
  123          2.0075         16.0000         19.0000          3.0000          0.0000
  124          2.0075         16.0000         20.0000          3.0000          0.0000
  126          2.0075         16.0000         18.0000          4.0000          0.0000
  127          2.0075         16.0000         19.0000          4.0000          0.0000
  128          2.0075         16.0000         20.0000          4.0000          0.0000
  114          2.0075         16.0000         18.0000          1.0000          0.0000
  115          2.0075         16.0000         19.0000          1.0000          0.0000
  116          2.0075         16.0000         20.0000          1.0000          0.0000
  118          2.0075         16.0000         18.0000          2.0000          0.0000
  119          2.0075         16.0000         19.0000          2.0000          0.0000
  120          2.0075         16.0000         20.0000          2.0000          0.0000
  122          2.0075         16.0000         18.0000          3.0000          0.0000
  123          2.0075         16.0000         19.0000          3.0000          0.0000
  124          2.0075         16.0000         20.0000          3.0000          0.0000
  126          2.0075         16.0000         18.0000          4.0000          0.0000
  127          2.0075         16.0000         19.0000          4.0000          0.0000
  128          2.0075         16.0000         20.0000          4.0000          0.0000
  114          3.0133         16.0000         18.0000          1.0000          0.0000
  115          3.0133         16.0000         19.0000          1.0000          0.0000
  116          3.0133         16.0000         20.0000          1.0000          0.0000
  118          3.0133         16.0000         18.0000          2.0000          0.0000
  119          3.0133         16.0000         19.0000          2.0000          0.0000
  120          3.0133         16.0000         20.0000          2.0000          0.0000
  122          3.0133         16.0000         18.0000          3.0000          0.0000
  123          3.0133         16.0000         19.0000          3.0000          0.0000
  124          3.0133         16.0000         20.0000          3.0000          0.0000
  126          3.0133         16.0000         18.0000          4.0000          0.0000
  127          3.0133         16.0000         19.0000          4.0000          0.0000
  128          3.0133         16.0000         20.0000          4.0000          0.0000
  114          3.0133         16.0000         18.0000          1.0000          0.0000
  115          3.0133         16.0000         19.0000          1.0000          0.0000
  116          3.0133         16.0000         20.0000          1.0000          0.0000
  118          3.0133         16.0000         18.0000          2.0000          0.0000
  119          3.0133         16.0000         19.0000          2.0000          0.0000
  120          3.0133         16.0000         20.0000          2.0000          0.0000
  122          3.0133         16.0000         18.0000          3.0000          0.0000
  123          3.0133         16.0000         19.0000          3.0000          0.0000
  124          3.0133         16.0000         20.0000          3.0000          0.0000
  126          3.0133         16.0000         18.0000          4.0000          0.0000
  127          3.0133         16.0000         19.0000          4.0000          0.0000
  128          3.0133         16.0000         20.0000          4.0000          0.0000
  114          3.0133         16.0000         18.0000          1.0000          0.0000
  115          3.0133         16.0000         19.0000          1.0000          0.0000
  116          3.0133         16.0000         20.0000          1.0000          0.0000
  118          3.0133         16.0000         18.0000          2.0000          0.0000
  119          3.0133         16.0000         19.0000          2.0000          0.0000
  120          3.0133         16.0000         20.0000          2.0000          0.0000
  122          3.0133         16.0000         18.0000          3.0000          0.0000
  123          3.0133         16.0000         19.0000          3.0000          0.0000
  124          3.0133         16.0000         20.0000          3.0000          0.0000
  126          3.0133         16.0000         18.0000          4.0000          0.0000
  127          3.0133         16.0000         19.0000          4.0000          0.0000
  128          3.0133         16.0000         20.0000          4.0000          0.0000
  114          4.0157         16.0000         18.0000          1.0000          0.0000
  115          4.0157         16.0000         19.0000          1.0000          0.0000
  116          4.0157         16.0000         20.0000          1.0000          0.0000
  118          4.0157         16.0000         18.0000          2.0000          0.0000
  119          4.0157         16.0000         19.0000          2.0000          0.0000
  120          4.0157         16.0000         20.0000          2.0000          0.0000
  122          4.0157         16.0000         18.0000          3.0000          0.0000
  123          4.0157         16.0000         19.0000          3.0000          0.0000
  124          4.0157         16.0000         20.0000          3.0000          0.0000
  126          4.0157         16.0000         18.0000          4.0000          0.0000
  127          4.0157         16.0000         19.0000          4.0000          0.0000
  128          4.0157         16.0000         20.0000          4.0000          0.0000
  114          4.0157         16.0000         18.0000          1.0000          0.0000
  115          4.0157         16.0000         19.0000          1.0000          0.0000
  116          4.0157         16.0000         20.0000          1.0000          0.0000
  118          4.0157         16.0000         18.0000          2.0000          0.0000
  119          4.0157         16.0000         19.0000          2.0000          0.0000
  120          4.0157         16.0000         20.0000          2.0000          0.0000
  122          4.0157         16.0000         18.0000          3.0000          0.0000
  123          4.0157         16.0000         19.0000          3.0000          0.0000
  124          4.0157         16.0000         20.0000          3.0000          0.0000
  126          4.0157         16.0000         18.0000          4.0000          0.0000
  127          4.0157         16.0000         19.0000          4.0000          0.0000
  128          4.0157         16.0000         20.0000          4.0000          0.0000
  114          4.0157         16.0000         18.0000          1.0000          0.0000
  115          4.0157         16.0000         19.0000          1.0000          0.0000
  116          4.0157         16.0000         20.0000          1.0000          0.0000
  118          4.0157         16.0000         18.0000          2.0000          0.0000
  119          4.0157         16.0000         19.0000          2.0000          0.0000
  120          4.0157         16.0000         20.0000          2.0000          0.0000
  122          4.0157         16.0000         18.0000          3.0000          0.0000
  123          4.0157         16.0000         19.0000          3.0000          0.0000
  124          4.0157         16.0000         20.0000          3.0000          0.0000
  126          4.0157         16.0000         18.0000          4.0000          0.0000
  127          4.0157         16.0000         19.0000          4.0000          0.0000
  128          4.0157         16.0000         20.0000          4.0000          0.0000
  114          5.0182         16.0000         18.0000          1.0000          0.0000
  115          5.0182         16.0000         19.0000          1.0000          0.0000
  116          5.0182         16.0000         20.0000          1.0000          0.0000
  118          5.0182         16.0000         18.0000          2.0000          0.0000
  119          5.0182         16.0000         19.0000          2.0000          0.0000
  120          5.0182         16.0000         20.0000          2.0000          0.0000
  122          5.0182         16.0000         18.0000          3.0000          0.0000
  123          5.0182         16.0000         19.0000          3.0000          0.0000
  124          5.0182         16.0000         20.0000          3.0000          0.0000
  126          5.0182         16.0000         18.0000          4.0000          0.0000
  127          5.0182         16.0000         19.0000          4.0000          0.0000
  128          5.0182         16.0000         20.0000          4.0000          0.0000
  114          5.0182         16.0000         18.0000          1.0000          0.0000
  115          5.0182         16.0000         19.0000          1.0000          0.0000
  116          5.0182         16.0000         20.0000          1.0000          0.0000
  118          5.0182         16.0000         18.0000          2.0000          0.0000
  119          5.0182         16.0000         19.0000          2.0000          0.0000
  120          5.0182         16.0000         20.0000          2.0000          0.0000
  122          5.0182         16.0000         18.0000          3.0000          0.0000
  123          5.0182         16.0000         19.0000          3.0000          0.0000
  124          5.0182         16.0000         20.0000          3.0000          0.0000
  126          5.0182         16.0000         18.0000          4.0000          0.0000
  127          5.0182         16.0000         19.0000          4.0000          0.0000
  128          5.0182         16.0000         20.0000          4.0000          0.0000
  114          5.0182         16.0000         18.0000          1.0000          0.0000
  115          5.0182         16.0000         19.0000          1.0000          0.0000
  116          5.0182         16.0000         20.0000          1.0000          0.0000
  118          5.0182         16.0000         18.0000          2.0000          0.0000
  119          5.0182         16.0000         19.0000          2.0000          0.0000
  120          5.0182         16.0000         20.0000          2.0000          0.0000
  122          5.0182         16.0000         18.0000          3.0000          0.0000
  123          5.0182         16.0000         19.0000          3.0000          0.0000
  124          5.0182         16.0000         20.0000          3.0000          0.0000
  126          5.0182         16.0000         18.0000          4.0000          0.0000
  127          5.0182         16.0000         19.0000          4.0000          0.0000
  128          5.0182         16.0000         20.0000          4.0000          0.0000
  114          6.0271         16.0000         18.0000          1.0000          0.0000
  115          6.0271         16.0000         19.0000          1.0000          0.0000
  116          6.0271         16.0000         20.0000          1.0000          0.0000
  118          6.0271         16.0000         18.0000          2.0000          0.0000
  119          6.0271         16.0000         19.0000          2.0000          0.0000
  120          6.0271         16.0000         20.0000          2.0000          0.0000
  122          6.0271         16.0000         18.0000          3.0000          0.0000
  123          6.0271         16.0000         19.0000          3.0000          0.0000
  124          6.0271         16.0000         20.0000          3.0000          0.0000
  126          6.0271         16.0000         18.0000          4.0000          0.0000
  127          6.0271         16.0000         19.0000          4.0000          0.0000
  128          6.0271         16.0000         20.0000          4.0000          0.0000
  114          6.0271         16.0000         18.0000          1.0000          0.0000
  115          6.0271         16.0000         19.0000          1.0000          0.0000
  116          6.0271         16.0000         20.0000          1.0000          0.0000
  118          6.0271         16.0000         18.0000          2.0000          0.0000
  119          6.0271         16.0000         19.0000          2.0000          0.0000
  120          6.0271         16.0000         20.0000          2.0000          0.0000
  122          6.0271         16.0000         18.0000          3.0000          0.0000
  123          6.0271         16.0000         19.0000          3.0000          0.0000
  124          6.0271         16.0000         20.0000          3.0000          0.0000
  126          6.0271         16.0000         18.0000          4.0000          0.0000
  127          6.0271         16.0000         19.0000          4.0000          0.0000
  128          6.0271         16.0000         20.0000          4.0000          0.0000
  114          6.0271         16.0000         18.0000          1.0000          0.0000
  115          6.0271         16.0000         19.0000          1.0000          0.0000
  116          6.0271         16.0000         20.0000          1.0000          0.0000
  118          6.0271         16.0000         18.0000          2.0000          0.0000
  119          6.0271         16.0000         19.0000          2.0000          0.0000
  120          6.0271         16.0000         20.0000          2.0000          0.0000
  122          6.0271         16.0000         18.0000          3.0000          0.0000
  123          6.0271         16.0000         19.0000          3.0000          0.0000
  124          6.0271         16.0000         20.0000          3.0000          0.0000
  126          6.0271         16.0000         18.0000          4.0000          0.0000
  127          6.0271         16.0000         19.0000          4.0000          0.0000
  128          6.0271         16.0000         20.0000          4.0000          0.0000
  114          7.0186         16.0000         18.0000          1.0000          0.0230
  115          7.0186         16.0000         19.0000          1.0000          0.0230
  116          7.0186         16.0000         20.0000          1.0000          0.0252
  118          7.0186         16.0000         18.0000          2.0000          0.0280
  119          7.0186         16.0000         19.0000          2.0000          0.0280
  120          7.0186         16.0000         20.0000          2.0000          0.0299
  122          7.0186         16.0000         18.0000          3.0000          0.0344
  123          7.0186         16.0000         19.0000          3.0000          0.0343
  124          7.0186         16.0000         20.0000          3.0000          0.0359
  126          7.0186         16.0000         18.0000          4.0000          0.0419
  127          7.0186         16.0000         19.0000          4.0000          0.0418
  128          7.0186         16.0000         20.0000          4.0000          0.0431
  114          7.0186         16.0000         18.0000          1.0000          0.0230
  115          7.0186         16.0000         19.0000          1.0000          0.0230
  116          7.0186         16.0000         20.0000          1.0000          0.0252
  118          7.0186         16.0000         18.0000          2.0000          0.0280
  119          7.0186         16.0000         19.0000          2.0000          0.0279
  120          7.0186         16.0000         20.0000          2.0000          0.0299
  122          7.0186         16.0000         18.0000          3.0000          0.0343
  123          7.0186         16.0000         19.0000          3.0000          0.0343
  124          7.0186         16.0000         20.0000          3.0000          0.0358
  126          7.0186         16.0000         18.0000          4.0000          0.0418
  127          7.0186         16.0000         19.0000          4.0000          0.0418
  128          7.0186         16.0000         20.0000          4.0000          0.0431
  114          7.0186         16.0000         18.0000          1.0000          0.0230
  115          7.0186         16.0000         19.0000          1.0000          0.0230
  116          7.0186         16.0000         20.0000          1.0000          0.0252
  118          7.0186         16.0000         18.0000          2.0000          0.0280
  119          7.0186         16.0000         19.0000          2.0000          0.0279
  120          7.0186         16.0000         20.0000          2.0000          0.0299
  122          7.0186         16.0000         18.0000          3.0000          0.0343
  123          7.0186         16.0000         19.0000          3.0000          0.0343
  124          7.0186         16.0000         20.0000          3.0000          0.0358
  126          7.0186         16.0000         18.0000          4.0000          0.0418
  127          7.0186         16.0000         19.0000          4.0000          0.0418
  128          7.0186         16.0000         20.0000          4.0000          0.0430
  114          8.0102         16.0000         18.0000          1.0000          1.2956
  115          8.0102         16.0000         19.0000          1.0000          1.2940
  116          8.0102         16.0000         20.0000          1.0000          1.4169
  118          8.0102         16.0000         18.0000          2.0000          1.5740
  119          8.0102         16.0000         19.0000          2.0000          1.5721
  120          8.0102         16.0000         20.0000          2.0000          1.6823
  122          8.0102         16.0000         18.0000          3.0000          1.9300
  123          8.0102         16.0000         19.0000          3.0000          1.9279
  124          8.0102         16.0000         20.0000          3.0000          2.0134
  126          8.0102         16.0000         18.0000          4.0000          2.3495
  127          8.0102         16.0000         19.0000          4.0000          2.3477
  128          8.0102         16.0000         20.0000          4.0000          2.4164
  114          8.0102         16.0000         18.0000          1.0000          1.2941
  115          8.0102         16.0000         19.0000          1.0000          1.2925
  116          8.0102         16.0000         20.0000          1.0000          1.4156
  118          8.0102         16.0000         18.0000          2.0000          1.5727
  119          8.0102         16.0000         19.0000          2.0000          1.5707
  120          8.0102         16.0000         20.0000          2.0000          1.6812
  122          8.0102         16.0000         18.0000          3.0000          1.9289
  123          8.0102         16.0000         19.0000          3.0000          1.9268
  124          8.0102         16.0000         20.0000          3.0000          2.0125
  126          8.0102         16.0000         18.0000          4.0000          2.3487
  127          8.0102         16.0000         19.0000          4.0000          2.3469
  128          8.0102         16.0000         20.0000          4.0000          2.4157
  114          8.0102         16.0000         18.0000          1.0000          1.2925
  115          8.0102         16.0000         19.0000          1.0000          1.2910
  116          8.0102         16.0000         20.0000          1.0000          1.4142
  118          8.0102         16.0000         18.0000          2.0000          1.5713
  119          8.0102         16.0000         19.0000          2.0000          1.5694
  120          8.0102         16.0000         20.0000          2.0000          1.6800
  122          8.0102         16.0000         18.0000          3.0000          1.9278
  123          8.0102         16.0000         19.0000          3.0000          1.9257
  124          8.0102         16.0000         20.0000          3.0000          2.0115
  126          8.0102         16.0000         18.0000          4.0000          2.3479
  127          8.0102         16.0000         19.0000          4.0000          2.3461
  128          8.0102         16.0000         20.0000          4.0000          2.4150
  114          9.0088         16.0000         18.0000          1.0000          6.7925
  115          9.0088         16.0000         19.0000          1.0000          6.7866
  116          9.0088         16.0000         20.0000          1.0000          7.3979
  118          9.0088         16.0000         18.0000          2.0000          8.2849
  119          9.0088         16.0000         19.0000          2.0000          8.2797
  120          9.0088         16.0000         20.0000          2.0000          8.8116
  122          9.0088         16.0000         18.0000          3.0000         10.1082
  123          9.0088         16.0000         19.0000          3.0000         10.0945
  124          9.0088         16.0000         20.0000          3.0000         10.4787
  126          9.0088         16.0000         18.0000          4.0000         12.1596
  127          9.0088         16.0000         19.0000          4.0000         12.1393
  128          9.0088         16.0000         20.0000          4.0000         12.4293
  114          9.0088         16.0000         18.0000          1.0000          6.7818
  115          9.0088         16.0000         19.0000          1.0000          6.7763
  116          9.0088         16.0000         20.0000          1.0000          7.3888
  118          9.0088         16.0000         18.0000          2.0000          8.2757
  119          9.0088         16.0000         19.0000          2.0000          8.2706
  120          9.0088         16.0000         20.0000          2.0000          8.8035
  122          9.0088         16.0000         18.0000          3.0000         10.1007
  123          9.0088         16.0000         19.0000          3.0000         10.0871
  124          9.0088         16.0000         20.0000          3.0000         10.4720
  126          9.0088         16.0000         18.0000          4.0000         12.1541
  127          9.0088         16.0000         19.0000          4.0000         12.1339
  128          9.0088         16.0000         20.0000          4.0000         12.4243
  114          9.0088         16.0000         18.0000          1.0000          6.7710
  115          9.0088         16.0000         19.0000          1.0000          6.7660
  116          9.0088         16.0000         20.0000          1.0000          7.3797
  118          9.0088         16.0000         18.0000          2.0000          8.2664
  119          9.0088         16.0000         19.0000          2.0000          8.2616
  120          9.0088         16.0000         20.0000          2.0000          8.7955
  122          9.0088         16.0000         18.0000          3.0000         10.0932
  123          9.0088         16.0000         19.0000          3.0000         10.0797
  124          9.0088         16.0000         20.0000          3.0000         10.4654
  126          9.0088         16.0000         18.0000          4.0000         12.1486
  127          9.0088         16.0000         19.0000          4.0000         12.1284
  128          9.0088         16.0000         20.0000          4.0000         12.4193
  114         10.0006         16.0000         18.0000          1.0000         12.3786
  115         10.0006         16.0000         19.0000          1.0000         12.3674
  116         10.0006         16.0000         20.0000          1.0000         13.3795
  118         10.0006         16.0000         18.0000          2.0000         15.0817
  119         10.0006         16.0000         19.0000          2.0000         15.0714
  120         10.0006         16.0000         20.0000          2.0000         15.9200
  122         10.0006         16.0000         18.0000          3.0000         18.1787
  123         10.0006         16.0000         19.0000          3.0000         18.1470
  124         10.0006         16.0000         20.0000          3.0000         18.7251
  126         10.0006         16.0000         18.0000          4.0000         21.5333
  127         10.0006         16.0000         19.0000          4.0000         21.4916
  128         10.0006         16.0000         20.0000          4.0000         21.9186
  114         10.0006         16.0000         18.0000          1.0000         12.3555
  115         10.0006         16.0000         19.0000          1.0000         12.3452
  116         10.0006         16.0000         20.0000          1.0000         13.3600
  118         10.0006         16.0000         18.0000          2.0000         15.0619
  119         10.0006         16.0000         19.0000          2.0000         15.0521
  120         10.0006         16.0000         20.0000          2.0000         15.9029
  122         10.0006         16.0000         18.0000          3.0000         18.1627
  123         10.0006         16.0000         19.0000          3.0000         18.1313
  124         10.0006         16.0000         20.0000          3.0000         18.7109
  126         10.0006         16.0000         18.0000          4.0000         21.5216
  127         10.0006         16.0000         19.0000          4.0000         21.4800
  128         10.0006         16.0000         20.0000          4.0000         21.9080
  114         10.0006         16.0000         18.0000          1.0000         12.3324
  115         10.0006         16.0000         19.0000          1.0000         12.3230
  116         10.0006         16.0000         20.0000          1.0000         13.3405
  118         10.0006         16.0000         18.0000          2.0000         15.0422
  119         10.0006         16.0000         19.0000          2.0000         15.0328
  120         10.0006         16.0000         20.0000          2.0000         15.8857
  122         10.0006         16.0000         18.0000          3.0000         18.1467
  123         10.0006         16.0000         19.0000          3.0000         18.1156
  124         10.0006         16.0000         20.0000          3.0000         18.6967
  126         10.0006         16.0000         18.0000          4.0000         21.5098
  127         10.0006         16.0000         19.0000          4.0000         21.4684
  128         10.0006         16.0000         20.0000          4.0000         21.8974
  114         11.0019         16.0000         18.0000          1.0000         17.4322
  115         11.0019         16.0000         19.0000          1.0000         17.4127
  116         11.0019         16.0000         20.0000          1.0000         18.9072
  118         11.0019         16.0000         18.0000          2.0000         21.1702
  119         11.0019         16.0000         19.0000          2.0000         21.1492
  120         11.0019         16.0000         20.0000          2.0000         22.4389
  122         11.0019         16.0000         18.0000          3.0000         25.5458
  123         11.0019         16.0000         19.0000          3.0000         25.5062
  124         11.0019         16.0000         20.0000          3.0000         26.4395
  126         11.0019         16.0000         18.0000          4.0000         30.4655
  127         11.0019         16.0000         19.0000          4.0000         30.4230
  128         11.0019         16.0000         20.0000          4.0000         31.1476
  114         11.0019         16.0000         18.0000          1.0000         17.4025
  115         11.0019         16.0000         19.0000          1.0000         17.3842
  116         11.0019         16.0000         20.0000          1.0000         18.8822
  118         11.0019         16.0000         18.0000          2.0000         21.1448
  119         11.0019         16.0000         19.0000          2.0000         21.1245
  120         11.0019         16.0000         20.0000          2.0000         22.4169
  122         11.0019         16.0000         18.0000          3.0000         25.5253
  123         11.0019         16.0000         19.0000          3.0000         25.4860
  124         11.0019         16.0000         20.0000          3.0000         26.4213
  126         11.0019         16.0000         18.0000          4.0000         30.4505
  127         11.0019         16.0000         19.0000          4.0000         30.4082
  128         11.0019         16.0000         20.0000          4.0000         31.1340
  114         11.0019         16.0000         18.0000          1.0000         17.3729
  115         11.0019         16.0000         19.0000          1.0000         17.3558
  116         11.0019         16.0000         20.0000          1.0000         18.8572
  118         11.0019         16.0000         18.0000          2.0000         21.1194
  119         11.0019         16.0000         19.0000          2.0000         21.0997
  120         11.0019         16.0000         20.0000          2.0000         22.3949
  122         11.0019         16.0000         18.0000          3.0000         25.5048
  123         11.0019         16.0000         19.0000          3.0000         25.4659
  124         11.0019         16.0000         20.0000          3.0000         26.4031
  126         11.0019         16.0000         18.0000          4.0000         30.4354
  127         11.0019         16.0000         19.0000          4.0000         30.3933
  128         11.0019         16.0000         20.0000          4.0000         31.1204
  114         12.0048         16.0000         18.0000          1.0000         62.6773
  115         12.0048         16.0000         19.0000          1.0000         62.6243
  116         12.0048         16.0000         20.0000          1.0000         64.2108
  118         12.0048         16.0000         18.0000          2.0000         65.6464
  119         12.0048         16.0000         19.0000          2.0000         65.5898
  120         12.0048         16.0000         20.0000          2.0000         67.0737
  122         12.0048         16.0000         18.0000          3.0000         69.9058
  123         12.0048         16.0000         19.0000          3.0000         69.8401
  124         12.0048         16.0000         20.0000          3.0000         71.0149
  126         12.0048         16.0000         18.0000          4.0000         75.1386
  127         12.0048         16.0000         19.0000          4.0000         75.0740
  128         12.0048         16.0000         20.0000          4.0000         76.0178
  114         12.0048         16.0000         18.0000          1.0000         62.6445
  115         12.0048         16.0000         19.0000          1.0000         62.5929
  116         12.0048         16.0000         20.0000          1.0000         64.1828
  118         12.0048         16.0000         18.0000          2.0000         65.6184
  119         12.0048         16.0000         19.0000          2.0000         65.5625
  120         12.0048         16.0000         20.0000          2.0000         67.0492
  122         12.0048         16.0000         18.0000          3.0000         69.8832
  123         12.0048         16.0000         19.0000          3.0000         69.8179
  124         12.0048         16.0000         20.0000          3.0000         70.9947
  126         12.0048         16.0000         18.0000          4.0000         75.1219
  127         12.0048         16.0000         19.0000          4.0000         75.0576
  128         12.0048         16.0000         20.0000          4.0000         76.0027
  114         12.0048         16.0000         18.0000          1.0000         62.6116
  115         12.0048         16.0000         19.0000          1.0000         62.5614
  116         12.0048         16.0000         20.0000          1.0000         64.1549
  118         12.0048         16.0000         18.0000          2.0000         65.5903
  119         12.0048         16.0000         19.0000          2.0000         65.5352
  120         12.0048         16.0000         20.0000          2.0000         67.0246
  122         12.0048         16.0000         18.0000          3.0000         69.8606
  123         12.0048         16.0000         19.0000          3.0000         69.7957
  124         12.0048         16.0000         20.0000          3.0000         70.9744
  126         12.0048         16.0000         18.0000          4.0000         75.1053
  127         12.0048         16.0000         19.0000          4.0000         75.0413
  128         12.0048         16.0000         20.0000          4.0000         75.9876
  114         12.0048         16.0000         18.0000          1.0000         62.5788
  115         12.0048         16.0000         19.0000          1.0000         62.5299
  116         12.0048         16.0000         20.0000          1.0000         64.1270
  118         12.0048         16.0000         18.0000          2.0000         65.5623
  119         12.0048         16.0000         19.0000          2.0000         65.5078
  120         12.0048         16.0000         20.0000          2.0000         67.0001
  122         12.0048         16.0000         18.0000          3.0000         69.8380
  123         12.0048         16.0000         19.0000          3.0000         69.7735
  124         12.0048         16.0000         20.0000          3.0000         70.9542
  126         12.0048         16.0000         18.0000          4.0000         75.0887
  127         12.0048         16.0000         19.0000          4.0000         75.0249
  128         12.0048         16.0000         20.0000          4.0000         75.9725
  114         13.0003         16.0000         18.0000          1.0000         56.4204
  115         13.0003         16.0000         19.0000          1.0000         56.3540
  116         13.0003         16.0000         20.0000          1.0000         57.8934
  118         13.0003         16.0000         18.0000          2.0000         59.3256
  119         13.0003         16.0000         19.0000          2.0000         59.2468
  120         13.0003         16.0000         20.0000          2.0000         60.6740
  122         13.0003         16.0000         18.0000          3.0000         63.3913
  123         13.0003         16.0000         19.0000          3.0000         63.3085
  124         13.0003         16.0000         20.0000          3.0000         64.4524
  126         13.0003         16.0000         18.0000          4.0000         68.4213
  127         13.0003         16.0000         19.0000          4.0000         68.3451
  128         13.0003         16.0000         20.0000          4.0000         69.2691
  114         13.0003         16.0000         18.0000          1.0000         56.3849
  115         13.0003         16.0000         19.0000          1.0000         56.3200
  116         13.0003         16.0000         20.0000          1.0000         57.8633
  118         13.0003         16.0000         18.0000          2.0000         59.2954
  119         13.0003         16.0000         19.0000          2.0000         59.2175
  120         13.0003         16.0000         20.0000          2.0000         60.6477
  122         13.0003         16.0000         18.0000          3.0000         63.3670
  123         13.0003         16.0000         19.0000          3.0000         63.2847
  124         13.0003         16.0000         20.0000          3.0000         64.4307
  126         13.0003         16.0000         18.0000          4.0000         68.4035
  127         13.0003         16.0000         19.0000          4.0000         68.3275
  128         13.0003         16.0000         20.0000          4.0000         69.2529
  114         13.0003         16.0000         18.0000          1.0000         56.3493
  115         13.0003         16.0000         19.0000          1.0000         56.2859
  116         13.0003         16.0000         20.0000          1.0000         57.8332
  118         13.0003         16.0000         18.0000          2.0000         59.2653
  119         13.0003         16.0000         19.0000          2.0000         59.1881
  120         13.0003         16.0000         20.0000          2.0000         60.6214
  122         13.0003         16.0000         18.0000          3.0000         63.3427
  123         13.0003         16.0000         19.0000          3.0000         63.2609
  124         13.0003         16.0000         20.0000          3.0000         64.4090
  126         13.0003         16.0000         18.0000          4.0000         68.3857
  127         13.0003         16.0000         19.0000          4.0000         68.3099
  128         13.0003         16.0000         20.0000          4.0000         69.2367
  114         14.0007         16.0000         18.0000          1.0000         37.6572
  115         14.0007         16.0000         19.0000          1.0000         37.6073
  116         14.0007         16.0000         20.0000          1.0000         39.3072
  118         14.0007         16.0000         18.0000          2.0000         41.1955
  119         14.0007         16.0000         19.0000          2.0000         41.1345
  120         14.0007         16.0000         20.0000          2.0000         42.6836
  122         14.0007         16.0000         18.0000          3.0000         45.8993
  123         14.0007         16.0000         19.0000          3.0000         45.8359
  124         14.0007         16.0000         20.0000          3.0000         47.0598
  126         14.0007         16.0000         18.0000          4.0000         51.5762
  127         14.0007         16.0000         19.0000          4.0000         51.5206
  128         14.0007         16.0000         20.0000          4.0000         52.5096
  114         14.0007         16.0000         18.0000          1.0000         37.6267
  115         14.0007         16.0000         19.0000          1.0000         37.5781
  116         14.0007         16.0000         20.0000          1.0000         39.2814
  118         14.0007         16.0000         18.0000          2.0000         41.1695
  119         14.0007         16.0000         19.0000          2.0000         41.1092
  120         14.0007         16.0000         20.0000          2.0000         42.6609
  122         14.0007         16.0000         18.0000          3.0000         45.8784
  123         14.0007         16.0000         19.0000          3.0000         45.8153
  124         14.0007         16.0000         20.0000          3.0000         47.0411
  126         14.0007         16.0000         18.0000          4.0000         51.5608
  127         14.0007         16.0000         19.0000          4.0000         51.5054
  128         14.0007         16.0000         20.0000          4.0000         52.4956
  114         14.0007         16.0000         18.0000          1.0000         37.5962
  115         14.0007         16.0000         19.0000          1.0000         37.5489
  116         14.0007         16.0000         20.0000          1.0000         39.2556
  118         14.0007         16.0000         18.0000          2.0000         41.1435
  119         14.0007         16.0000         19.0000          2.0000         41.0839
  120         14.0007         16.0000         20.0000          2.0000         42.6383
  122         14.0007         16.0000         18.0000          3.0000         45.8575
  123         14.0007         16.0000         19.0000          3.0000         45.7948
  124         14.0007         16.0000         20.0000          3.0000         47.0223
  126         14.0007         16.0000         18.0000          4.0000         51.5455
  127         14.0007         16.0000         19.0000          4.0000         51.4903
  128         14.0007         16.0000         20.0000          4.0000         52.4816
  114         14.0007         16.0000         18.0000          1.0000         37.5657
  115         14.0007         16.0000         19.0000          1.0000         37.5197
  116         14.0007         16.0000         20.0000          1.0000         39.2298
  118         14.0007         16.0000         18.0000          2.0000         41.1176
  119         14.0007         16.0000         19.0000          2.0000         41.0586
  120         14.0007         16.0000         20.0000          2.0000         42.6156
  122         14.0007         16.0000         18.0000          3.0000         45.8366
  123         14.0007         16.0000         19.0000          3.0000         45.7742
  124         14.0007         16.0000         20.0000          3.0000         47.0036
  126         14.0007         16.0000         18.0000          4.0000         51.5301
  127         14.0007         16.0000         19.0000          4.0000         51.4751
  128         14.0007         16.0000         20.0000          4.0000         52.4677
  114         15.0004         16.0000         18.0000          1.0000         66.2068
  115         15.0004         16.0000         19.0000          1.0000         66.1445
  116         15.0004         16.0000         20.0000          1.0000         67.5938
  118         15.0004         16.0000         18.0000          2.0000         68.8553
  119         15.0004         16.0000         19.0000          2.0000         68.7858
  120         15.0004         16.0000         20.0000          2.0000         70.1435
  122         15.0004         16.0000         18.0000          3.0000         72.6821
  123         15.0004         16.0000         19.0000          3.0000         72.6058
  124         15.0004         16.0000         20.0000          3.0000         73.6898
  126         15.0004         16.0000         18.0000          4.0000         77.4279
  127         15.0004         16.0000         19.0000          4.0000         77.3552
  128         15.0004         16.0000         20.0000          4.0000         78.2283
  114         15.0004         16.0000         18.0000          1.0000         66.1728
  115         15.0004         16.0000         19.0000          1.0000         66.1119
  116         15.0004         16.0000         20.0000          1.0000         67.5649
  118         15.0004         16.0000         18.0000          2.0000         68.8264
  119         15.0004         16.0000         19.0000          2.0000         68.7576
  120         15.0004         16.0000         20.0000          2.0000         70.1182
  122         15.0004         16.0000         18.0000          3.0000         72.6588
  123         15.0004         16.0000         19.0000          3.0000         72.5829
  124         15.0004         16.0000         20.0000          3.0000         73.6689
  126         15.0004         16.0000         18.0000          4.0000         77.4107
  127         15.0004         16.0000         19.0000          4.0000         77.3383
  128         15.0004         16.0000         20.0000          4.0000         78.2127
  114         15.0004         16.0000         18.0000          1.0000         66.1389
  115         15.0004         16.0000         19.0000          1.0000         66.0793
  116         15.0004         16.0000         20.0000          1.0000         67.5361
  118         15.0004         16.0000         18.0000          2.0000         68.7974
  119         15.0004         16.0000         19.0000          2.0000         68.7294
  120         15.0004         16.0000         20.0000          2.0000         70.0929
  122         15.0004         16.0000         18.0000          3.0000         72.6354
  123         15.0004         16.0000         19.0000          3.0000         72.5600
  124         15.0004         16.0000         20.0000          3.0000         73.6481
  126         15.0004         16.0000         18.0000          4.0000         77.3936
  127         15.0004         16.0000         19.0000          4.0000         77.3214
  128         15.0004         16.0000         20.0000          4.0000         78.1971
  114         16.0012         16.0000         18.0000          1.0000         72.6176
  115         16.0012         16.0000         19.0000          1.0000         72.5969
  116         16.0012         16.0000         20.0000          1.0000         73.9462
  118         16.0012         16.0000         18.0000          2.0000         74.8431
  119         16.0012         16.0000         19.0000          2.0000         74.8235
  120         16.0012         16.0000         20.0000          2.0000         76.1014
  122         16.0012         16.0000         18.0000          3.0000         78.3495
  123         16.0012         16.0000         19.0000          3.0000         78.3017
  124         16.0012         16.0000         20.0000          3.0000         79.2798
  126         16.0012         16.0000         18.0000          4.0000         82.5827
  127         16.0012         16.0000         19.0000          4.0000         82.5256
  128         16.0012         16.0000         20.0000          4.0000         83.2932
  114         16.0012         16.0000         18.0000          1.0000         72.5892
  115         16.0012         16.0000         19.0000          1.0000         72.5696
  116         16.0012         16.0000         20.0000          1.0000         73.9219
  118         16.0012         16.0000         18.0000          2.0000         74.8186
  119         16.0012         16.0000         19.0000          2.0000         74.7996
  120         16.0012         16.0000         20.0000          2.0000         76.0799
  122         16.0012         16.0000         18.0000          3.0000         78.3297
  123         16.0012         16.0000         19.0000          3.0000         78.2822
  124         16.0012         16.0000         20.0000          3.0000         79.2620
  126         16.0012         16.0000         18.0000          4.0000         82.5681
  127         16.0012         16.0000         19.0000          4.0000         82.5113
  128         16.0012         16.0000         20.0000          4.0000         83.2799
  114         16.0012         16.0000         18.0000          1.0000         72.5609
  115         16.0012         16.0000         19.0000          1.0000         72.5424
  116         16.0012         16.0000         20.0000          1.0000         73.8976
  118         16.0012         16.0000         18.0000          2.0000         74.7941
  119         16.0012         16.0000         19.0000          2.0000         74.7758
  120         16.0012         16.0000         20.0000          2.0000         76.0584
  122         16.0012         16.0000         18.0000          3.0000         78.3099
  123         16.0012         16.0000         19.0000          3.0000         78.2628
  124         16.0012         16.0000         20.0000          3.0000         79.2443
  126         16.0012         16.0000         18.0000          4.0000         82.5536
  127         16.0012         16.0000         19.0000          4.0000         82.4969
  128         16.0012         16.0000         20.0000          4.0000         83.2666
  114         17.0004         16.0000         18.0000          1.0000         11.2981
  115         17.0004         16.0000         19.0000          1.0000         11.3064
  116         17.0004         16.0000         20.0000          1.0000         24.6394
  118         17.0004         16.0000         18.0000          2.0000         37.9852
  119         17.0004         16.0000         19.0000          2.0000         37.9786
  120         17.0004         16.0000         20.0000          2.0000         38.9924
  122         17.0004         16.0000         18.0000          3.0000         41.0650
  123         17.0004         16.0000         19.0000          3.0000         41.0408
  124         17.0004         16.0000         20.0000          3.0000         41.8104
  126         17.0004         16.0000         18.0000          4.0000         44.6782
  127         17.0004         16.0000         19.0000          4.0000         44.6509
  128         17.0004         16.0000         20.0000          4.0000         45.2614
  114         17.0004         16.0000         18.0000          1.0000         11.2820
  115         17.0004         16.0000         19.0000          1.0000         11.2910
  116         17.0004         16.0000         20.0000          1.0000         24.6255
  118         17.0004         16.0000         18.0000          2.0000         37.9712
  119         17.0004         16.0000         19.0000          2.0000         37.9649
  120         17.0004         16.0000         20.0000          2.0000         38.9800
  122         17.0004         16.0000         18.0000          3.0000         41.0536
  123         17.0004         16.0000         19.0000          3.0000         41.0297
  124         17.0004         16.0000         20.0000          3.0000         41.8002
  126         17.0004         16.0000         18.0000          4.0000         44.6698
  127         17.0004         16.0000         19.0000          4.0000         44.6426
  128         17.0004         16.0000         20.0000          4.0000         45.2538
  114         17.0004         16.0000         18.0000          1.0000         11.2659
  115         17.0004         16.0000         19.0000          1.0000         11.2755
  116         17.0004         16.0000         20.0000          1.0000         24.6117
  118         17.0004         16.0000         18.0000          2.0000         37.9572
  119         17.0004         16.0000         19.0000          2.0000         37.9512
  120         17.0004         16.0000         20.0000          2.0000         38.9677
  122         17.0004         16.0000         18.0000          3.0000         41.0422
  123         17.0004         16.0000         19.0000          3.0000         41.0185
  124         17.0004         16.0000         20.0000          3.0000         41.7900
  126         17.0004         16.0000         18.0000          4.0000         44.6614
  127         17.0004         16.0000         19.0000          4.0000         44.6344
  128         17.0004         16.0000         20.0000          4.0000         45.2462
  114         17.0004         16.0000         18.0000          1.0000         11.2499
  115         17.0004         16.0000         19.0000          1.0000         11.2600
  116         17.0004         16.0000         20.0000          1.0000         24.5979
  118         17.0004         16.0000         18.0000          2.0000         37.9432
  119         17.0004         16.0000         19.0000          2.0000         37.9376
  120         17.0004         16.0000         20.0000          2.0000         38.9554
  122         17.0004         16.0000         18.0000          3.0000         41.0309
  123         17.0004         16.0000         19.0000          3.0000         41.0073
  124         17.0004         16.0000         20.0000          3.0000         41.7798
  126         17.0004         16.0000         18.0000          4.0000         44.6530
  127         17.0004         16.0000         19.0000          4.0000         44.6261
  128         17.0004         16.0000         20.0000          4.0000         45.2385
  114         18.0037         16.0000         18.0000          1.0000          7.0216
  115         18.0037         16.0000         19.0000          1.0000          7.0232
  116         18.0037         16.0000         20.0000          1.0000         22.1855
  118         18.0037         16.0000         18.0000          2.0000          8.5434
  119         18.0037         16.0000         19.0000          2.0000          8.5324
  120         18.0037         16.0000         20.0000          2.0000         23.5618
  122         18.0037         16.0000         18.0000          3.0000         24.8533
  123         18.0037         16.0000         19.0000          3.0000         24.8303
  124         18.0037         16.0000         20.0000          3.0000         32.5053
  126         18.0037         16.0000         18.0000          4.0000         41.4910
  127         18.0037         16.0000         19.0000          4.0000         41.4662
  128         18.0037         16.0000         20.0000          4.0000         41.8410
  114         18.0037         16.0000         18.0000          1.0000          7.0113
  115         18.0037         16.0000         19.0000          1.0000          7.0133
  116         18.0037         16.0000         20.0000          1.0000         22.1766
  118         18.0037         16.0000         18.0000          2.0000          8.5344
  119         18.0037         16.0000         19.0000          2.0000          8.5236
  120         18.0037         16.0000         20.0000          2.0000         23.5539
  122         18.0037         16.0000         18.0000          3.0000         24.8460
  123         18.0037         16.0000         19.0000          3.0000         24.8232
  124         18.0037         16.0000         20.0000          3.0000         32.4987
  126         18.0037         16.0000         18.0000          4.0000         41.4856
  127         18.0037         16.0000         19.0000          4.0000         41.4609
  128         18.0037         16.0000         20.0000          4.0000         41.8361
  114         18.0037         16.0000         18.0000          1.0000          7.0010
  115         18.0037         16.0000         19.0000          1.0000          7.0033
  116         18.0037         16.0000         20.0000          1.0000         22.1677
  118         18.0037         16.0000         18.0000          2.0000          8.5254
  119         18.0037         16.0000         19.0000          2.0000          8.5148
  120         18.0037         16.0000         20.0000          2.0000         23.5460
  122         18.0037         16.0000         18.0000          3.0000         24.8387
  123         18.0037         16.0000         19.0000          3.0000         24.8160
  124         18.0037         16.0000         20.0000          3.0000         32.4922
  126         18.0037         16.0000         18.0000          4.0000         41.4803
  127         18.0037         16.0000         19.0000          4.0000         41.4556
  128         18.0037         16.0000         20.0000          4.0000         41.8312
  114         19.0012         16.0000         18.0000          1.0000          1.9685
  115         19.0012         16.0000         19.0000          1.0000          1.9652
  116         19.0012         16.0000         20.0000          1.0000          3.8204
  118         19.0012         16.0000         18.0000          2.0000          2.3905
  119         19.0012         16.0000         19.0000          2.0000          2.3859
  120         19.0012         16.0000         20.0000          2.0000          4.2202
  122         19.0012         16.0000         18.0000          3.0000          2.9306
  123         19.0012         16.0000         19.0000          3.0000          2.9255
  124         19.0012         16.0000         20.0000          3.0000          4.7220
  126         19.0012         16.0000         18.0000          4.0000          5.2349
  127         19.0012         16.0000         19.0000          4.0000          5.2305
  128         19.0012         16.0000         20.0000          4.0000          6.1682
  114         19.0012         16.0000         18.0000          1.0000          1.9661
  115         19.0012         16.0000         19.0000          1.0000          1.9629
  116         19.0012         16.0000         20.0000          1.0000          3.8184
  118         19.0012         16.0000         18.0000          2.0000          2.3884
  119         19.0012         16.0000         19.0000          2.0000          2.3839
  120         19.0012         16.0000         20.0000          2.0000          4.2183
  122         19.0012         16.0000         18.0000          3.0000          2.9289
  123         19.0012         16.0000         19.0000          3.0000          2.9239
  124         19.0012         16.0000         20.0000          3.0000          4.7205
  126         19.0012         16.0000         18.0000          4.0000          5.2336
  127         19.0012         16.0000         19.0000          4.0000          5.2293
  128         19.0012         16.0000         20.0000          4.0000          6.1671
  114         19.0012         16.0000         18.0000          1.0000          1.9636
  115         19.0012         16.0000         19.0000          1.0000          1.9605
  116         19.0012         16.0000         20.0000          1.0000          3.8163
  118         19.0012         16.0000         18.0000          2.0000          2.3863
  119         19.0012         16.0000         19.0000          2.0000          2.3819
  120         19.0012         16.0000         20.0000          2.0000          4.2165
  122         19.0012         16.0000         18.0000          3.0000          2.9272
  123         19.0012         16.0000         19.0000          3.0000          2.9222
  124         19.0012         16.0000         20.0000          3.0000          4.7190
  126         19.0012         16.0000         18.0000          4.0000          5.2324
  127         19.0012         16.0000         19.0000          4.0000          5.2280
  128         19.0012         16.0000         20.0000          4.0000          6.1660
  114         20.0036         16.0000         18.0000          1.0000          0.0000
  115         20.0036         16.0000         19.0000          1.0000          0.0000
  116         20.0036         16.0000         20.0000          1.0000          0.0000
  118         20.0036         16.0000         18.0000          2.0000          0.0000
  119         20.0036         16.0000         19.0000          2.0000          0.0000
  120         20.0036         16.0000         20.0000          2.0000          0.0000
  122         20.0036         16.0000         18.0000          3.0000          0.0000
  123         20.0036         16.0000         19.0000          3.0000          0.0000
  124         20.0036         16.0000         20.0000          3.0000          0.0000
  126         20.0036         16.0000         18.0000          4.0000          0.0000
  127         20.0036         16.0000         19.0000          4.0000          0.0000
  128         20.0036         16.0000         20.0000          4.0000          0.0000
  114         20.0036         16.0000         18.0000          1.0000          0.0000
  115         20.0036         16.0000         19.0000          1.0000          0.0000
  116         20.0036         16.0000         20.0000          1.0000          0.0000
  118         20.0036         16.0000         18.0000          2.0000          0.0000
  119         20.0036         16.0000         19.0000          2.0000          0.0000
  120         20.0036         16.0000         20.0000          2.0000          0.0000
  122         20.0036         16.0000         18.0000          3.0000          0.0000
  123         20.0036         16.0000         19.0000          3.0000          0.0000
  124         20.0036         16.0000         20.0000          3.0000          0.0000
  126         20.0036         16.0000         18.0000          4.0000          0.0000
  127         20.0036         16.0000         19.0000          4.0000          0.0000
  128         20.0036         16.0000         20.0000          4.0000          0.0000
  114         20.0036         16.0000         18.0000          1.0000          0.0000
  115         20.0036         16.0000         19.0000          1.0000          0.0000
  116         20.0036         16.0000         20.0000          1.0000          0.0000
  118         20.0036         16.0000         18.0000          2.0000          0.0000
  119         20.0036         16.0000         19.0000          2.0000          0.0000
  120         20.0036         16.0000         20.0000          2.0000          0.0000
  122         20.0036         16.0000         18.0000          3.0000          0.0000
  123         20.0036         16.0000         19.0000          3.0000          0.0000
  124         20.0036         16.0000         20.0000          3.0000          0.0000
  126         20.0036         16.0000         18.0000          4.0000          0.0000
  127         20.0036         16.0000         19.0000          4.0000          0.0000
  128         20.0036         16.0000         20.0000          4.0000          0.0000
  114         21.0011         16.0000         18.0000          1.0000          0.0000
  115         21.0011         16.0000         19.0000          1.0000          0.0000
  116         21.0011         16.0000         20.0000          1.0000          0.0000
  118         21.0011         16.0000         18.0000          2.0000          0.0000
  119         21.0011         16.0000         19.0000          2.0000          0.0000
  120         21.0011         16.0000         20.0000          2.0000          0.0000
  122         21.0011         16.0000         18.0000          3.0000          0.0000
  123         21.0011         16.0000         19.0000          3.0000          0.0000
  124         21.0011         16.0000         20.0000          3.0000          0.0000
  126         21.0011         16.0000         18.0000          4.0000          0.0000
  127         21.0011         16.0000         19.0000          4.0000          0.0000
  128         21.0011         16.0000         20.0000          4.0000          0.0000
  114         21.0011         16.0000         18.0000          1.0000          0.0000
  115         21.0011         16.0000         19.0000          1.0000          0.0000
  116         21.0011         16.0000         20.0000          1.0000          0.0000
  118         21.0011         16.0000         18.0000          2.0000          0.0000
  119         21.0011         16.0000         19.0000          2.0000          0.0000
  120         21.0011         16.0000         20.0000          2.0000          0.0000
  122         21.0011         16.0000         18.0000          3.0000          0.0000
  123         21.0011         16.0000         19.0000          3.0000          0.0000
  124         21.0011         16.0000         20.0000          3.0000          0.0000
  126         21.0011         16.0000         18.0000          4.0000          0.0000
  127         21.0011         16.0000         19.0000          4.0000          0.0000
  128         21.0011         16.0000         20.0000          4.0000          0.0000
  114         21.0011         16.0000         18.0000          1.0000          0.0000
  115         21.0011         16.0000         19.0000          1.0000          0.0000
  116         21.0011         16.0000         20.0000          1.0000          0.0000
  118         21.0011         16.0000         18.0000          2.0000          0.0000
  119         21.0011         16.0000         19.0000          2.0000          0.0000
  120         21.0011         16.0000         20.0000          2.0000          0.0000
  122         21.0011         16.0000         18.0000          3.0000          0.0000
  123         21.0011         16.0000         19.0000          3.0000          0.0000
  124         21.0011         16.0000         20.0000          3.0000          0.0000
  126         21.0011         16.0000         18.0000          4.0000          0.0000
  127         21.0011         16.0000         19.0000          4.0000          0.0000
  128         21.0011         16.0000         20.0000          4.0000          0.0000
  114         22.0025         16.0000         18.0000          1.0000          0.0000
  115         22.0025         16.0000         19.0000          1.0000          0.0000
  116         22.0025         16.0000         20.0000          1.0000          0.0000
  118         22.0025         16.0000         18.0000          2.0000          0.0000
  119         22.0025         16.0000         19.0000          2.0000          0.0000
  120         22.0025         16.0000         20.0000          2.0000          0.0000
  122         22.0025         16.0000         18.0000          3.0000          0.0000
  123         22.0025         16.0000         19.0000          3.0000          0.0000
  124         22.0025         16.0000         20.0000          3.0000          0.0000
  126         22.0025         16.0000         18.0000          4.0000          0.0000
  127         22.0025         16.0000         19.0000          4.0000          0.0000
  128         22.0025         16.0000         20.0000          4.0000          0.0000
  114         22.0025         16.0000         18.0000          1.0000          0.0000
  115         22.0025         16.0000         19.0000          1.0000          0.0000
  116         22.0025         16.0000         20.0000          1.0000          0.0000
  118         22.0025         16.0000         18.0000          2.0000          0.0000
  119         22.0025         16.0000         19.0000          2.0000          0.0000
  120         22.0025         16.0000         20.0000          2.0000          0.0000
  122         22.0025         16.0000         18.0000          3.0000          0.0000
  123         22.0025         16.0000         19.0000          3.0000          0.0000
  124         22.0025         16.0000         20.0000          3.0000          0.0000
  126         22.0025         16.0000         18.0000          4.0000          0.0000
  127         22.0025         16.0000         19.0000          4.0000          0.0000
  128         22.0025         16.0000         20.0000          4.0000          0.0000
  114         22.0025         16.0000         18.0000          1.0000          0.0000
  115         22.0025         16.0000         19.0000          1.0000          0.0000
  116         22.0025         16.0000         20.0000          1.0000          0.0000
  118         22.0025         16.0000         18.0000          2.0000          0.0000
  119         22.0025         16.0000         19.0000          2.0000          0.0000
  120         22.0025         16.0000         20.0000          2.0000          0.0000
  122         22.0025         16.0000         18.0000          3.0000          0.0000
  123         22.0025         16.0000         19.0000          3.0000          0.0000
  124         22.0025         16.0000         20.0000          3.0000          0.0000
  126         22.0025         16.0000         18.0000          4.0000          0.0000
  127         22.0025         16.0000         19.0000          4.0000          0.0000
  128         22.0025         16.0000         20.0000          4.0000          0.0000
  114         23.0064         16.0000         18.0000          1.0000          0.0000
  115         23.0064         16.0000         19.0000          1.0000          0.0000
  116         23.0064         16.0000         20.0000          1.0000          0.0000
  118         23.0064         16.0000         18.0000          2.0000          0.0000
  119         23.0064         16.0000         19.0000          2.0000          0.0000
  120         23.0064         16.0000         20.0000          2.0000          0.0000
  122         23.0064         16.0000         18.0000          3.0000          0.0000
  123         23.0064         16.0000         19.0000          3.0000          0.0000
  124         23.0064         16.0000         20.0000          3.0000          0.0000
  126         23.0064         16.0000         18.0000          4.0000          0.0000
  127         23.0064         16.0000         19.0000          4.0000          0.0000
  128         23.0064         16.0000         20.0000          4.0000          0.0000
  114         23.0064         16.0000         18.0000          1.0000          0.0000
  115         23.0064         16.0000         19.0000          1.0000          0.0000
  116         23.0064         16.0000         20.0000          1.0000          0.0000
  118         23.0064         16.0000         18.0000          2.0000          0.0000
  119         23.0064         16.0000         19.0000          2.0000          0.0000
  120         23.0064         16.0000         20.0000          2.0000          0.0000
  122         23.0064         16.0000         18.0000          3.0000          0.0000
  123         23.0064         16.0000         19.0000          3.0000          0.0000
  124         23.0064         16.0000         20.0000          3.0000          0.0000
  126         23.0064         16.0000         18.0000          4.0000          0.0000
  127         23.0064         16.0000         19.0000          4.0000          0.0000
  128         23.0064         16.0000         20.0000          4.0000          0.0000
  114         23.0064         16.0000         18.0000          1.0000          0.0000
  115         23.0064         16.0000         19.0000          1.0000          0.0000
  116         23.0064         16.0000         20.0000          1.0000          0.0000
  118         23.0064         16.0000         18.0000          2.0000          0.0000
  119         23.0064         16.0000         19.0000          2.0000          0.0000
  120         23.0064         16.0000         20.0000          2.0000          0.0000
  122         23.0064         16.0000         18.0000          3.0000          0.0000
  123         23.0064         16.0000         19.0000          3.0000          0.0000
  124         23.0064         16.0000         20.0000          3.0000          0.0000
  126         23.0064         16.0000         18.0000          4.0000          0.0000
  127         23.0064         16.0000         19.0000          4.0000          0.0000
  128         23.0064         16.0000         20.0000          4.0000          0.0000
