   82          1.0013         21.0000         18.0000          1.0000         -2.7803
   83          1.0013         21.0000         19.0000          1.0000         -2.8378
   84          1.0013         21.0000         20.0000          1.0000         -3.0419
   86          1.0013         21.0000         18.0000          2.0000         -3.3030
   87          1.0013         21.0000         19.0000          2.0000         -3.3523
   88          1.0013         21.0000         20.0000          2.0000         -3.5361
   90          1.0013         21.0000         18.0000          3.0000         -4.0406
   91          1.0013         21.0000         19.0000          3.0000         -4.0891
   92          1.0013         21.0000         20.0000          3.0000         -4.2312
   94          1.0013         21.0000         18.0000          4.0000         -4.9785
   95          1.0013         21.0000         19.0000          4.0000         -5.0163
   96          1.0013         21.0000         20.0000          4.0000         -5.1278
   82          1.0013         21.0000         18.0000          1.0000         -2.7551
   83          1.0013         21.0000         19.0000          1.0000         -2.8120
   84          1.0013         21.0000         20.0000          1.0000         -3.0198
   86          1.0013         21.0000         18.0000          2.0000         -3.2805
   87          1.0013         21.0000         19.0000          2.0000         -3.3294
   88          1.0013         21.0000         20.0000          2.0000         -3.5163
   90          1.0013         21.0000         18.0000          3.0000         -4.0219
   91          1.0013         21.0000         19.0000          3.0000         -4.0701
   92          1.0013         21.0000         20.0000          3.0000         -4.2146
   94          1.0013         21.0000         18.0000          4.0000         -4.9646
   95          1.0013         21.0000         19.0000          4.0000         -5.0023
   96          1.0013         21.0000         20.0000          4.0000         -5.1155
   82          1.0013         21.0000         18.0000          1.0000         -2.7457
   83          1.0013         21.0000         19.0000          1.0000         -2.8024
   84          1.0013         21.0000         20.0000          1.0000         -3.0112
   86          1.0013         21.0000         18.0000          2.0000         -3.2714
   87          1.0013         21.0000         19.0000          2.0000         -3.3201
   88          1.0013         21.0000         20.0000          2.0000         -3.5080
   90          1.0013         21.0000         18.0000          3.0000         -4.0136
   91          1.0013         21.0000         19.0000          3.0000         -4.0617
   92          1.0013         21.0000         20.0000          3.0000         -4.2070
   94          1.0013         21.0000         18.0000          4.0000         -4.9579
   95          1.0013         21.0000         19.0000          4.0000         -4.9955
   96          1.0013         21.0000         20.0000          4.0000         -5.1095
   82          1.0085         21.0000         18.0000          1.0000         -2.7839
   83          1.0085         21.0000         19.0000          1.0000         -2.8415
   84          1.0085         21.0000         20.0000          1.0000         -3.0458
   86          1.0085         21.0000         18.0000          2.0000         -3.3066
   87          1.0085         21.0000         19.0000          2.0000         -3.3560
   88          1.0085         21.0000         20.0000          2.0000         -3.5398
   90          1.0085         21.0000         18.0000          3.0000         -4.0440
   91          1.0085         21.0000         19.0000          3.0000         -4.0925
   92          1.0085         21.0000         20.0000          3.0000         -4.2347
   94          1.0085         21.0000         18.0000          4.0000         -4.9818
   95          1.0085         21.0000         19.0000          4.0000         -5.0197
   96          1.0085         21.0000         20.0000          4.0000         -5.1312
   82          1.0085         21.0000         18.0000          1.0000         -2.7598
   83          1.0085         21.0000         19.0000          1.0000         -2.8168
   84          1.0085         21.0000         20.0000          1.0000         -3.0245
   86          1.0085         21.0000         18.0000          2.0000         -3.2857
   87          1.0085         21.0000         19.0000          2.0000         -3.3347
   88          1.0085         21.0000         20.0000          2.0000         -3.5214
   90          1.0085         21.0000         18.0000          3.0000         -4.0273
   91          1.0085         21.0000         19.0000          3.0000         -4.0756
   92          1.0085         21.0000         20.0000          3.0000         -4.2199
   94          1.0085         21.0000         18.0000          4.0000         -4.9701
   95          1.0085         21.0000         19.0000          4.0000         -5.0079
   96          1.0085         21.0000         20.0000          4.0000         -5.1210
   82          1.0085         21.0000         18.0000          1.0000         -2.7502
   83          1.0085         21.0000         19.0000          1.0000         -2.8070
   84          1.0085         21.0000         20.0000          1.0000         -3.0157
   86          1.0085         21.0000         18.0000          2.0000         -3.2763
   87          1.0085         21.0000         19.0000          2.0000         -3.3251
   88          1.0085         21.0000         20.0000          2.0000         -3.5128
   90          1.0085         21.0000         18.0000          3.0000         -4.0188
   91          1.0085         21.0000         19.0000          3.0000         -4.0669
   92          1.0085         21.0000         20.0000          3.0000         -4.2121
   94          1.0085         21.0000         18.0000          4.0000         -4.9632
   95          1.0085         21.0000         19.0000          4.0000         -5.0009
   96          1.0085         21.0000         20.0000          4.0000         -5.1147
   82          2.0075         21.0000         18.0000          1.0000         -3.1143
   83          2.0075         21.0000         19.0000          1.0000         -3.1779
   84          2.0075         21.0000         20.0000          1.0000         -3.4104
   86          2.0075         21.0000         18.0000          2.0000         -3.6782
   87          2.0075         21.0000         19.0000          2.0000         -3.7317
   88          2.0075         21.0000         20.0000          2.0000         -3.9364
   90          2.0075         21.0000         18.0000          3.0000         -4.4540
   91          2.0075         21.0000         19.0000          3.0000         -4.5049
   92          2.0075         21.0000         20.0000          3.0000         -4.6611
   94          2.0075         21.0000         18.0000          4.0000         -5.4604
   95          2.0075         21.0000         19.0000          4.0000         -5.4995
   96          2.0075         21.0000         20.0000          4.0000         -5.6212
   82          2.0075         21.0000         18.0000          1.0000         -3.0806
   83          2.0075         21.0000         19.0000          1.0000         -3.1435
   84          2.0075         21.0000         20.0000          1.0000         -3.3804
   86          2.0075         21.0000         18.0000          2.0000         -3.6487
   87          2.0075         21.0000         19.0000          2.0000         -3.7018
   88          2.0075         21.0000         20.0000          2.0000         -3.9101
   90          2.0075         21.0000         18.0000          3.0000         -4.4300
   91          2.0075         21.0000         19.0000          3.0000         -4.4807
   92          2.0075         21.0000         20.0000          3.0000         -4.6396
   94          2.0075         21.0000         18.0000          4.0000         -5.4430
   95          2.0075         21.0000         19.0000          4.0000         -5.4820
   96          2.0075         21.0000         20.0000          4.0000         -5.6057
   82          2.0075         21.0000         18.0000          1.0000         -3.0719
   83          2.0075         21.0000         19.0000          1.0000         -3.1346
   84          2.0075         21.0000         20.0000          1.0000         -3.3724
   86          2.0075         21.0000         18.0000          2.0000         -3.6401
   87          2.0075         21.0000         19.0000          2.0000         -3.6930
   88          2.0075         21.0000         20.0000          2.0000         -3.9022
   90          2.0075         21.0000         18.0000          3.0000         -4.4220
   91          2.0075         21.0000         19.0000          3.0000         -4.4726
   92          2.0075         21.0000         20.0000          3.0000         -4.6323
   94          2.0075         21.0000         18.0000          4.0000         -5.4365
   95          2.0075         21.0000         19.0000          4.0000         -5.4754
   96          2.0075         21.0000         20.0000          4.0000         -5.5997
   82          3.0133         21.0000         18.0000          1.0000         -2.9082
   83          3.0133         21.0000         19.0000          1.0000         -2.9656
   84          3.0133         21.0000         20.0000          1.0000         -3.1718
   86          3.0133         21.0000         18.0000          2.0000         -3.3777
   87          3.0133         21.0000         19.0000          2.0000         -3.4250
   88          3.0133         21.0000         20.0000          2.0000         -3.6053
   90          3.0133         21.0000         18.0000          3.0000         -4.0137
   91          3.0133         21.0000         19.0000          3.0000         -4.0579
   92          3.0133         21.0000         20.0000          3.0000         -4.1960
   94          3.0133         21.0000         18.0000          4.0000         -4.7827
   95          3.0133         21.0000         19.0000          4.0000         -4.8161
   96          3.0133         21.0000         20.0000          4.0000         -4.9229
   82          3.0133         21.0000         18.0000          1.0000         -2.8873
   83          3.0133         21.0000         19.0000          1.0000         -2.9442
   84          3.0133         21.0000         20.0000          1.0000         -3.1529
   86          3.0133         21.0000         18.0000          2.0000         -3.3590
   87          3.0133         21.0000         19.0000          2.0000         -3.4060
   88          3.0133         21.0000         20.0000          2.0000         -3.5885
   90          3.0133         21.0000         18.0000          3.0000         -3.9982
   91          3.0133         21.0000         19.0000          3.0000         -4.0422
   92          3.0133         21.0000         20.0000          3.0000         -4.1819
   94          3.0133         21.0000         18.0000          4.0000         -4.7714
   95          3.0133         21.0000         19.0000          4.0000         -4.8047
   96          3.0133         21.0000         20.0000          4.0000         -4.9128
   82          3.0133         21.0000         18.0000          1.0000         -2.8750
   83          3.0133         21.0000         19.0000          1.0000         -2.9316
   84          3.0133         21.0000         20.0000          1.0000         -3.1416
   86          3.0133         21.0000         18.0000          2.0000         -3.3473
   87          3.0133         21.0000         19.0000          2.0000         -3.3941
   88          3.0133         21.0000         20.0000          2.0000         -3.5778
   90          3.0133         21.0000         18.0000          3.0000         -3.9878
   91          3.0133         21.0000         19.0000          3.0000         -4.0317
   92          3.0133         21.0000         20.0000          3.0000         -4.1724
   94          3.0133         21.0000         18.0000          4.0000         -4.7632
   95          3.0133         21.0000         19.0000          4.0000         -4.7964
   96          3.0133         21.0000         20.0000          4.0000         -4.9052
   82          4.0157         21.0000         18.0000          1.0000         -2.9693
   83          4.0157         21.0000         19.0000          1.0000         -3.0285
   84          4.0157         21.0000         20.0000          1.0000         -3.2413
   86          4.0157         21.0000         18.0000          2.0000         -3.4314
   87          4.0157         21.0000         19.0000          2.0000         -3.4790
   88          4.0157         21.0000         20.0000          2.0000         -3.6631
   90          4.0157         21.0000         18.0000          3.0000         -4.0500
   91          4.0157         21.0000         19.0000          3.0000         -4.0935
   92          4.0157         21.0000         20.0000          3.0000         -4.2340
   94          4.0157         21.0000         18.0000          4.0000         -4.8027
   95          4.0157         21.0000         19.0000          4.0000         -4.8352
   96          4.0157         21.0000         20.0000          4.0000         -4.9437
   82          4.0157         21.0000         18.0000          1.0000         -2.9504
   83          4.0157         21.0000         19.0000          1.0000         -3.0091
   84          4.0157         21.0000         20.0000          1.0000         -3.2245
   86          4.0157         21.0000         18.0000          2.0000         -3.4148
   87          4.0157         21.0000         19.0000          2.0000         -3.4621
   88          4.0157         21.0000         20.0000          2.0000         -3.6483
   90          4.0157         21.0000         18.0000          3.0000         -4.0366
   91          4.0157         21.0000         19.0000          3.0000         -4.0800
   92          4.0157         21.0000         20.0000          3.0000         -4.2221
   94          4.0157         21.0000         18.0000          4.0000         -4.7937
   95          4.0157         21.0000         19.0000          4.0000         -4.8261
   96          4.0157         21.0000         20.0000          4.0000         -4.9358
   82          4.0157         21.0000         18.0000          1.0000         -2.9385
   83          4.0157         21.0000         19.0000          1.0000         -2.9969
   84          4.0157         21.0000         20.0000          1.0000         -3.2136
   86          4.0157         21.0000         18.0000          2.0000         -3.4035
   87          4.0157         21.0000         19.0000          2.0000         -3.4506
   88          4.0157         21.0000         20.0000          2.0000         -3.6380
   90          4.0157         21.0000         18.0000          3.0000         -4.0267
   91          4.0157         21.0000         19.0000          3.0000         -4.0699
   92          4.0157         21.0000         20.0000          3.0000         -4.2130
   94          4.0157         21.0000         18.0000          4.0000         -4.7857
   95          4.0157         21.0000         19.0000          4.0000         -4.8181
   96          4.0157         21.0000         20.0000          4.0000         -4.9286
   82          5.0182         21.0000         18.0000          1.0000         -2.8702
   83          5.0182         21.0000         19.0000          1.0000         -2.9298
   84          5.0182         21.0000         20.0000          1.0000         -3.1476
   86          5.0182         21.0000         18.0000          2.0000         -3.3282
   87          5.0182         21.0000         19.0000          2.0000         -3.3753
   88          5.0182         21.0000         20.0000          2.0000         -3.5623
   90          5.0182         21.0000         18.0000          3.0000         -3.9338
   91          5.0182         21.0000         19.0000          3.0000         -3.9763
   92          5.0182         21.0000         20.0000          3.0000         -4.1185
   94          5.0182         21.0000         18.0000          4.0000         -4.6723
   95          5.0182         21.0000         19.0000          4.0000         -4.7037
   96          5.0182         21.0000         20.0000          4.0000         -4.8135
   82          5.0182         21.0000         18.0000          1.0000         -2.8504
   83          5.0182         21.0000         19.0000          1.0000         -2.9095
   84          5.0182         21.0000         20.0000          1.0000         -3.1298
   86          5.0182         21.0000         18.0000          2.0000         -3.3105
   87          5.0182         21.0000         19.0000          2.0000         -3.3574
   88          5.0182         21.0000         20.0000          2.0000         -3.5464
   90          5.0182         21.0000         18.0000          3.0000         -3.9193
   91          5.0182         21.0000         19.0000          3.0000         -3.9616
   92          5.0182         21.0000         20.0000          3.0000         -4.1054
   94          5.0182         21.0000         18.0000          4.0000         -4.6619
   95          5.0182         21.0000         19.0000          4.0000         -4.6932
   96          5.0182         21.0000         20.0000          4.0000         -4.8042
   82          5.0182         21.0000         18.0000          1.0000         -2.8383
   83          5.0182         21.0000         19.0000          1.0000         -2.8972
   84          5.0182         21.0000         20.0000          1.0000         -3.1188
   86          5.0182         21.0000         18.0000          2.0000         -3.2991
   87          5.0182         21.0000         19.0000          2.0000         -3.3458
   88          5.0182         21.0000         20.0000          2.0000         -3.5360
   90          5.0182         21.0000         18.0000          3.0000         -3.9092
   91          5.0182         21.0000         19.0000          3.0000         -3.9513
   92          5.0182         21.0000         20.0000          3.0000         -4.0962
   94          5.0182         21.0000         18.0000          4.0000         -4.6539
   95          5.0182         21.0000         19.0000          4.0000         -4.6851
   96          5.0182         21.0000         20.0000          4.0000         -4.7968
   82          6.0271         21.0000         18.0000          1.0000         -3.4822
   83          6.0271         21.0000         19.0000          1.0000         -3.5429
   84          6.0271         21.0000         20.0000          1.0000         -3.7638
   86          6.0271         21.0000         18.0000          2.0000         -3.9257
   87          6.0271         21.0000         19.0000          2.0000         -3.9727
   88          6.0271         21.0000         20.0000          2.0000         -4.1600
   90          6.0271         21.0000         18.0000          3.0000         -4.5056
   91          6.0271         21.0000         19.0000          3.0000         -4.5470
   92          6.0271         21.0000         20.0000          3.0000         -4.6888
   94          6.0271         21.0000         18.0000          4.0000         -5.2118
   95          6.0271         21.0000         19.0000          4.0000         -5.2420
   96          6.0271         21.0000         20.0000          4.0000         -5.3509
   82          6.0271         21.0000         18.0000          1.0000         -3.4600
   83          6.0271         21.0000         19.0000          1.0000         -3.5202
   84          6.0271         21.0000         20.0000          1.0000         -3.7437
   86          6.0271         21.0000         18.0000          2.0000         -3.9059
   87          6.0271         21.0000         19.0000          2.0000         -3.9526
   88          6.0271         21.0000         20.0000          2.0000         -4.1422
   90          6.0271         21.0000         18.0000          3.0000         -4.4892
   91          6.0271         21.0000         19.0000          3.0000         -4.5303
   92          6.0271         21.0000         20.0000          3.0000         -4.6739
   94          6.0271         21.0000         18.0000          4.0000         -5.1998
   95          6.0271         21.0000         19.0000          4.0000         -5.2299
   96          6.0271         21.0000         20.0000          4.0000         -5.3400
   82          6.0271         21.0000         18.0000          1.0000         -3.4474
   83          6.0271         21.0000         19.0000          1.0000         -3.5072
   84          6.0271         21.0000         20.0000          1.0000         -3.7321
   86          6.0271         21.0000         18.0000          2.0000         -3.8940
   87          6.0271         21.0000         19.0000          2.0000         -3.9404
   88          6.0271         21.0000         20.0000          2.0000         -4.1312
   90          6.0271         21.0000         18.0000          3.0000         -4.4787
   91          6.0271         21.0000         19.0000          3.0000         -4.5197
   92          6.0271         21.0000         20.0000          3.0000         -4.6643
   94          6.0271         21.0000         18.0000          4.0000         -5.1915
   95          6.0271         21.0000         19.0000          4.0000         -5.2214
   96          6.0271         21.0000         20.0000          4.0000         -5.3323
   82          7.0186         21.0000         18.0000          1.0000         -3.5134
   83          7.0186         21.0000         19.0000          1.0000         -3.5726
   84          7.0186         21.0000         20.0000          1.0000         -3.7922
   86          7.0186         21.0000         18.0000          2.0000         -3.9400
   87          7.0186         21.0000         19.0000          2.0000         -3.9853
   88          7.0186         21.0000         20.0000          2.0000         -4.1705
   90          7.0186         21.0000         18.0000          3.0000         -4.4934
   91          7.0186         21.0000         19.0000          3.0000         -4.5328
   92          7.0186         21.0000         20.0000          3.0000         -4.6728
   94          7.0186         21.0000         18.0000          4.0000         -5.1686
   95          7.0186         21.0000         19.0000          4.0000         -5.1971
   96          7.0186         21.0000         20.0000          4.0000         -5.3045
   82          7.0186         21.0000         18.0000          1.0000         -3.4765
   83          7.0186         21.0000         19.0000          1.0000         -3.5350
   84          7.0186         21.0000         20.0000          1.0000         -3.7565
   86          7.0186         21.0000         18.0000          2.0000         -3.9032
   87          7.0186         21.0000         19.0000          2.0000         -3.9481
   88          7.0186         21.0000         20.0000          2.0000         -4.1349
   90          7.0186         21.0000         18.0000          3.0000         -4.4577
   91          7.0186         21.0000         19.0000          3.0000         -4.4967
   92          7.0186         21.0000         20.0000          3.0000         -4.6381
   94          7.0186         21.0000         18.0000          4.0000         -5.1348
   95          7.0186         21.0000         19.0000          4.0000         -5.1630
   96          7.0186         21.0000         20.0000          4.0000         -5.2715
   82          7.0186         21.0000         18.0000          1.0000         -3.4610
   83          7.0186         21.0000         19.0000          1.0000         -3.5192
   84          7.0186         21.0000         20.0000          1.0000         -3.7422
   86          7.0186         21.0000         18.0000          2.0000         -3.8886
   87          7.0186         21.0000         19.0000          2.0000         -3.9332
   88          7.0186         21.0000         20.0000          2.0000         -4.1214
   90          7.0186         21.0000         18.0000          3.0000         -4.4448
   91          7.0186         21.0000         19.0000          3.0000         -4.4836
   92          7.0186         21.0000         20.0000          3.0000         -4.6262
   94          7.0186         21.0000         18.0000          4.0000         -5.1245
   95          7.0186         21.0000         19.0000          4.0000         -5.1527
   96          7.0186         21.0000         20.0000          4.0000         -5.2621
   82          8.0102         21.0000         18.0000          1.0000         -0.9188
   83          8.0102         21.0000         19.0000          1.0000         -0.9581
   84          8.0102         21.0000         20.0000          1.0000         -0.8763
   86          8.0102         21.0000         18.0000          2.0000         -0.8899
   87          8.0102         21.0000         19.0000          2.0000         -0.9180
   88          8.0102         21.0000         20.0000          2.0000         -0.8290
   90          8.0102         21.0000         18.0000          3.0000         -0.8766
   91          8.0102         21.0000         19.0000          3.0000         -0.8998
   92          8.0102         21.0000         20.0000          3.0000         -0.8057
   94          8.0102         21.0000         18.0000          4.0000         -0.7710
   95          8.0102         21.0000         19.0000          4.0000         -0.7869
   96          8.0102         21.0000         20.0000          4.0000         -0.7416
   82          8.0102         21.0000         18.0000          1.0000         -0.8578
   83          8.0102         21.0000         19.0000          1.0000         -0.8957
   84          8.0102         21.0000         20.0000          1.0000         -0.7878
   86          8.0102         21.0000         18.0000          2.0000         -0.8267
   87          8.0102         21.0000         19.0000          2.0000         -0.8537
   88          8.0102         21.0000         20.0000          2.0000         -0.7408
   90          8.0102         21.0000         18.0000          3.0000         -0.8123
   91          8.0102         21.0000         19.0000          3.0000         -0.8348
   92          8.0102         21.0000         20.0000          3.0000         -0.7181
   94          8.0102         21.0000         18.0000          4.0000         -0.6845
   95          8.0102         21.0000         19.0000          4.0000         -0.6998
   96          8.0102         21.0000         20.0000          4.0000         -0.6460
   82          8.0102         21.0000         18.0000          1.0000         -0.8383
   83          8.0102         21.0000         19.0000          1.0000         -0.8754
   84          8.0102         21.0000         20.0000          1.0000         -0.7701
   86          8.0102         21.0000         18.0000          2.0000         -0.8082
   87          8.0102         21.0000         19.0000          2.0000         -0.8347
   88          8.0102         21.0000         20.0000          2.0000         -0.7247
   90          8.0102         21.0000         18.0000          3.0000         -0.7960
   91          8.0102         21.0000         19.0000          3.0000         -0.8180
   92          8.0102         21.0000         20.0000          3.0000         -0.7040
   94          8.0102         21.0000         18.0000          4.0000         -0.6726
   95          8.0102         21.0000         19.0000          4.0000         -0.6876
   96          8.0102         21.0000         20.0000          4.0000         -0.6353
   82          9.0088         21.0000         18.0000          1.0000         11.0514
   83          9.0088         21.0000         19.0000          1.0000         11.1158
   84          9.0088         21.0000         20.0000          1.0000         20.2143
   86          9.0088         21.0000         18.0000          2.0000         13.6021
   87          9.0088         21.0000         19.0000          2.0000         13.6410
   88          9.0088         21.0000         20.0000          2.0000         22.5442
   90          9.0088         21.0000         18.0000          3.0000         24.7055
   91          9.0088         21.0000         19.0000          3.0000         24.7049
   92          9.0088         21.0000         20.0000          3.0000         29.6068
   94          9.0088         21.0000         18.0000          4.0000         36.9845
   95          9.0088         21.0000         19.0000          4.0000         36.9602
   96          9.0088         21.0000         20.0000          4.0000         37.4526
   82          9.0088         21.0000         18.0000          1.0000         11.1466
   83          9.0088         21.0000         19.0000          1.0000         11.2132
   84          9.0088         21.0000         20.0000          1.0000         20.3416
   86          9.0088         21.0000         18.0000          2.0000         13.7031
   87          9.0088         21.0000         19.0000          2.0000         13.7435
   88          9.0088         21.0000         20.0000          2.0000         22.6724
   90          9.0088         21.0000         18.0000          3.0000         24.8334
   91          9.0088         21.0000         19.0000          3.0000         24.8338
   92          9.0088         21.0000         20.0000          3.0000         29.7469
   94          9.0088         21.0000         18.0000          4.0000         37.1348
   95          9.0088         21.0000         19.0000          4.0000         37.1109
   96          9.0088         21.0000         20.0000          4.0000         37.6022
   82          9.0088         21.0000         18.0000          1.0000         11.1761
   83          9.0088         21.0000         19.0000          1.0000         11.2434
   84          9.0088         21.0000         20.0000          1.0000         20.3714
   86          9.0088         21.0000         18.0000          2.0000         13.7317
   87          9.0088         21.0000         19.0000          2.0000         13.7727
   88          9.0088         21.0000         20.0000          2.0000         22.7001
   90          9.0088         21.0000         18.0000          3.0000         24.8593
   91          9.0088         21.0000         19.0000          3.0000         24.8600
   92          9.0088         21.0000         20.0000          3.0000         29.7707
   94          9.0088         21.0000         18.0000          4.0000         37.1541
   95          9.0088         21.0000         19.0000          4.0000         37.1305
   96          9.0088         21.0000         20.0000          4.0000         37.6199
   82         10.0006         21.0000         18.0000          1.0000         33.1776
   83         10.0006         21.0000         19.0000          1.0000         33.5827
   84         10.0006         21.0000         20.0000          1.0000         55.9176
   86         10.0006         21.0000         18.0000          2.0000         73.4508
   87         10.0006         21.0000         19.0000          2.0000         73.7525
   88         10.0006         21.0000         20.0000          2.0000         78.5031
   90         10.0006         21.0000         18.0000          3.0000         83.3817
   91         10.0006         21.0000         19.0000          3.0000         83.4919
   92         10.0006         21.0000         20.0000          3.0000         86.2431
   94         10.0006         21.0000         18.0000          4.0000         94.6985
   95         10.0006         21.0000         19.0000          4.0000         94.7012
   96         10.0006         21.0000         20.0000          4.0000         95.9439
   82         10.0006         21.0000         18.0000          1.0000         33.2874
   83         10.0006         21.0000         19.0000          1.0000         33.6978
   84         10.0006         21.0000         20.0000          1.0000         56.0435
   86         10.0006         21.0000         18.0000          2.0000         73.5768
   87         10.0006         21.0000         19.0000          2.0000         73.8836
   88         10.0006         21.0000         20.0000          2.0000         78.6343
   90         10.0006         21.0000         18.0000          3.0000         83.5036
   91         10.0006         21.0000         19.0000          3.0000         83.6184
   92         10.0006         21.0000         20.0000          3.0000         86.3687
   94         10.0006         21.0000         18.0000          4.0000         94.8119
   95         10.0006         21.0000         19.0000          4.0000         94.8184
   96         10.0006         21.0000         20.0000          4.0000         96.0600
   82         10.0006         21.0000         18.0000          1.0000         33.3205
   83         10.0006         21.0000         19.0000          1.0000         33.7316
   84         10.0006         21.0000         20.0000          1.0000         56.0776
   86         10.0006         21.0000         18.0000          2.0000         73.6120
   87         10.0006         21.0000         19.0000          2.0000         73.9194
   88         10.0006         21.0000         20.0000          2.0000         78.6676
   90         10.0006         21.0000         18.0000          3.0000         83.5350
   91         10.0006         21.0000         19.0000          3.0000         83.6503
   92         10.0006         21.0000         20.0000          3.0000         86.3985
   94         10.0006         21.0000         18.0000          4.0000         94.8373
   95         10.0006         21.0000         19.0000          4.0000         94.8442
   96         10.0006         21.0000         20.0000          4.0000         96.0840
   82         11.0019         21.0000         18.0000          1.0000         85.7634
   83         11.0019         21.0000         19.0000          1.0000         86.1455
   84         11.0019         21.0000         20.0000          1.0000         94.7195
   86         11.0019         21.0000         18.0000          2.0000        101.1067
   87         11.0019         21.0000         19.0000          2.0000        101.4401
   88         11.0019         21.0000         20.0000          2.0000        105.7185
   90         11.0019         21.0000         18.0000          3.0000        113.3965
   91         11.0019         21.0000         19.0000          3.0000        113.5626
   92         11.0019         21.0000         20.0000          3.0000        116.4701
   94         11.0019         21.0000         18.0000          4.0000        128.7976
   95         11.0019         21.0000         19.0000          4.0000        128.8432
   96         11.0019         21.0000         20.0000          4.0000        130.8702
   82         11.0019         21.0000         18.0000          1.0000         85.8662
   83         11.0019         21.0000         19.0000          1.0000         86.2498
   84         11.0019         21.0000         20.0000          1.0000         94.8161
   86         11.0019         21.0000         18.0000          2.0000        101.2002
   87         11.0019         21.0000         19.0000          2.0000        101.5346
   88         11.0019         21.0000         20.0000          2.0000        105.8062
   90         11.0019         21.0000         18.0000          3.0000        113.4774
   91         11.0019         21.0000         19.0000          3.0000        113.6441
   92         11.0019         21.0000         20.0000          3.0000        116.5466
   94         11.0019         21.0000         18.0000          4.0000        128.8638
   95         11.0019         21.0000         19.0000          4.0000        128.9098
   96         11.0019         21.0000         20.0000          4.0000        130.9333
   82         11.0019         21.0000         18.0000          1.0000         85.8972
   83         11.0019         21.0000         19.0000          1.0000         86.2809
   84         11.0019         21.0000         20.0000          1.0000         94.8446
   86         11.0019         21.0000         18.0000          2.0000        101.2294
   87         11.0019         21.0000         19.0000          2.0000        101.5641
   88         11.0019         21.0000         20.0000          2.0000        105.8331
   90         11.0019         21.0000         18.0000          3.0000        113.5032
   91         11.0019         21.0000         19.0000          3.0000        113.6700
   92         11.0019         21.0000         20.0000          3.0000        116.5704
   94         11.0019         21.0000         18.0000          4.0000        128.8844
   95         11.0019         21.0000         19.0000          4.0000        128.9304
   96         11.0019         21.0000         20.0000          4.0000        130.9523
   82         12.0048         21.0000         18.0000          1.0000         87.8627
   83         12.0048         21.0000         19.0000          1.0000         88.2348
   84         12.0048         21.0000         20.0000          1.0000         93.7588
   86         12.0048         21.0000         18.0000          2.0000        100.1804
   87         12.0048         21.0000         19.0000          2.0000        100.5283
   88         12.0048         21.0000         20.0000          2.0000        104.5301
   90         12.0048         21.0000         18.0000          3.0000        113.1647
   91         12.0048         21.0000         19.0000          3.0000        113.3405
   92         12.0048         21.0000         20.0000          3.0000        115.9664
   94         12.0048         21.0000         18.0000          4.0000        128.8381
   95         12.0048         21.0000         19.0000          4.0000        128.8757
   96         12.0048         21.0000         20.0000          4.0000        130.7333
   82         12.0048         21.0000         18.0000          1.0000         83.8140
   83         12.0048         21.0000         19.0000          1.0000         84.2739
   84         12.0048         21.0000         20.0000          1.0000         90.1953
   86         12.0048         21.0000         18.0000          2.0000         99.1258
   87         12.0048         21.0000         19.0000          2.0000         99.5646
   88         12.0048         21.0000         20.0000          2.0000        103.6072
   90         12.0048         21.0000         18.0000          3.0000        113.0664
   91         12.0048         21.0000         19.0000          3.0000        113.2835
   92         12.0048         21.0000         20.0000          3.0000        115.6938
   94         12.0048         21.0000         18.0000          4.0000        128.7690
   95         12.0048         21.0000         19.0000          4.0000        128.8280
   96         12.0048         21.0000         20.0000          4.0000        130.4308
   82         12.0048         21.0000         18.0000          1.0000         83.5810
   83         12.0048         21.0000         19.0000          1.0000         84.0405
   84         12.0048         21.0000         20.0000          1.0000         90.0345
   86         12.0048         21.0000         18.0000          2.0000         99.1977
   87         12.0048         21.0000         19.0000          2.0000         99.6403
   88         12.0048         21.0000         20.0000          2.0000        103.7147
   90         12.0048         21.0000         18.0000          3.0000        113.2382
   91         12.0048         21.0000         19.0000          3.0000        113.4553
   92         12.0048         21.0000         20.0000          3.0000        115.8697
   94         12.0048         21.0000         18.0000          4.0000        128.9401
   95         12.0048         21.0000         19.0000          4.0000        128.9977
   96         12.0048         21.0000         20.0000          4.0000        130.5989
   82         12.0048         21.0000         18.0000          1.0000         83.5930
   83         12.0048         21.0000         19.0000          1.0000         84.0518
   84         12.0048         21.0000         20.0000          1.0000         90.0443
   86         12.0048         21.0000         18.0000          2.0000         99.1991
   87         12.0048         21.0000         19.0000          2.0000         99.6411
   88         12.0048         21.0000         20.0000          2.0000        103.7135
   90         12.0048         21.0000         18.0000          3.0000        113.2317
   91         12.0048         21.0000         19.0000          3.0000        113.4484
   92         12.0048         21.0000         20.0000          3.0000        115.8624
   94         12.0048         21.0000         18.0000          4.0000        128.9318
   95         12.0048         21.0000         19.0000          4.0000        128.9893
   96         12.0048         21.0000         20.0000          4.0000        130.5906
   82         13.0003         21.0000         18.0000          1.0000         90.7864
   83         13.0003         21.0000         19.0000          1.0000         91.3006
   84         13.0003         21.0000         20.0000          1.0000         97.7448
   86         13.0003         21.0000         18.0000          2.0000        105.7938
   87         13.0003         21.0000         19.0000          2.0000        106.1027
   88         13.0003         21.0000         20.0000          2.0000        110.0313
   90         13.0003         21.0000         18.0000          3.0000        118.3461
   91         13.0003         21.0000         19.0000          3.0000        118.4770
   92         13.0003         21.0000         20.0000          3.0000        121.0191
   94         13.0003         21.0000         18.0000          4.0000        133.7134
   95         13.0003         21.0000         19.0000          4.0000        133.7199
   96         13.0003         21.0000         20.0000          4.0000        135.5676
   82         13.0003         21.0000         18.0000          1.0000         90.8517
   83         13.0003         21.0000         19.0000          1.0000         91.3668
   84         13.0003         21.0000         20.0000          1.0000         97.8012
   86         13.0003         21.0000         18.0000          2.0000        105.8435
   87         13.0003         21.0000         19.0000          2.0000        106.1527
   88         13.0003         21.0000         20.0000          2.0000        110.0741
   90         13.0003         21.0000         18.0000          3.0000        118.3783
   91         13.0003         21.0000         19.0000          3.0000        118.5092
   92         13.0003         21.0000         20.0000          3.0000        121.0466
   94         13.0003         21.0000         18.0000          4.0000        133.7286
   95         13.0003         21.0000         19.0000          4.0000        133.7350
   96         13.0003         21.0000         20.0000          4.0000        135.5799
   82         13.0003         21.0000         18.0000          1.0000         90.8784
   83         13.0003         21.0000         19.0000          1.0000         91.3933
   84         13.0003         21.0000         20.0000          1.0000         97.8249
   86         13.0003         21.0000         18.0000          2.0000        105.8686
   87         13.0003         21.0000         19.0000          2.0000        106.1778
   88         13.0003         21.0000         20.0000          2.0000        110.0966
   90         13.0003         21.0000         18.0000          3.0000        118.4001
   91         13.0003         21.0000         19.0000          3.0000        118.5310
   92         13.0003         21.0000         20.0000          3.0000        121.0665
   94         13.0003         21.0000         18.0000          4.0000        133.7458
   95         13.0003         21.0000         19.0000          4.0000        133.7522
   96         13.0003         21.0000         20.0000          4.0000        135.5957
   82         14.0007         21.0000         18.0000          1.0000         99.5618
   83         14.0007         21.0000         19.0000          1.0000         99.8439
   84         14.0007         21.0000         20.0000          1.0000        106.0310
   86         14.0007         21.0000         18.0000          2.0000        115.2074
   87         14.0007         21.0000         19.0000          2.0000        115.4050
   88         14.0007         21.0000         20.0000          2.0000        120.0273
   90         14.0007         21.0000         18.0000          3.0000        130.7527
   91         14.0007         21.0000         19.0000          3.0000        130.8612
   92         14.0007         21.0000         20.0000          3.0000        134.0872
   94         14.0007         21.0000         18.0000          4.0000        149.9810
   95         14.0007         21.0000         19.0000          4.0000        150.0035
   96         14.0007         21.0000         20.0000          4.0000        152.4600
   82         14.0007         21.0000         18.0000          1.0000        100.4876
   83         14.0007         21.0000         19.0000          1.0000        100.7759
   84         14.0007         21.0000         20.0000          1.0000        106.9676
   86         14.0007         21.0000         18.0000          2.0000        116.1804
   87         14.0007         21.0000         19.0000          2.0000        116.3842
   88         14.0007         21.0000         20.0000          2.0000        120.9962
   90         14.0007         21.0000         18.0000          3.0000        131.7318
   91         14.0007         21.0000         19.0000          3.0000        131.8463
   92         14.0007         21.0000         20.0000          3.0000        135.0563
   94         14.0007         21.0000         18.0000          4.0000        150.9359
   95         14.0007         21.0000         19.0000          4.0000        150.9630
   96         14.0007         21.0000         20.0000          4.0000        153.4026
   82         14.0007         21.0000         18.0000          1.0000        100.6373
   83         14.0007         21.0000         19.0000          1.0000        100.9277
   84         14.0007         21.0000         20.0000          1.0000        107.1100
   86         14.0007         21.0000         18.0000          2.0000        116.3255
   87         14.0007         21.0000         19.0000          2.0000        116.5309
   88         14.0007         21.0000         20.0000          2.0000        121.1331
   90         14.0007         21.0000         18.0000          3.0000        131.8633
   91         14.0007         21.0000         19.0000          3.0000        131.9789
   92         14.0007         21.0000         20.0000          3.0000        135.1802
   94         14.0007         21.0000         18.0000          4.0000        151.0456
   95         14.0007         21.0000         19.0000          4.0000        151.0733
   96         14.0007         21.0000         20.0000          4.0000        153.5055
   82         14.0007         21.0000         18.0000          1.0000        100.6664
   83         14.0007         21.0000         19.0000          1.0000        100.9568
   84         14.0007         21.0000         20.0000          1.0000        107.1363
   86         14.0007         21.0000         18.0000          2.0000        116.3519
   87         14.0007         21.0000         19.0000          2.0000        116.5572
   88         14.0007         21.0000         20.0000          2.0000        121.1573
   90         14.0007         21.0000         18.0000          3.0000        131.8866
   91         14.0007         21.0000         19.0000          3.0000        132.0022
   92         14.0007         21.0000         20.0000          3.0000        135.2019
   94         14.0007         21.0000         18.0000          4.0000        151.0652
   95         14.0007         21.0000         19.0000          4.0000        151.0929
   96         14.0007         21.0000         20.0000          4.0000        153.5239
   82         15.0004         21.0000         18.0000          1.0000         73.8380
   83         15.0004         21.0000         19.0000          1.0000         74.1624
   84         15.0004         21.0000         20.0000          1.0000         78.7263
   86         15.0004         21.0000         18.0000          2.0000         88.1117
   87         15.0004         21.0000         19.0000          2.0000         88.3955
   88         15.0004         21.0000         20.0000          2.0000         91.5308
   90         15.0004         21.0000         18.0000          3.0000         99.2477
   91         15.0004         21.0000         19.0000          3.0000         99.3776
   92         15.0004         21.0000         20.0000          3.0000        101.1751
   94         15.0004         21.0000         18.0000          4.0000        111.0366
   95         15.0004         21.0000         19.0000          4.0000        111.0458
   96         15.0004         21.0000         20.0000          4.0000        112.2260
   82         15.0004         21.0000         18.0000          1.0000         73.0256
   83         15.0004         21.0000         19.0000          1.0000         73.3467
   84         15.0004         21.0000         20.0000          1.0000         77.8677
   86         15.0004         21.0000         18.0000          2.0000         87.2006
   87         15.0004         21.0000         19.0000          2.0000         87.4797
   88         15.0004         21.0000         20.0000          2.0000         90.5917
   90         15.0004         21.0000         18.0000          3.0000         98.2624
   91         15.0004         21.0000         19.0000          3.0000         98.3877
   92         15.0004         21.0000         20.0000          3.0000        100.1752
   94         15.0004         21.0000         18.0000          4.0000        109.9991
   95         15.0004         21.0000         19.0000          4.0000        110.0047
   96         15.0004         21.0000         20.0000          4.0000        111.1822
   82         15.0004         21.0000         18.0000          1.0000         72.9091
   83         15.0004         21.0000         19.0000          1.0000         73.2275
   84         15.0004         21.0000         20.0000          1.0000         77.7536
   86         15.0004         21.0000         18.0000          2.0000         87.0881
   87         15.0004         21.0000         19.0000          2.0000         87.3655
   88         15.0004         21.0000         20.0000          2.0000         90.4842
   90         15.0004         21.0000         18.0000          3.0000         98.1628
   91         15.0004         21.0000         19.0000          3.0000         98.2868
   92         15.0004         21.0000         20.0000          3.0000        100.0810
   94         15.0004         21.0000         18.0000          4.0000        109.9199
   95         15.0004         21.0000         19.0000          4.0000        109.9247
   96         15.0004         21.0000         20.0000          4.0000        111.1083
   82         16.0012         21.0000         18.0000          1.0000         76.6178
   83         16.0012         21.0000         19.0000          1.0000         77.0659
   84         16.0012         21.0000         20.0000          1.0000         81.3644
   86         16.0012         21.0000         18.0000          2.0000         90.3461
   87         16.0012         21.0000         19.0000          2.0000         90.8089
   88         16.0012         21.0000         20.0000          2.0000         93.7600
   90         16.0012         21.0000         18.0000          3.0000        101.5268
   91         16.0012         21.0000         19.0000          3.0000        101.7435
   92         16.0012         21.0000         20.0000          3.0000        103.1435
   94         16.0012         21.0000         18.0000          4.0000        113.2910
   95         16.0012         21.0000         19.0000          4.0000        113.3290
   96         16.0012         21.0000         20.0000          4.0000        114.0814
   82         16.0012         21.0000         18.0000          1.0000         76.6966
   83         16.0012         21.0000         19.0000          1.0000         77.1464
   84         16.0012         21.0000         20.0000          1.0000         81.4329
   86         16.0012         21.0000         18.0000          2.0000         90.4114
   87         16.0012         21.0000         19.0000          2.0000         90.8754
   88         16.0012         21.0000         20.0000          2.0000         93.8170
   90         16.0012         21.0000         18.0000          3.0000        101.5765
   91         16.0012         21.0000         19.0000          3.0000        101.7942
   92         16.0012         21.0000         20.0000          3.0000        103.1877
   94         16.0012         21.0000         18.0000          4.0000        113.3241
   95         16.0012         21.0000         19.0000          4.0000        113.3630
   96         16.0012         21.0000         20.0000          4.0000        114.1109
   82         16.0012         21.0000         18.0000          1.0000         76.7228
   83         16.0012         21.0000         19.0000          1.0000         77.1724
   84         16.0012         21.0000         20.0000          1.0000         81.4560
   86         16.0012         21.0000         18.0000          2.0000         90.4362
   87         16.0012         21.0000         19.0000          2.0000         90.9001
   88         16.0012         21.0000         20.0000          2.0000         93.8391
   90         16.0012         21.0000         18.0000          3.0000        101.5983
   91         16.0012         21.0000         19.0000          3.0000        101.8159
   92         16.0012         21.0000         20.0000          3.0000        103.2074
   94         16.0012         21.0000         18.0000          4.0000        113.3414
   95         16.0012         21.0000         19.0000          4.0000        113.3803
   96         16.0012         21.0000         20.0000          4.0000        114.1267
   82         17.0004         21.0000         18.0000          1.0000         60.2966
   83         17.0004         21.0000         19.0000          1.0000         60.5955
   84         17.0004         21.0000         20.0000          1.0000         64.1531
   86         17.0004         21.0000         18.0000          2.0000         70.6274
   87         17.0004         21.0000         19.0000          2.0000         70.9348
   88         17.0004         21.0000         20.0000          2.0000         73.5830
   90         17.0004         21.0000         18.0000          3.0000         80.5823
   91         17.0004         21.0000         19.0000          3.0000         80.7437
   92         17.0004         21.0000         20.0000          3.0000         82.2669
   94         17.0004         21.0000         18.0000          4.0000         92.0208
   95         17.0004         21.0000         19.0000          4.0000         92.0638
   96         17.0004         21.0000         20.0000          4.0000         93.0581
   82         17.0004         21.0000         18.0000          1.0000         60.9535
   83         17.0004         21.0000         19.0000          1.0000         61.2573
   84         17.0004         21.0000         20.0000          1.0000         64.8156
   86         17.0004         21.0000         18.0000          2.0000         71.3124
   87         17.0004         21.0000         19.0000          2.0000         71.6246
   88         17.0004         21.0000         20.0000          2.0000         74.2648
   90         17.0004         21.0000         18.0000          3.0000         81.2710
   91         17.0004         21.0000         19.0000          3.0000         81.4371
   92         17.0004         21.0000         20.0000          3.0000         82.9489
   94         17.0004         21.0000         18.0000          4.0000         92.6917
   95         17.0004         21.0000         19.0000          4.0000         92.7385
   96         17.0004         21.0000         20.0000          4.0000         93.7210
   82         17.0004         21.0000         18.0000          1.0000         61.0617
   83         17.0004         21.0000         19.0000          1.0000         61.3671
   84         17.0004         21.0000         20.0000          1.0000         64.9186
   86         17.0004         21.0000         18.0000          2.0000         71.4178
   87         17.0004         21.0000         19.0000          2.0000         71.7310
   88         17.0004         21.0000         20.0000          2.0000         74.3641
   90         17.0004         21.0000         18.0000          3.0000         81.3668
   91         17.0004         21.0000         19.0000          3.0000         81.5336
   92         17.0004         21.0000         20.0000          3.0000         83.0390
   94         17.0004         21.0000         18.0000          4.0000         92.7718
   95         17.0004         21.0000         19.0000          4.0000         92.8190
   96         17.0004         21.0000         20.0000          4.0000         93.7960
   82         17.0004         21.0000         18.0000          1.0000         61.0810
   83         17.0004         21.0000         19.0000          1.0000         61.3865
   84         17.0004         21.0000         20.0000          1.0000         64.9362
   86         17.0004         21.0000         18.0000          2.0000         71.4354
   87         17.0004         21.0000         19.0000          2.0000         71.7487
   88         17.0004         21.0000         20.0000          2.0000         74.3804
   90         17.0004         21.0000         18.0000          3.0000         81.3825
   91         17.0004         21.0000         19.0000          3.0000         81.5494
   92         17.0004         21.0000         20.0000          3.0000         83.0537
   94         17.0004         21.0000         18.0000          4.0000         92.7852
   95         17.0004         21.0000         19.0000          4.0000         92.8324
   96         17.0004         21.0000         20.0000          4.0000         93.8087
   82         18.0037         21.0000         18.0000          1.0000         37.0967
   83         18.0037         21.0000         19.0000          1.0000         37.2876
   84         18.0037         21.0000         20.0000          1.0000         39.3610
   86         18.0037         21.0000         18.0000          2.0000         42.9688
   87         18.0037         21.0000         19.0000          2.0000         43.1656
   88         18.0037         21.0000         20.0000          2.0000         44.6893
   90         18.0037         21.0000         18.0000          3.0000         48.7180
   91         18.0037         21.0000         19.0000          3.0000         48.8196
   92         18.0037         21.0000         20.0000          3.0000         49.6563
   94         18.0037         21.0000         18.0000          4.0000         55.4935
   95         18.0037         21.0000         19.0000          4.0000         55.5072
   96         18.0037         21.0000         20.0000          4.0000         55.9960
   82         18.0037         21.0000         18.0000          1.0000         36.6924
   83         18.0037         21.0000         19.0000          1.0000         36.8816
   84         18.0037         21.0000         20.0000          1.0000         38.9357
   86         18.0037         21.0000         18.0000          2.0000         42.5203
   87         18.0037         21.0000         19.0000          2.0000         42.7141
   88         18.0037         21.0000         20.0000          2.0000         44.2300
   90         18.0037         21.0000         18.0000          3.0000         48.2443
   91         18.0037         21.0000         19.0000          3.0000         48.3428
   92         18.0037         21.0000         20.0000          3.0000         49.1792
   94         18.0037         21.0000         18.0000          4.0000         55.0132
   95         18.0037         21.0000         19.0000          4.0000         55.0245
   96         18.0037         21.0000         20.0000          4.0000         55.5172
   82         18.0037         21.0000         18.0000          1.0000         36.6335
   83         18.0037         21.0000         19.0000          1.0000         36.8213
   84         18.0037         21.0000         20.0000          1.0000         38.8777
   86         18.0037         21.0000         18.0000          2.0000         42.4624
   87         18.0037         21.0000         19.0000          2.0000         42.6553
   88         18.0037         21.0000         20.0000          2.0000         44.1740
   90         18.0037         21.0000         18.0000          3.0000         48.1908
   91         18.0037         21.0000         19.0000          3.0000         48.2887
   92         18.0037         21.0000         20.0000          3.0000         49.1278
   94         18.0037         21.0000         18.0000          4.0000         54.9670
   95         18.0037         21.0000         19.0000          4.0000         54.9779
   96         18.0037         21.0000         20.0000          4.0000         55.4731
   82         19.0012         21.0000         18.0000          1.0000         13.3814
   83         19.0012         21.0000         19.0000          1.0000         13.4428
   84         19.0012         21.0000         20.0000          1.0000         14.0071
   86         19.0012         21.0000         18.0000          2.0000         14.8384
   87         19.0012         21.0000         19.0000          2.0000         14.8900
   88         19.0012         21.0000         20.0000          2.0000         15.2584
   90         19.0012         21.0000         18.0000          3.0000         15.9895
   91         19.0012         21.0000         19.0000          3.0000         16.0021
   92         19.0012         21.0000         20.0000          3.0000         16.1741
   94         19.0012         21.0000         18.0000          4.0000         17.3146
   95         19.0012         21.0000         19.0000          4.0000         17.3013
   96         19.0012         21.0000         20.0000          4.0000         17.3812
   82         19.0012         21.0000         18.0000          1.0000         13.4246
   83         19.0012         21.0000         19.0000          1.0000         13.4869
   84         19.0012         21.0000         20.0000          1.0000         14.0424
   86         19.0012         21.0000         18.0000          2.0000         14.8710
   87         19.0012         21.0000         19.0000          2.0000         14.9226
   88         19.0012         21.0000         20.0000          2.0000         15.2843
   90         19.0012         21.0000         18.0000          3.0000         16.0106
   91         19.0012         21.0000         19.0000          3.0000         16.0232
   92         19.0012         21.0000         20.0000          3.0000         16.1905
   94         19.0012         21.0000         18.0000          4.0000         17.3246
   95         19.0012         21.0000         19.0000          4.0000         17.3112
   96         19.0012         21.0000         20.0000          4.0000         17.3881
   82         19.0012         21.0000         18.0000          1.0000         13.4310
   83         19.0012         21.0000         19.0000          1.0000         13.4933
   84         19.0012         21.0000         20.0000          1.0000         14.0479
   86         19.0012         21.0000         18.0000          2.0000         14.8773
   87         19.0012         21.0000         19.0000          2.0000         14.9291
   88         19.0012         21.0000         20.0000          2.0000         15.2899
   90         19.0012         21.0000         18.0000          3.0000         16.0163
   91         19.0012         21.0000         19.0000          3.0000         16.0290
   92         19.0012         21.0000         20.0000          3.0000         16.1956
   94         19.0012         21.0000         18.0000          4.0000         17.3292
   95         19.0012         21.0000         19.0000          4.0000         17.3159
   96         19.0012         21.0000         20.0000          4.0000         17.3923
   82         20.0036         21.0000         18.0000          1.0000          0.6612
   83         20.0036         21.0000         19.0000          1.0000          0.6597
   84         20.0036         21.0000         20.0000          1.0000          0.5908
   86         20.0036         21.0000         18.0000          2.0000          0.3732
   87         20.0036         21.0000         19.0000          2.0000          0.3646
   88         20.0036         21.0000         20.0000          2.0000          0.2668
   90         20.0036         21.0000         18.0000          3.0000         -0.1988
   91         20.0036         21.0000         19.0000          3.0000         -0.2206
   92         20.0036         21.0000         20.0000          3.0000         -0.3183
   94         20.0036         21.0000         18.0000          4.0000         -1.0702
   95         20.0036         21.0000         19.0000          4.0000         -1.0961
   96         20.0036         21.0000         20.0000          4.0000         -1.1947
   82         20.0036         21.0000         18.0000          1.0000          0.6946
   83         20.0036         21.0000         19.0000          1.0000          0.6938
   84         20.0036         21.0000         20.0000          1.0000          0.6197
   86         20.0036         21.0000         18.0000          2.0000          0.4013
   87         20.0036         21.0000         19.0000          2.0000          0.3929
   88         20.0036         21.0000         20.0000          2.0000          0.2913
   90         20.0036         21.0000         18.0000          3.0000         -0.1772
   91         20.0036         21.0000         19.0000          3.0000         -0.1989
   92         20.0036         21.0000         20.0000          3.0000         -0.2997
   94         20.0036         21.0000         18.0000          4.0000         -1.0569
   95         20.0036         21.0000         19.0000          4.0000         -1.0828
   96         20.0036         21.0000         20.0000          4.0000         -1.1835
   82         20.0036         21.0000         18.0000          1.0000          0.6987
   83         20.0036         21.0000         19.0000          1.0000          0.6979
   84         20.0036         21.0000         20.0000          1.0000          0.6232
   86         20.0036         21.0000         18.0000          2.0000          0.4050
   87         20.0036         21.0000         19.0000          2.0000          0.3967
   88         20.0036         21.0000         20.0000          2.0000          0.2944
   90         20.0036         21.0000         18.0000          3.0000         -0.1741
   91         20.0036         21.0000         19.0000          3.0000         -0.1957
   92         20.0036         21.0000         20.0000          3.0000         -0.2967
   94         20.0036         21.0000         18.0000          4.0000         -1.0536
   95         20.0036         21.0000         19.0000          4.0000         -1.0794
   96         20.0036         21.0000         20.0000          4.0000         -1.1805
   82         21.0011         21.0000         18.0000          1.0000         -1.6644
   83         21.0011         21.0000         19.0000          1.0000         -1.6890
   84         21.0011         21.0000         20.0000          1.0000         -1.8554
   86         21.0011         21.0000         18.0000          2.0000         -2.2418
   87         21.0011         21.0000         19.0000          2.0000         -2.2719
   88         21.0011         21.0000         20.0000          2.0000         -2.4474
   90         21.0011         21.0000         18.0000          3.0000         -3.1679
   91         21.0011         21.0000         19.0000          3.0000         -3.2093
   92         21.0011         21.0000         20.0000          3.0000         -3.3587
   94         21.0011         21.0000         18.0000          4.0000         -4.4564
   95         21.0011         21.0000         19.0000          4.0000         -4.4944
   96         21.0011         21.0000         20.0000          4.0000         -4.6222
   82         21.0011         21.0000         18.0000          1.0000         -1.6372
   83         21.0011         21.0000         19.0000          1.0000         -1.6611
   84         21.0011         21.0000         20.0000          1.0000         -1.8330
   86         21.0011         21.0000         18.0000          2.0000         -2.2207
   87         21.0011         21.0000         19.0000          2.0000         -2.2506
   88         21.0011         21.0000         20.0000          2.0000         -2.4303
   90         21.0011         21.0000         18.0000          3.0000         -3.1542
   91         21.0011         21.0000         19.0000          3.0000         -3.1954
   92         21.0011         21.0000         20.0000          3.0000         -3.3480
   94         21.0011         21.0000         18.0000          4.0000         -4.4504
   95         21.0011         21.0000         19.0000          4.0000         -4.4884
   96         21.0011         21.0000         20.0000          4.0000         -4.6183
   82         21.0011         21.0000         18.0000          1.0000         -1.6328
   83         21.0011         21.0000         19.0000          1.0000         -1.6567
   84         21.0011         21.0000         20.0000          1.0000         -1.8291
   86         21.0011         21.0000         18.0000          2.0000         -2.2160
   87         21.0011         21.0000         19.0000          2.0000         -2.2458
   88         21.0011         21.0000         20.0000          2.0000         -2.4261
   90         21.0011         21.0000         18.0000          3.0000         -3.1496
   91         21.0011         21.0000         19.0000          3.0000         -3.1908
   92         21.0011         21.0000         20.0000          3.0000         -3.3438
   94         21.0011         21.0000         18.0000          4.0000         -4.4466
   95         21.0011         21.0000         19.0000          4.0000         -4.4845
   96         21.0011         21.0000         20.0000          4.0000         -4.6149
   82         22.0025         21.0000         18.0000          1.0000         -1.4664
   83         22.0025         21.0000         19.0000          1.0000         -1.4979
   84         22.0025         21.0000         20.0000          1.0000         -1.6499
   86         22.0025         21.0000         18.0000          2.0000         -1.9672
   87         22.0025         21.0000         19.0000          2.0000         -2.0008
   88         22.0025         21.0000         20.0000          2.0000         -2.1529
   90         22.0025         21.0000         18.0000          3.0000         -2.7247
   91         22.0025         21.0000         19.0000          3.0000         -2.7652
   92         22.0025         21.0000         20.0000          3.0000         -2.8899
   94         22.0025         21.0000         18.0000          4.0000         -3.6751
   95         22.0025         21.0000         19.0000          4.0000         -3.7100
   96         22.0025         21.0000         20.0000          4.0000         -3.8123
   82         22.0025         21.0000         18.0000          1.0000         -1.4506
   83         22.0025         21.0000         19.0000          1.0000         -1.4818
   84         22.0025         21.0000         20.0000          1.0000         -1.6364
   86         22.0025         21.0000         18.0000          2.0000         -1.9538
   87         22.0025         21.0000         19.0000          2.0000         -1.9872
   88         22.0025         21.0000         20.0000          2.0000         -2.1415
   90         22.0025         21.0000         18.0000          3.0000         -2.7145
   91         22.0025         21.0000         19.0000          3.0000         -2.7549
   92         22.0025         21.0000         20.0000          3.0000         -2.8814
   94         22.0025         21.0000         18.0000          4.0000         -3.6692
   95         22.0025         21.0000         19.0000          4.0000         -3.7041
   96         22.0025         21.0000         20.0000          4.0000         -3.8077
   82         22.0025         21.0000         18.0000          1.0000         -1.4415
   83         22.0025         21.0000         19.0000          1.0000         -1.4725
   84         22.0025         21.0000         20.0000          1.0000         -1.6281
   86         22.0025         21.0000         18.0000          2.0000         -1.9448
   87         22.0025         21.0000         19.0000          2.0000         -1.9780
   88         22.0025         21.0000         20.0000          2.0000         -2.1333
   90         22.0025         21.0000         18.0000          3.0000         -2.7062
   91         22.0025         21.0000         19.0000          3.0000         -2.7465
   92         22.0025         21.0000         20.0000          3.0000         -2.8738
   94         22.0025         21.0000         18.0000          4.0000         -3.6624
   95         22.0025         21.0000         19.0000          4.0000         -3.6972
   96         22.0025         21.0000         20.0000          4.0000         -3.8015
   82         23.0064         21.0000         18.0000          1.0000         -2.0494
   83         23.0064         21.0000         19.0000          1.0000         -2.0919
   84         23.0064         21.0000         20.0000          1.0000         -2.2616
   86         23.0064         21.0000         18.0000          2.0000         -2.5701
   87         23.0064         21.0000         19.0000          2.0000         -2.6109
   88         23.0064         21.0000         20.0000          2.0000         -2.7724
   90         23.0064         21.0000         18.0000          3.0000         -3.3252
   91         23.0064         21.0000         19.0000          3.0000         -3.3702
   92         23.0064         21.0000         20.0000          3.0000         -3.4981
   94         23.0064         21.0000         18.0000          4.0000         -4.2442
   95         23.0064         21.0000         19.0000          4.0000         -4.2813
   96         23.0064         21.0000         20.0000          4.0000         -4.3833
   82         23.0064         21.0000         18.0000          1.0000         -2.0332
   83         23.0064         21.0000         19.0000          1.0000         -2.0753
   84         23.0064         21.0000         20.0000          1.0000         -2.2475
   86         23.0064         21.0000         18.0000          2.0000         -2.5557
   87         23.0064         21.0000         19.0000          2.0000         -2.5963
   88         23.0064         21.0000         20.0000          2.0000         -2.7599
   90         23.0064         21.0000         18.0000          3.0000         -3.3136
   91         23.0064         21.0000         19.0000          3.0000         -3.3584
   92         23.0064         21.0000         20.0000          3.0000         -3.4880
   94         23.0064         21.0000         18.0000          4.0000         -4.2365
   95         23.0064         21.0000         19.0000          4.0000         -4.2735
   96         23.0064         21.0000         20.0000          4.0000         -4.3767
   82         23.0064         21.0000         18.0000          1.0000         -2.0224
   83         23.0064         21.0000         19.0000          1.0000         -2.0643
   84         23.0064         21.0000         20.0000          1.0000         -2.2377
   86         23.0064         21.0000         18.0000          2.0000         -2.5453
   87         23.0064         21.0000         19.0000          2.0000         -2.5857
   88         23.0064         21.0000         20.0000          2.0000         -2.7504
   90         23.0064         21.0000         18.0000          3.0000         -3.3042
   91         23.0064         21.0000         19.0000          3.0000         -3.3489
   92         23.0064         21.0000         20.0000          3.0000         -3.4794
   94         23.0064         21.0000         18.0000          4.0000         -4.2289
   95         23.0064         21.0000         19.0000          4.0000         -4.2659
   96         23.0064         21.0000         20.0000          4.0000         -4.3698
