   98          1.0013         18.0000         16.0000          1.0000         -2.6553
   99          1.0013         19.0000         16.0000          1.0000         -2.7367
  100          1.0013         20.0000         16.0000          1.0000         -2.9880
  102          1.0013         18.0000         16.0000          2.0000         -3.2461
  103          1.0013         19.0000         16.0000          2.0000         -3.3018
  104          1.0013         20.0000         16.0000          2.0000         -3.5245
  106          1.0013         18.0000         16.0000          3.0000         -4.0363
  107          1.0013         19.0000         16.0000          3.0000         -4.0826
  108          1.0013         20.0000         16.0000          3.0000         -4.2480
  110          1.0013         18.0000         16.0000          4.0000         -5.0028
  111          1.0013         19.0000         16.0000          4.0000         -5.0352
  112          1.0013         20.0000         16.0000          4.0000         -5.1591
   98          1.0013         18.0000         16.0000          1.0000         -2.6303
   99          1.0013         19.0000         16.0000          1.0000         -2.7110
  100          1.0013         20.0000         16.0000          1.0000         -2.9658
  102          1.0013         18.0000         16.0000          2.0000         -3.2235
  103          1.0013         19.0000         16.0000          2.0000         -3.2788
  104          1.0013         20.0000         16.0000          2.0000         -3.5044
  106          1.0013         18.0000         16.0000          3.0000         -4.0172
  107          1.0013         19.0000         16.0000          3.0000         -4.0633
  108          1.0013         20.0000         16.0000          3.0000         -4.2310
  110          1.0013         18.0000         16.0000          4.0000         -4.9885
  111          1.0013         19.0000         16.0000          4.0000         -5.0207
  112          1.0013         20.0000         16.0000          4.0000         -5.1463
   98          1.0013         18.0000         16.0000          1.0000         -2.6210
   99          1.0013         19.0000         16.0000          1.0000         -2.7015
  100          1.0013         20.0000         16.0000          1.0000         -2.9573
  102          1.0013         18.0000         16.0000          2.0000         -3.2143
  103          1.0013         19.0000         16.0000          2.0000         -3.2695
  104          1.0013         20.0000         16.0000          2.0000         -3.4960
  106          1.0013         18.0000         16.0000          3.0000         -4.0089
  107          1.0013         19.0000         16.0000          3.0000         -4.0547
  108          1.0013         20.0000         16.0000          3.0000         -4.2233
  110          1.0013         18.0000         16.0000          4.0000         -4.9817
  111          1.0013         19.0000         16.0000          4.0000         -5.0138
  112          1.0013         20.0000         16.0000          4.0000         -5.1401
   98          1.0085         18.0000         16.0000          1.0000         -2.6598
   99          1.0085         19.0000         16.0000          1.0000         -2.7413
  100          1.0085         20.0000         16.0000          1.0000         -2.9927
  102          1.0085         18.0000         16.0000          2.0000         -3.2506
  103          1.0085         19.0000         16.0000          2.0000         -3.3064
  104          1.0085         20.0000         16.0000          2.0000         -3.5291
  106          1.0085         18.0000         16.0000          3.0000         -4.0405
  107          1.0085         19.0000         16.0000          3.0000         -4.0869
  108          1.0085         20.0000         16.0000          3.0000         -4.2524
  110          1.0085         18.0000         16.0000          4.0000         -5.0070
  111          1.0085         19.0000         16.0000          4.0000         -5.0394
  112          1.0085         20.0000         16.0000          4.0000         -5.1633
   98          1.0085         18.0000         16.0000          1.0000         -2.6361
   99          1.0085         19.0000         16.0000          1.0000         -2.7170
  100          1.0085         20.0000         16.0000          1.0000         -2.9717
  102          1.0085         18.0000         16.0000          2.0000         -3.2298
  103          1.0085         19.0000         16.0000          2.0000         -3.2853
  104          1.0085         20.0000         16.0000          2.0000         -3.5107
  106          1.0085         18.0000         16.0000          3.0000         -4.0238
  107          1.0085         19.0000         16.0000          3.0000         -4.0700
  108          1.0085         20.0000         16.0000          3.0000         -4.2375
  110          1.0085         18.0000         16.0000          4.0000         -4.9953
  111          1.0085         19.0000         16.0000          4.0000         -5.0276
  112          1.0085         20.0000         16.0000          4.0000         -5.1530
   98          1.0085         18.0000         16.0000          1.0000         -2.6266
   99          1.0085         19.0000         16.0000          1.0000         -2.7072
  100          1.0085         20.0000         16.0000          1.0000         -2.9629
  102          1.0085         18.0000         16.0000          2.0000         -3.2204
  103          1.0085         19.0000         16.0000          2.0000         -3.2757
  104          1.0085         20.0000         16.0000          2.0000         -3.5021
  106          1.0085         18.0000         16.0000          3.0000         -4.0152
  107          1.0085         19.0000         16.0000          3.0000         -4.0612
  108          1.0085         20.0000         16.0000          3.0000         -4.2296
  110          1.0085         18.0000         16.0000          4.0000         -4.9883
  111          1.0085         19.0000         16.0000          4.0000         -5.0205
  112          1.0085         20.0000         16.0000          4.0000         -5.1466
   98          2.0075         18.0000         16.0000          1.0000         -3.0188
   99          2.0075         19.0000         16.0000          1.0000         -3.1040
  100          2.0075         20.0000         16.0000          1.0000         -3.3787
  102          2.0075         18.0000         16.0000          2.0000         -3.6469
  103          2.0075         19.0000         16.0000          2.0000         -3.7062
  104          2.0075         20.0000         16.0000          2.0000         -3.9461
  106          2.0075         18.0000         16.0000          3.0000         -4.4718
  107          2.0075         19.0000         16.0000          3.0000         -4.5208
  108          2.0075         20.0000         16.0000          3.0000         -4.6984
  110          2.0075         18.0000         16.0000          4.0000         -5.5059
  111          2.0075         19.0000         16.0000          4.0000         -5.5402
  112          2.0075         20.0000         16.0000          4.0000         -5.6731
   98          2.0075         18.0000         16.0000          1.0000         -2.9855
   99          2.0075         19.0000         16.0000          1.0000         -3.0698
  100          2.0075         20.0000         16.0000          1.0000         -3.3489
  102          2.0075         18.0000         16.0000          2.0000         -3.6175
  103          2.0075         19.0000         16.0000          2.0000         -3.6764
  104          2.0075         20.0000         16.0000          2.0000         -3.9198
  106          2.0075         18.0000         16.0000          3.0000         -4.4478
  107          2.0075         19.0000         16.0000          3.0000         -4.4966
  108          2.0075         20.0000         16.0000          3.0000         -4.6768
  110          2.0075         18.0000         16.0000          4.0000         -5.4885
  111          2.0075         19.0000         16.0000          4.0000         -5.5226
  112          2.0075         20.0000         16.0000          4.0000         -5.6575
   98          2.0075         18.0000         16.0000          1.0000         -2.9768
   99          2.0075         19.0000         16.0000          1.0000         -3.0610
  100          2.0075         20.0000         16.0000          1.0000         -3.3409
  102          2.0075         18.0000         16.0000          2.0000         -3.6089
  103          2.0075         19.0000         16.0000          2.0000         -3.6675
  104          2.0075         20.0000         16.0000          2.0000         -3.9118
  106          2.0075         18.0000         16.0000          3.0000         -4.4397
  107          2.0075         19.0000         16.0000          3.0000         -4.4884
  108          2.0075         20.0000         16.0000          3.0000         -4.6693
  110          2.0075         18.0000         16.0000          4.0000         -5.4817
  111          2.0075         19.0000         16.0000          4.0000         -5.5158
  112          2.0075         20.0000         16.0000          4.0000         -5.6513
   98          3.0133         18.0000         16.0000          1.0000         -2.9918
   99          3.0133         19.0000         16.0000          1.0000         -3.0662
  100          3.0133         20.0000         16.0000          1.0000         -3.3089
  102          3.0133         18.0000         16.0000          2.0000         -3.5233
  103          3.0133         19.0000         16.0000          2.0000         -3.5752
  104          3.0133         20.0000         16.0000          2.0000         -3.7865
  106          3.0133         18.0000         16.0000          3.0000         -4.2130
  107          3.0133         19.0000         16.0000          3.0000         -4.2557
  108          3.0133         20.0000         16.0000          3.0000         -4.4132
  110          3.0133         18.0000         16.0000          4.0000         -5.0295
  111          3.0133         19.0000         16.0000          4.0000         -5.0591
  112          3.0133         20.0000         16.0000          4.0000         -5.1765
   98          3.0133         18.0000         16.0000          1.0000         -2.9686
   99          3.0133         19.0000         16.0000          1.0000         -3.0424
  100          3.0133         20.0000         16.0000          1.0000         -3.2878
  102          3.0133         18.0000         16.0000          2.0000         -3.5024
  103          3.0133         19.0000         16.0000          2.0000         -3.5540
  104          3.0133         20.0000         16.0000          2.0000         -3.7677
  106          3.0133         18.0000         16.0000          3.0000         -4.1957
  107          3.0133         19.0000         16.0000          3.0000         -4.2382
  108          3.0133         20.0000         16.0000          3.0000         -4.3975
  110          3.0133         18.0000         16.0000          4.0000         -5.0169
  111          3.0133         19.0000         16.0000          4.0000         -5.0463
  112          3.0133         20.0000         16.0000          4.0000         -5.1651
   98          3.0133         18.0000         16.0000          1.0000         -2.9569
   99          3.0133         19.0000         16.0000          1.0000         -3.0304
  100          3.0133         20.0000         16.0000          1.0000         -3.2771
  102          3.0133         18.0000         16.0000          2.0000         -3.4912
  103          3.0133         19.0000         16.0000          2.0000         -3.5425
  104          3.0133         20.0000         16.0000          2.0000         -3.7573
  106          3.0133         18.0000         16.0000          3.0000         -4.1856
  107          3.0133         19.0000         16.0000          3.0000         -4.2279
  108          3.0133         20.0000         16.0000          3.0000         -4.3882
  110          3.0133         18.0000         16.0000          4.0000         -5.0088
  111          3.0133         19.0000         16.0000          4.0000         -5.0381
  112          3.0133         20.0000         16.0000          4.0000         -5.1576
   98          4.0157         18.0000         16.0000          1.0000         -3.0602
   99          4.0157         19.0000         16.0000          1.0000         -3.1334
  100          4.0157         20.0000         16.0000          1.0000         -3.3775
  102          4.0157         18.0000         16.0000          2.0000         -3.5776
  103          4.0157         19.0000         16.0000          2.0000         -3.6286
  104          4.0157         20.0000         16.0000          2.0000         -3.8397
  106          4.0157         18.0000         16.0000          3.0000         -4.2438
  107          4.0157         19.0000         16.0000          3.0000         -4.2854
  108          4.0157         20.0000         16.0000          3.0000         -4.4430
  110          4.0157         18.0000         16.0000          4.0000         -5.0390
  111          4.0157         19.0000         16.0000          4.0000         -5.0676
  112          4.0157         20.0000         16.0000          4.0000         -5.1852
   98          4.0157         18.0000         16.0000          1.0000         -3.0390
   99          4.0157         19.0000         16.0000          1.0000         -3.1117
  100          4.0157         20.0000         16.0000          1.0000         -3.3586
  102          4.0157         18.0000         16.0000          2.0000         -3.5590
  103          4.0157         19.0000         16.0000          2.0000         -3.6097
  104          4.0157         20.0000         16.0000          2.0000         -3.8231
  106          4.0157         18.0000         16.0000          3.0000         -4.2287
  107          4.0157         19.0000         16.0000          3.0000         -4.2702
  108          4.0157         20.0000         16.0000          3.0000         -4.4296
  110          4.0157         18.0000         16.0000          4.0000         -5.0286
  111          4.0157         19.0000         16.0000          4.0000         -5.0571
  112          4.0157         20.0000         16.0000          4.0000         -5.1761
   98          4.0157         18.0000         16.0000          1.0000         -3.0277
   99          4.0157         19.0000         16.0000          1.0000         -3.1001
  100          4.0157         20.0000         16.0000          1.0000         -3.3482
  102          4.0157         18.0000         16.0000          2.0000         -3.5481
  103          4.0157         19.0000         16.0000          2.0000         -3.5986
  104          4.0157         20.0000         16.0000          2.0000         -3.8131
  106          4.0157         18.0000         16.0000          3.0000         -4.2190
  107          4.0157         19.0000         16.0000          3.0000         -4.2603
  108          4.0157         20.0000         16.0000          3.0000         -4.4206
  110          4.0157         18.0000         16.0000          4.0000         -5.0208
  111          4.0157         19.0000         16.0000          4.0000         -5.0492
  112          4.0157         20.0000         16.0000          4.0000         -5.1689
   98          5.0182         18.0000         16.0000          1.0000         -2.9695
   99          5.0182         19.0000         16.0000          1.0000         -3.0406
  100          5.0182         20.0000         16.0000          1.0000         -3.2852
  102          5.0182         18.0000         16.0000          2.0000         -3.4774
  103          5.0182         19.0000         16.0000          2.0000         -3.5271
  104          5.0182         20.0000         16.0000          2.0000         -3.7375
  106          5.0182         18.0000         16.0000          3.0000         -4.1259
  107          5.0182         19.0000         16.0000          3.0000         -4.1663
  108          5.0182         20.0000         16.0000          3.0000         -4.3237
  110          5.0182         18.0000         16.0000          4.0000         -4.9035
  111          5.0182         19.0000         16.0000          4.0000         -4.9312
  112          5.0182         20.0000         16.0000          4.0000         -5.0490
   98          5.0182         18.0000         16.0000          1.0000         -2.9475
   99          5.0182         19.0000         16.0000          1.0000         -3.0180
  100          5.0182         20.0000         16.0000          1.0000         -3.2653
  102          5.0182         18.0000         16.0000          2.0000         -3.4577
  103          5.0182         19.0000         16.0000          2.0000         -3.5070
  104          5.0182         20.0000         16.0000          2.0000         -3.7198
  106          5.0182         18.0000         16.0000          3.0000         -4.1096
  107          5.0182         19.0000         16.0000          3.0000         -4.1499
  108          5.0182         20.0000         16.0000          3.0000         -4.3091
  110          5.0182         18.0000         16.0000          4.0000         -4.8918
  111          5.0182         19.0000         16.0000          4.0000         -4.9194
  112          5.0182         20.0000         16.0000          4.0000         -5.0385
   98          5.0182         18.0000         16.0000          1.0000         -2.9360
   99          5.0182         19.0000         16.0000          1.0000         -3.0062
  100          5.0182         20.0000         16.0000          1.0000         -3.2547
  102          5.0182         18.0000         16.0000          2.0000         -3.4467
  103          5.0182         19.0000         16.0000          2.0000         -3.4958
  104          5.0182         20.0000         16.0000          2.0000         -3.7096
  106          5.0182         18.0000         16.0000          3.0000         -4.0998
  107          5.0182         19.0000         16.0000          3.0000         -4.1399
  108          5.0182         20.0000         16.0000          3.0000         -4.3000
  110          5.0182         18.0000         16.0000          4.0000         -4.8839
  111          5.0182         19.0000         16.0000          4.0000         -4.9114
  112          5.0182         20.0000         16.0000          4.0000         -5.0312
   98          6.0271         18.0000         16.0000          1.0000         -3.6038
   99          6.0271         19.0000         16.0000          1.0000         -3.6740
  100          6.0271         20.0000         16.0000          1.0000         -3.9178
  102          6.0271         18.0000         16.0000          2.0000         -4.0922
  103          6.0271         19.0000         16.0000          2.0000         -4.1409
  104          6.0271         20.0000         16.0000          2.0000         -4.3487
  106          6.0271         18.0000         16.0000          3.0000         -4.7101
  107          6.0271         19.0000         16.0000          3.0000         -4.7492
  108          6.0271         20.0000         16.0000          3.0000         -4.9044
  110          6.0271         18.0000         16.0000          4.0000         -5.4521
  111          6.0271         19.0000         16.0000          4.0000         -5.4787
  112          6.0271         20.0000         16.0000          4.0000         -5.5944
   98          6.0271         18.0000         16.0000          1.0000         -3.5796
   99          6.0271         19.0000         16.0000          1.0000         -3.6491
  100          6.0271         20.0000         16.0000          1.0000         -3.8958
  102          6.0271         18.0000         16.0000          2.0000         -4.0705
  103          6.0271         19.0000         16.0000          2.0000         -4.1188
  104          6.0271         20.0000         16.0000          2.0000         -4.3290
  106          6.0271         18.0000         16.0000          3.0000         -4.6920
  107          6.0271         19.0000         16.0000          3.0000         -4.7309
  108          6.0271         20.0000         16.0000          3.0000         -4.8880
  110          6.0271         18.0000         16.0000          4.0000         -5.4388
  111          6.0271         19.0000         16.0000          4.0000         -5.4653
  112          6.0271         20.0000         16.0000          4.0000         -5.5824
   98          6.0271         18.0000         16.0000          1.0000         -3.5674
   99          6.0271         19.0000         16.0000          1.0000         -3.6367
  100          6.0271         20.0000         16.0000          1.0000         -3.8847
  102          6.0271         18.0000         16.0000          2.0000         -4.0589
  103          6.0271         19.0000         16.0000          2.0000         -4.1070
  104          6.0271         20.0000         16.0000          2.0000         -4.3184
  106          6.0271         18.0000         16.0000          3.0000         -4.6817
  107          6.0271         19.0000         16.0000          3.0000         -4.7205
  108          6.0271         20.0000         16.0000          3.0000         -4.8785
  110          6.0271         18.0000         16.0000          4.0000         -5.4306
  111          6.0271         19.0000         16.0000          4.0000         -5.4570
  112          6.0271         20.0000         16.0000          4.0000         -5.5748
   98          7.0186         18.0000         16.0000          1.0000         -3.6429
   99          7.0186         19.0000         16.0000          1.0000         -3.7097
  100          7.0186         20.0000         16.0000          1.0000         -3.9487
  102          7.0186         18.0000         16.0000          2.0000         -4.1095
  103          7.0186         19.0000         16.0000          2.0000         -4.1558
  104          7.0186         20.0000         16.0000          2.0000         -4.3587
  106          7.0186         18.0000         16.0000          3.0000         -4.6966
  107          7.0186         19.0000         16.0000          3.0000         -4.7337
  108          7.0186         20.0000         16.0000          3.0000         -4.8855
  110          7.0186         18.0000         16.0000          4.0000         -5.4047
  111          7.0186         19.0000         16.0000          4.0000         -5.4298
  112          7.0186         20.0000         16.0000          4.0000         -5.5432
   98          7.0186         18.0000         16.0000          1.0000         -3.6040
   99          7.0186         19.0000         16.0000          1.0000         -3.6700
  100          7.0186         20.0000         16.0000          1.0000         -3.9112
  102          7.0186         18.0000         16.0000          2.0000         -4.0709
  103          7.0186         19.0000         16.0000          2.0000         -4.1167
  104          7.0186         20.0000         16.0000          2.0000         -4.3215
  106          7.0186         18.0000         16.0000          3.0000         -4.6596
  107          7.0186         19.0000         16.0000          3.0000         -4.6963
  108          7.0186         20.0000         16.0000          3.0000         -4.8497
  110          7.0186         18.0000         16.0000          4.0000         -5.3702
  111          7.0186         19.0000         16.0000          4.0000         -5.3951
  112          7.0186         20.0000         16.0000          4.0000         -5.5096
   98          7.0186         18.0000         16.0000          1.0000         -3.5891
   99          7.0186         19.0000         16.0000          1.0000         -3.6548
  100          7.0186         20.0000         16.0000          1.0000         -3.8973
  102          7.0186         18.0000         16.0000          2.0000         -4.0566
  103          7.0186         19.0000         16.0000          2.0000         -4.1022
  104          7.0186         20.0000         16.0000          2.0000         -4.3083
  106          7.0186         18.0000         16.0000          3.0000         -4.6469
  107          7.0186         19.0000         16.0000          3.0000         -4.6834
  108          7.0186         20.0000         16.0000          3.0000         -4.8379
  110          7.0186         18.0000         16.0000          4.0000         -5.3600
  111          7.0186         19.0000         16.0000          4.0000         -5.3848
  112          7.0186         20.0000         16.0000          4.0000         -5.5003
   98          8.0102         18.0000         16.0000          1.0000         -0.9642
   99          8.0102         19.0000         16.0000          1.0000         -1.0092
  100          8.0102         20.0000         16.0000          1.0000         -1.0531
  102          8.0102         18.0000         16.0000          2.0000         -0.9524
  103          8.0102         19.0000         16.0000          2.0000         -0.9815
  104          8.0102         20.0000         16.0000          2.0000         -1.0158
  106          8.0102         18.0000         16.0000          3.0000         -0.9515
  107          8.0102         19.0000         16.0000          3.0000         -0.9736
  108          8.0102         20.0000         16.0000          3.0000         -0.9992
  110          8.0102         18.0000         16.0000          4.0000         -0.9682
  111          8.0102         19.0000         16.0000          4.0000         -0.9827
  112          8.0102         20.0000         16.0000          4.0000         -0.9981
   98          8.0102         18.0000         16.0000          1.0000         -0.8966
   99          8.0102         19.0000         16.0000          1.0000         -0.9408
  100          8.0102         20.0000         16.0000          1.0000         -0.9863
  102          8.0102         18.0000         16.0000          2.0000         -0.8824
  103          8.0102         19.0000         16.0000          2.0000         -0.9110
  104          8.0102         20.0000         16.0000          2.0000         -0.9470
  106          8.0102         18.0000         16.0000          3.0000         -0.8816
  107          8.0102         19.0000         16.0000          3.0000         -0.9033
  108          8.0102         20.0000         16.0000          3.0000         -0.9306
  110          8.0102         18.0000         16.0000          4.0000         -0.9002
  111          8.0102         19.0000         16.0000          4.0000         -0.9146
  112          8.0102         20.0000         16.0000          4.0000         -0.9316
   98          8.0102         18.0000         16.0000          1.0000         -0.8779
   99          8.0102         19.0000         16.0000          1.0000         -0.9215
  100          8.0102         20.0000         16.0000          1.0000         -0.9685
  102          8.0102         18.0000         16.0000          2.0000         -0.8645
  103          8.0102         19.0000         16.0000          2.0000         -0.8927
  104          8.0102         20.0000         16.0000          2.0000         -0.9300
  106          8.0102         18.0000         16.0000          3.0000         -0.8655
  107          8.0102         19.0000         16.0000          3.0000         -0.8870
  108          8.0102         20.0000         16.0000          3.0000         -0.9154
  110          8.0102         18.0000         16.0000          4.0000         -0.8870
  111          8.0102         19.0000         16.0000          4.0000         -0.9012
  112          8.0102         20.0000         16.0000          4.0000         -0.9192
   98          9.0088         18.0000         16.0000          1.0000         12.7272
   99          9.0088         19.0000         16.0000          1.0000         12.6601
  100          9.0088         20.0000         16.0000          1.0000         13.4203
  102          9.0088         18.0000         16.0000          2.0000         15.5946
  103          9.0088         19.0000         16.0000          2.0000         15.5433
  104          9.0088         20.0000         16.0000          2.0000         16.1748
  106          9.0088         18.0000         16.0000          3.0000         18.5732
  107          9.0088         19.0000         16.0000          3.0000         18.5039
  108          9.0088         20.0000         16.0000          3.0000         18.9188
  110          9.0088         18.0000         16.0000          4.0000         21.8655
  111          9.0088         19.0000         16.0000          4.0000         21.7868
  112          9.0088         20.0000         16.0000          4.0000         22.0899
   98          9.0088         18.0000         16.0000          1.0000         12.8332
   99          9.0088         19.0000         16.0000          1.0000         12.7671
  100          9.0088         20.0000         16.0000          1.0000         13.5243
  102          9.0088         18.0000         16.0000          2.0000         15.7070
  103          9.0088         19.0000         16.0000          2.0000         15.6565
  104          9.0088         20.0000         16.0000          2.0000         16.2849
  106          9.0088         18.0000         16.0000          3.0000         18.6849
  107          9.0088         19.0000         16.0000          3.0000         18.6159
  108          9.0088         20.0000         16.0000          3.0000         19.0278
  110          9.0088         18.0000         16.0000          4.0000         21.9726
  111          9.0088         19.0000         16.0000          4.0000         21.8940
  112          9.0088         20.0000         16.0000          4.0000         22.1944
   98          9.0088         18.0000         16.0000          1.0000         12.8626
   99          9.0088         19.0000         16.0000          1.0000         12.7969
  100          9.0088         20.0000         16.0000          1.0000         13.5517
  102          9.0088         18.0000         16.0000          2.0000         15.7360
  103          9.0088         19.0000         16.0000          2.0000         15.6858
  104          9.0088         20.0000         16.0000          2.0000         16.3119
  106          9.0088         18.0000         16.0000          3.0000         18.7110
  107          9.0088         19.0000         16.0000          3.0000         18.6422
  108          9.0088         20.0000         16.0000          3.0000         19.0521
  110          9.0088         18.0000         16.0000          4.0000         21.9938
  111          9.0088         19.0000         16.0000          4.0000         21.9152
  112          9.0088         20.0000         16.0000          4.0000         22.2140
   98         10.0006         18.0000         16.0000          1.0000         36.7464
   99         10.0006         19.0000         16.0000          1.0000         36.3165
  100         10.0006         20.0000         16.0000          1.0000         37.1327
  102         10.0006         18.0000         16.0000          2.0000         43.2052
  103         10.0006         19.0000         16.0000          2.0000         42.8931
  104         10.0006         20.0000         16.0000          2.0000         44.1599
  106         10.0006         18.0000         16.0000          3.0000         49.8811
  107         10.0006         19.0000         16.0000          3.0000         49.6045
  108         10.0006         20.0000         16.0000          3.0000         50.4789
  110         10.0006         18.0000         16.0000          4.0000         57.7660
  111         10.0006         19.0000         16.0000          4.0000         57.4937
  112         10.0006         20.0000         16.0000          4.0000         58.1262
   98         10.0006         18.0000         16.0000          1.0000         36.9913
   99         10.0006         19.0000         16.0000          1.0000         36.5605
  100         10.0006         20.0000         16.0000          1.0000         37.3702
  102         10.0006         18.0000         16.0000          2.0000         43.4686
  103         10.0006         19.0000         16.0000          2.0000         43.1559
  104         10.0006         20.0000         16.0000          2.0000         44.4203
  106         10.0006         18.0000         16.0000          3.0000         50.1569
  107         10.0006         19.0000         16.0000          3.0000         49.8796
  108         10.0006         20.0000         16.0000          3.0000         50.7517
  110         10.0006         18.0000         16.0000          4.0000         58.0433
  111         10.0006         19.0000         16.0000          4.0000         57.7702
  112         10.0006         20.0000         16.0000          4.0000         58.4006
   98         10.0006         18.0000         16.0000          1.0000         37.0291
   99         10.0006         19.0000         16.0000          1.0000         36.5993
  100         10.0006         20.0000         16.0000          1.0000         37.4037
  102         10.0006         18.0000         16.0000          2.0000         43.5013
  103         10.0006         19.0000         16.0000          2.0000         43.1892
  104         10.0006         20.0000         16.0000          2.0000         44.4494
  106         10.0006         18.0000         16.0000          3.0000         50.1835
  107         10.0006         19.0000         16.0000          3.0000         49.9066
  108         10.0006         20.0000         16.0000          3.0000         50.7753
  110         10.0006         18.0000         16.0000          4.0000         58.0624
  111         10.0006         19.0000         16.0000          4.0000         57.7896
  112         10.0006         20.0000         16.0000          4.0000         58.4172
   98         11.0019         18.0000         16.0000          1.0000         62.9779
   99         11.0019         19.0000         16.0000          1.0000         63.4194
  100         11.0019         20.0000         16.0000          1.0000         67.0629
  102         11.0019         18.0000         16.0000          2.0000         73.5341
  103         11.0019         19.0000         16.0000          2.0000         73.4198
  104         11.0019         20.0000         16.0000          2.0000         76.2170
  106         11.0019         18.0000         16.0000          3.0000         84.7351
  107         11.0019         19.0000         16.0000          3.0000         84.5138
  108         11.0019         20.0000         16.0000          3.0000         86.4253
  110         11.0019         18.0000         16.0000          4.0000         98.4429
  111         11.0019         19.0000         16.0000          4.0000         98.1758
  112         11.0019         20.0000         16.0000          4.0000         99.6147
   98         11.0019         18.0000         16.0000          1.0000         63.0836
   99         11.0019         19.0000         16.0000          1.0000         63.5275
  100         11.0019         20.0000         16.0000          1.0000         67.1631
  102         11.0019         18.0000         16.0000          2.0000         73.6321
  103         11.0019         19.0000         16.0000          2.0000         73.5188
  104         11.0019         20.0000         16.0000          2.0000         76.3091
  106         11.0019         18.0000         16.0000          3.0000         84.8208
  107         11.0019         19.0000         16.0000          3.0000         84.6001
  108         11.0019         20.0000         16.0000          3.0000         86.5063
  110         11.0019         18.0000         16.0000          4.0000         98.5139
  111         11.0019         19.0000         16.0000          4.0000         98.2470
  112         11.0019         20.0000         16.0000          4.0000         99.6822
   98         11.0019         18.0000         16.0000          1.0000         63.1143
   99         11.0019         19.0000         16.0000          1.0000         63.5583
  100         11.0019         20.0000         16.0000          1.0000         67.1911
  102         11.0019         18.0000         16.0000          2.0000         73.6612
  103         11.0019         19.0000         16.0000          2.0000         73.5480
  104         11.0019         20.0000         16.0000          2.0000         76.3357
  106         11.0019         18.0000         16.0000          3.0000         84.8465
  107         11.0019         19.0000         16.0000          3.0000         84.6259
  108         11.0019         20.0000         16.0000          3.0000         86.5300
  110         11.0019         18.0000         16.0000          4.0000         98.5345
  111         11.0019         19.0000         16.0000          4.0000         98.2677
  112         11.0019         20.0000         16.0000          4.0000         99.7011
   98         12.0048         18.0000         16.0000          1.0000         80.5432
   99         12.0048         19.0000         16.0000          1.0000         81.0086
  100         12.0048         20.0000         16.0000          1.0000         86.2428
  102         12.0048         18.0000         16.0000          2.0000         92.8152
  103         12.0048         19.0000         16.0000          2.0000         93.1036
  104         12.0048         20.0000         16.0000          2.0000         96.5578
  106         12.0048         18.0000         16.0000          3.0000        104.9539
  107         12.0048         19.0000         16.0000          3.0000        105.1925
  108         12.0048         20.0000         16.0000          3.0000        107.5717
  110         12.0048         18.0000         16.0000          4.0000        119.9892
  111         12.0048         19.0000         16.0000          4.0000        120.1582
  112         12.0048         20.0000         16.0000          4.0000        121.9717
   98         12.0048         18.0000         16.0000          1.0000         80.7183
   99         12.0048         19.0000         16.0000          1.0000         80.9134
  100         12.0048         20.0000         16.0000          1.0000         85.0628
  102         12.0048         18.0000         16.0000          2.0000         92.8269
  103         12.0048         19.0000         16.0000          2.0000         93.1348
  104         12.0048         20.0000         16.0000          2.0000         96.4451
  106         12.0048         18.0000         16.0000          3.0000        104.8899
  107         12.0048         19.0000         16.0000          3.0000        105.2681
  108         12.0048         20.0000         16.0000          3.0000        107.6526
  110         12.0048         18.0000         16.0000          4.0000        119.8810
  111         12.0048         19.0000         16.0000          4.0000        120.2569
  112         12.0048         20.0000         16.0000          4.0000        122.0873
   98         12.0048         18.0000         16.0000          1.0000         80.7544
   99         12.0048         19.0000         16.0000          1.0000         80.9211
  100         12.0048         20.0000         16.0000          1.0000         84.9825
  102         12.0048         18.0000         16.0000          2.0000         92.8516
  103         12.0048         19.0000         16.0000          2.0000         93.1491
  104         12.0048         20.0000         16.0000          2.0000         96.4381
  106         12.0048         18.0000         16.0000          3.0000        104.9080
  107         12.0048         19.0000         16.0000          3.0000        105.2823
  108         12.0048         20.0000         16.0000          3.0000        107.6557
  110         12.0048         18.0000         16.0000          4.0000        119.8925
  111         12.0048         19.0000         16.0000          4.0000        120.2694
  112         12.0048         20.0000         16.0000          4.0000        122.0893
   98         12.0048         18.0000         16.0000          1.0000         80.7656
   99         12.0048         19.0000         16.0000          1.0000         80.9323
  100         12.0048         20.0000         16.0000          1.0000         84.9967
  102         12.0048         18.0000         16.0000          2.0000         92.8613
  103         12.0048         19.0000         16.0000          2.0000         93.1590
  104         12.0048         20.0000         16.0000          2.0000         96.4476
  106         12.0048         18.0000         16.0000          3.0000        104.9163
  107         12.0048         19.0000         16.0000          3.0000        105.2904
  108         12.0048         20.0000         16.0000          3.0000        107.6630
  110         12.0048         18.0000         16.0000          4.0000        119.8990
  111         12.0048         19.0000         16.0000          4.0000        120.2754
  112         12.0048         20.0000         16.0000          4.0000        122.0948
   98         13.0003         18.0000         16.0000          1.0000         88.6136
   99         13.0003         19.0000         16.0000          1.0000         88.8964
  100         13.0003         20.0000         16.0000          1.0000         93.5914
  102         13.0003         18.0000         16.0000          2.0000        101.2941
  103         13.0003         19.0000         16.0000          2.0000        101.6327
  104         13.0003         20.0000         16.0000          2.0000        105.0306
  106         13.0003         18.0000         16.0000          3.0000        113.0356
  107         13.0003         19.0000         16.0000          3.0000        113.4277
  108         13.0003         20.0000         16.0000          3.0000        115.8250
  110         13.0003         18.0000         16.0000          4.0000        128.0584
  111         13.0003         19.0000         16.0000          4.0000        128.3976
  112         13.0003         20.0000         16.0000          4.0000        130.2155
   98         13.0003         18.0000         16.0000          1.0000         88.6870
   99         13.0003         19.0000         16.0000          1.0000         88.9704
  100         13.0003         20.0000         16.0000          1.0000         93.6552
  102         13.0003         18.0000         16.0000          2.0000        101.3537
  103         13.0003         19.0000         16.0000          2.0000        101.6923
  104         13.0003         20.0000         16.0000          2.0000        105.0816
  106         13.0003         18.0000         16.0000          3.0000        113.0778
  107         13.0003         19.0000         16.0000          3.0000        113.4697
  108         13.0003         20.0000         16.0000          3.0000        115.8609
  110         13.0003         18.0000         16.0000          4.0000        128.0825
  111         13.0003         19.0000         16.0000          4.0000        128.4214
  112         13.0003         20.0000         16.0000          4.0000        130.2351
   98         13.0003         18.0000         16.0000          1.0000         88.7145
   99         13.0003         19.0000         16.0000          1.0000         88.9977
  100         13.0003         20.0000         16.0000          1.0000         93.6795
  102         13.0003         18.0000         16.0000          2.0000        101.3793
  103         13.0003         19.0000         16.0000          2.0000        101.7179
  104         13.0003         20.0000         16.0000          2.0000        105.1046
  106         13.0003         18.0000         16.0000          3.0000        113.1001
  107         13.0003         19.0000         16.0000          3.0000        113.4920
  108         13.0003         20.0000         16.0000          3.0000        115.8811
  110         13.0003         18.0000         16.0000          4.0000        128.1001
  111         13.0003         19.0000         16.0000          4.0000        128.4390
  112         13.0003         20.0000         16.0000          4.0000        130.2512
   98         14.0007         18.0000         16.0000          1.0000         99.4851
   99         14.0007         19.0000         16.0000          1.0000         99.6700
  100         14.0007         20.0000         16.0000          1.0000        105.2590
  102         14.0007         18.0000         16.0000          2.0000        114.4476
  103         14.0007         19.0000         16.0000          2.0000        114.7414
  104         14.0007         20.0000         16.0000          2.0000        119.1963
  106         14.0007         18.0000         16.0000          3.0000        129.6765
  107         14.0007         19.0000         16.0000          3.0000        130.0259
  108         14.0007         20.0000         16.0000          3.0000        133.2569
  110         14.0007         18.0000         16.0000          4.0000        148.7994
  111         14.0007         19.0000         16.0000          4.0000        149.1047
  112         14.0007         20.0000         16.0000          4.0000        151.6073
   98         14.0007         18.0000         16.0000          1.0000        100.4202
   99         14.0007         19.0000         16.0000          1.0000        100.6108
  100         14.0007         20.0000         16.0000          1.0000        106.2021
  102         14.0007         18.0000         16.0000          2.0000        115.4257
  103         14.0007         19.0000         16.0000          2.0000        115.7259
  104         14.0007         20.0000         16.0000          2.0000        120.1710
  106         14.0007         18.0000         16.0000          3.0000        130.6596
  107         14.0007         19.0000         16.0000          3.0000        131.0155
  108         14.0007         20.0000         16.0000          3.0000        134.2318
  110         14.0007         18.0000         16.0000          4.0000        149.7585
  111         14.0007         19.0000         16.0000          4.0000        150.0688
  112         14.0007         20.0000         16.0000          4.0000        152.5554
   98         14.0007         18.0000         16.0000          1.0000        100.5704
   99         14.0007         19.0000         16.0000          1.0000        100.7632
  100         14.0007         20.0000         16.0000          1.0000        106.3450
  102         14.0007         18.0000         16.0000          2.0000        115.5714
  103         14.0007         19.0000         16.0000          2.0000        115.8732
  104         14.0007         20.0000         16.0000          2.0000        120.3087
  106         14.0007         18.0000         16.0000          3.0000        130.7918
  107         14.0007         19.0000         16.0000          3.0000        131.1488
  108         14.0007         20.0000         16.0000          3.0000        134.3566
  110         14.0007         18.0000         16.0000          4.0000        149.8690
  111         14.0007         19.0000         16.0000          4.0000        150.1800
  112         14.0007         20.0000         16.0000          4.0000        152.6594
   98         14.0007         18.0000         16.0000          1.0000        100.5995
   99         14.0007         19.0000         16.0000          1.0000        100.7923
  100         14.0007         20.0000         16.0000          1.0000        106.3713
  102         14.0007         18.0000         16.0000          2.0000        115.5977
  103         14.0007         19.0000         16.0000          2.0000        115.8995
  104         14.0007         20.0000         16.0000          2.0000        120.3329
  106         14.0007         18.0000         16.0000          3.0000        130.8151
  107         14.0007         19.0000         16.0000          3.0000        131.1721
  108         14.0007         20.0000         16.0000          3.0000        134.3783
  110         14.0007         18.0000         16.0000          4.0000        149.8886
  111         14.0007         19.0000         16.0000          4.0000        150.1996
  112         14.0007         20.0000         16.0000          4.0000        152.6778
   98         15.0004         18.0000         16.0000          1.0000         79.4650
   99         15.0004         19.0000         16.0000          1.0000         79.4716
  100         15.0004         20.0000         16.0000          1.0000         83.1199
  102         15.0004         18.0000         16.0000          2.0000         90.3447
  103         15.0004         19.0000         16.0000          2.0000         90.7192
  104         15.0004         20.0000         16.0000          2.0000         93.5930
  106         15.0004         18.0000         16.0000          3.0000        100.0655
  107         15.0004         19.0000         16.0000          3.0000        100.5970
  108         15.0004         20.0000         16.0000          3.0000        102.6739
  110         15.0004         18.0000         16.0000          4.0000        111.5790
  111         15.0004         19.0000         16.0000          4.0000        112.1049
  112         15.0004         20.0000         16.0000          4.0000        113.6751
   98         15.0004         18.0000         16.0000          1.0000         78.6411
   99         15.0004         19.0000         16.0000          1.0000         78.6452
  100         15.0004         20.0000         16.0000          1.0000         82.2559
  102         15.0004         18.0000         16.0000          2.0000         89.4320
  103         15.0004         19.0000         16.0000          2.0000         89.8021
  104         15.0004         20.0000         16.0000          2.0000         92.6568
  106         15.0004         18.0000         16.0000          3.0000         99.0900
  107         15.0004         19.0000         16.0000          3.0000         99.6164
  108         15.0004         20.0000         16.0000          3.0000        101.6862
  110         15.0004         18.0000         16.0000          4.0000        110.5603
  111         15.0004         19.0000         16.0000          4.0000        111.0821
  112         15.0004         20.0000         16.0000          4.0000        112.6518
   98         15.0004         18.0000         16.0000          1.0000         78.5265
   99         15.0004         19.0000         16.0000          1.0000         78.5276
  100         15.0004         20.0000         16.0000          1.0000         82.1434
  102         15.0004         18.0000         16.0000          2.0000         89.3202
  103         15.0004         19.0000         16.0000          2.0000         89.6885
  104         15.0004         20.0000         16.0000          2.0000         92.5495
  106         15.0004         18.0000         16.0000          3.0000         98.9896
  107         15.0004         19.0000         16.0000          3.0000         99.5147
  108         15.0004         20.0000         16.0000          3.0000        101.5907
  110         15.0004         18.0000         16.0000          4.0000        110.4786
  111         15.0004         19.0000         16.0000          4.0000        110.9997
  112         15.0004         20.0000         16.0000          4.0000        112.5751
   98         16.0012         18.0000         16.0000          1.0000         78.4309
   99         16.0012         19.0000         16.0000          1.0000         77.7014
  100         16.0012         20.0000         16.0000          1.0000         80.8004
  102         16.0012         18.0000         16.0000          2.0000         87.3204
  103         16.0012         19.0000         16.0000          2.0000         87.7982
  104         16.0012         20.0000         16.0000          2.0000         90.3238
  106         16.0012         18.0000         16.0000          3.0000         95.9527
  107         16.0012         19.0000         16.0000          3.0000         96.6692
  108         16.0012         20.0000         16.0000          3.0000         98.5189
  110         16.0012         18.0000         16.0000          4.0000        107.2392
  111         16.0012         19.0000         16.0000          4.0000        107.9431
  112         16.0012         20.0000         16.0000          4.0000        109.3937
   98         16.0012         18.0000         16.0000          1.0000         78.5305
   99         16.0012         19.0000         16.0000          1.0000         77.8032
  100         16.0012         20.0000         16.0000          1.0000         80.8929
  102         16.0012         18.0000         16.0000          2.0000         87.4115
  103         16.0012         19.0000         16.0000          2.0000         87.8904
  104         16.0012         20.0000         16.0000          2.0000         90.4088
  106         16.0012         18.0000         16.0000          3.0000         96.0296
  107         16.0012         19.0000         16.0000          3.0000         96.7468
  108         16.0012         20.0000         16.0000          3.0000         98.5913
  110         16.0012         18.0000         16.0000          4.0000        107.2719
  111         16.0012         19.0000         16.0000          4.0000        107.9761
  112         16.0012         20.0000         16.0000          4.0000        109.4227
   98         16.0012         18.0000         16.0000          1.0000         78.5573
   99         16.0012         19.0000         16.0000          1.0000         77.8301
  100         16.0012         20.0000         16.0000          1.0000         80.9164
  102         16.0012         18.0000         16.0000          2.0000         87.4355
  103         16.0012         19.0000         16.0000          2.0000         87.9146
  104         16.0012         20.0000         16.0000          2.0000         90.4303
  106         16.0012         18.0000         16.0000          3.0000         96.0503
  107         16.0012         19.0000         16.0000          3.0000         96.7676
  108         16.0012         20.0000         16.0000          3.0000         98.6100
  110         16.0012         18.0000         16.0000          4.0000        107.2895
  111         16.0012         19.0000         16.0000          4.0000        107.9938
  112         16.0012         20.0000         16.0000          4.0000        109.4388
   98         17.0004         18.0000         16.0000          1.0000         61.1557
   99         17.0004         19.0000         16.0000          1.0000         61.0346
  100         17.0004         20.0000         16.0000          1.0000         63.9120
  102         17.0004         18.0000         16.0000          2.0000         69.0543
  103         17.0004         19.0000         16.0000          2.0000         69.4226
  104         17.0004         20.0000         16.0000          2.0000         71.8024
  106         17.0004         18.0000         16.0000          3.0000         77.4591
  107         17.0004         19.0000         16.0000          3.0000         77.8764
  108         17.0004         20.0000         16.0000          3.0000         79.6088
  110         17.0004         18.0000         16.0000          4.0000         87.8462
  111         17.0004         19.0000         16.0000          4.0000         88.2262
  112         17.0004         20.0000         16.0000          4.0000         89.5824
   98         17.0004         18.0000         16.0000          1.0000         61.8187
   99         17.0004         19.0000         16.0000          1.0000         61.7014
  100         17.0004         20.0000         16.0000          1.0000         64.5805
  102         17.0004         18.0000         16.0000          2.0000         69.7473
  103         17.0004         19.0000         16.0000          2.0000         70.1198
  104         17.0004         20.0000         16.0000          2.0000         72.4927
  106         17.0004         18.0000         16.0000          3.0000         78.1606
  107         17.0004         19.0000         16.0000          3.0000         78.5822
  108         17.0004         20.0000         16.0000          3.0000         80.3044
  110         17.0004         18.0000         16.0000          4.0000         88.5605
  111         17.0004         19.0000         16.0000          4.0000         88.9439
  112         17.0004         20.0000         16.0000          4.0000         90.2899
   98         17.0004         18.0000         16.0000          1.0000         61.9279
   99         17.0004         19.0000         16.0000          1.0000         61.8122
  100         17.0004         20.0000         16.0000          1.0000         64.6843
  102         17.0004         18.0000         16.0000          2.0000         69.8534
  103         17.0004         19.0000         16.0000          2.0000         70.2270
  104         17.0004         20.0000         16.0000          2.0000         72.5929
  106         17.0004         18.0000         16.0000          3.0000         78.2570
  107         17.0004         19.0000         16.0000          3.0000         78.6795
  108         17.0004         20.0000         16.0000          3.0000         80.3954
  110         17.0004         18.0000         16.0000          4.0000         88.6402
  111         17.0004         19.0000         16.0000          4.0000         89.0242
  112         17.0004         20.0000         16.0000          4.0000         90.3647
   98         17.0004         18.0000         16.0000          1.0000         61.9471
   99         17.0004         19.0000         16.0000          1.0000         61.8316
  100         17.0004         20.0000         16.0000          1.0000         64.7019
  102         17.0004         18.0000         16.0000          2.0000         69.8709
  103         17.0004         19.0000         16.0000          2.0000         70.2446
  104         17.0004         20.0000         16.0000          2.0000         72.6092
  106         17.0004         18.0000         16.0000          3.0000         78.2727
  107         17.0004         19.0000         16.0000          3.0000         78.6952
  108         17.0004         20.0000         16.0000          3.0000         80.4101
  110         17.0004         18.0000         16.0000          4.0000         88.6535
  111         17.0004         19.0000         16.0000          4.0000         89.0376
  112         17.0004         20.0000         16.0000          4.0000         90.3773
   98         18.0037         18.0000         16.0000          1.0000         38.0263
   99         18.0037         19.0000         16.0000          1.0000         38.1056
  100         18.0037         20.0000         16.0000          1.0000         39.6819
  102         18.0037         18.0000         16.0000          2.0000         43.0295
  103         18.0037         19.0000         16.0000          2.0000         43.2694
  104         18.0037         20.0000         16.0000          2.0000         44.5062
  106         18.0037         18.0000         16.0000          3.0000         47.7276
  107         18.0037         19.0000         16.0000          3.0000         47.9872
  108         18.0037         20.0000         16.0000          3.0000         48.8479
  110         18.0037         18.0000         16.0000          4.0000         53.5036
  111         18.0037         19.0000         16.0000          4.0000         53.7420
  112         18.0037         20.0000         16.0000          4.0000         54.4059
   98         18.0037         18.0000         16.0000          1.0000         37.6144
   99         18.0037         19.0000         16.0000          1.0000         37.6926
  100         18.0037         20.0000         16.0000          1.0000         39.2516
  102         18.0037         18.0000         16.0000          2.0000         42.5763
  103         18.0037         19.0000         16.0000          2.0000         42.8133
  104         18.0037         20.0000         16.0000          2.0000         44.0435
  106         18.0037         18.0000         16.0000          3.0000         47.2531
  107         18.0037         19.0000         16.0000          3.0000         47.5093
  108         18.0037         20.0000         16.0000          3.0000         48.3697
  110         18.0037         18.0000         16.0000          4.0000         53.0227
  111         18.0037         19.0000         16.0000          4.0000         53.2581
  112         18.0037         20.0000         16.0000          4.0000         53.9254
   98         18.0037         18.0000         16.0000          1.0000         37.5548
   99         18.0037         19.0000         16.0000          1.0000         37.6317
  100         18.0037         20.0000         16.0000          1.0000         39.1931
  102         18.0037         18.0000         16.0000          2.0000         42.5177
  103         18.0037         19.0000         16.0000          2.0000         42.7539
  104         18.0037         20.0000         16.0000          2.0000         43.9868
  106         18.0037         18.0000         16.0000          3.0000         47.1987
  107         18.0037         19.0000         16.0000          3.0000         47.4544
  108         18.0037         20.0000         16.0000          3.0000         48.3175
  110         18.0037         18.0000         16.0000          4.0000         52.9756
  111         18.0037         19.0000         16.0000          4.0000         53.2107
  112         18.0037         20.0000         16.0000          4.0000         53.8805
   98         19.0012         18.0000         16.0000          1.0000         14.2106
   99         19.0012         19.0000         16.0000          1.0000         14.1898
  100         19.0012         20.0000         16.0000          1.0000         14.5154
  102         19.0012         18.0000         16.0000          2.0000         15.3515
  103         19.0012         19.0000         16.0000          2.0000         15.3890
  104         19.0012         20.0000         16.0000          2.0000         15.5946
  106         19.0012         18.0000         16.0000          3.0000         16.1488
  107         19.0012         19.0000         16.0000          3.0000         16.1948
  108         19.0012         20.0000         16.0000          3.0000         16.3180
  110         19.0012         18.0000         16.0000          4.0000         17.1618
  111         19.0012         19.0000         16.0000          4.0000         17.2079
  112         19.0012         20.0000         16.0000          4.0000         17.2978
   98         19.0012         18.0000         16.0000          1.0000         14.2549
   99         19.0012         19.0000         16.0000          1.0000         14.2353
  100         19.0012         20.0000         16.0000          1.0000         14.5524
  102         19.0012         18.0000         16.0000          2.0000         15.3857
  103         19.0012         19.0000         16.0000          2.0000         15.4236
  104         19.0012         20.0000         16.0000          2.0000         15.6227
  106         19.0012         18.0000         16.0000          3.0000         16.1719
  107         19.0012         19.0000         16.0000          3.0000         16.2179
  108         19.0012         20.0000         16.0000          3.0000         16.3366
  110         19.0012         18.0000         16.0000          4.0000         17.1732
  111         19.0012         19.0000         16.0000          4.0000         17.2192
  112         19.0012         20.0000         16.0000          4.0000         17.3062
   98         19.0012         18.0000         16.0000          1.0000         14.2614
   99         19.0012         19.0000         16.0000          1.0000         14.2418
  100         19.0012         20.0000         16.0000          1.0000         14.5581
  102         19.0012         18.0000         16.0000          2.0000         15.3921
  103         19.0012         19.0000         16.0000          2.0000         15.4301
  104         19.0012         20.0000         16.0000          2.0000         15.6285
  106         19.0012         18.0000         16.0000          3.0000         16.1777
  107         19.0012         19.0000         16.0000          3.0000         16.2238
  108         19.0012         20.0000         16.0000          3.0000         16.3418
  110         19.0012         18.0000         16.0000          4.0000         17.1779
  111         19.0012         19.0000         16.0000          4.0000         17.2240
  112         19.0012         20.0000         16.0000          4.0000         17.3104
   98         20.0036         18.0000         16.0000          1.0000          1.0389
   99         20.0036         19.0000         16.0000          1.0000          0.9844
  100         20.0036         20.0000         16.0000          1.0000          0.7790
  102         20.0036         18.0000         16.0000          2.0000          0.5486
  103         20.0036         19.0000         16.0000          2.0000          0.5213
  104         20.0036         20.0000         16.0000          2.0000          0.3177
  106         20.0036         18.0000         16.0000          3.0000         -0.2583
  107         20.0036         19.0000         16.0000          3.0000         -0.2793
  108         20.0036         20.0000         16.0000          3.0000         -0.4348
  110         20.0036         18.0000         16.0000          4.0000         -1.3091
  111         20.0036         19.0000         16.0000          4.0000         -1.3224
  112         20.0036         20.0000         16.0000          4.0000         -1.4503
   98         20.0036         18.0000         16.0000          1.0000          1.0784
   99         20.0036         19.0000         16.0000          1.0000          1.0248
  100         20.0036         20.0000         16.0000          1.0000          0.8135
  102         20.0036         18.0000         16.0000          2.0000          0.5820
  103         20.0036         19.0000         16.0000          2.0000          0.5552
  104         20.0036         20.0000         16.0000          2.0000          0.3471
  106         20.0036         18.0000         16.0000          3.0000         -0.2322
  107         20.0036         19.0000         16.0000          3.0000         -0.2530
  108         20.0036         20.0000         16.0000          3.0000         -0.4121
  110         20.0036         18.0000         16.0000          4.0000         -1.2925
  111         20.0036         19.0000         16.0000          4.0000         -1.3058
  112         20.0036         20.0000         16.0000          4.0000         -1.4361
   98         20.0036         18.0000         16.0000          1.0000          1.0831
   99         20.0036         19.0000         16.0000          1.0000          1.0294
  100         20.0036         20.0000         16.0000          1.0000          0.8174
  102         20.0036         18.0000         16.0000          2.0000          0.5863
  103         20.0036         19.0000         16.0000          2.0000          0.5595
  104         20.0036         20.0000         16.0000          2.0000          0.3508
  106         20.0036         18.0000         16.0000          3.0000         -0.2285
  107         20.0036         19.0000         16.0000          3.0000         -0.2492
  108         20.0036         20.0000         16.0000          3.0000         -0.4085
  110         20.0036         18.0000         16.0000          4.0000         -1.2887
  111         20.0036         19.0000         16.0000          4.0000         -1.3020
  112         20.0036         20.0000         16.0000          4.0000         -1.4326
   98         21.0011         18.0000         16.0000          1.0000         -1.6910
   99         21.0011         19.0000         16.0000          1.0000         -1.7626
  100         21.0011         20.0000         16.0000          1.0000         -2.0496
  102         21.0011         18.0000         16.0000          2.0000         -2.4574
  103         21.0011         19.0000         16.0000          2.0000         -2.5072
  104         21.0011         20.0000         16.0000          2.0000         -2.7801
  106         21.0011         18.0000         16.0000          3.0000         -3.5836
  107         21.0011         19.0000         16.0000          3.0000         -3.6272
  108         21.0011         20.0000         16.0000          3.0000         -3.8332
  110         21.0011         18.0000         16.0000          4.0000         -5.0156
  111         21.0011         19.0000         16.0000          4.0000         -5.0463
  112         21.0011         20.0000         16.0000          4.0000         -5.2052
   98         21.0011         18.0000         16.0000          1.0000         -1.6579
   99         21.0011         19.0000         16.0000          1.0000         -1.7287
  100         21.0011         20.0000         16.0000          1.0000         -2.0219
  102         21.0011         18.0000         16.0000          2.0000         -2.4310
  103         21.0011         19.0000         16.0000          2.0000         -2.4804
  104         21.0011         20.0000         16.0000          2.0000         -2.7581
  106         21.0011         18.0000         16.0000          3.0000         -3.5653
  107         21.0011         19.0000         16.0000          3.0000         -3.6087
  108         21.0011         20.0000         16.0000          3.0000         -3.8181
  110         21.0011         18.0000         16.0000          4.0000         -5.0062
  111         21.0011         19.0000         16.0000          4.0000         -5.0368
  112         21.0011         20.0000         16.0000          4.0000         -5.1981
   98         21.0011         18.0000         16.0000          1.0000         -1.6536
   99         21.0011         19.0000         16.0000          1.0000         -1.7243
  100         21.0011         20.0000         16.0000          1.0000         -2.0180
  102         21.0011         18.0000         16.0000          2.0000         -2.4263
  103         21.0011         19.0000         16.0000          2.0000         -2.4756
  104         21.0011         20.0000         16.0000          2.0000         -2.7538
  106         21.0011         18.0000         16.0000          3.0000         -3.5606
  107         21.0011         19.0000         16.0000          3.0000         -3.6040
  108         21.0011         20.0000         16.0000          3.0000         -3.8139
  110         21.0011         18.0000         16.0000          4.0000         -5.0022
  111         21.0011         19.0000         16.0000          4.0000         -5.0328
  112         21.0011         20.0000         16.0000          4.0000         -5.1945
   98         22.0025         18.0000         16.0000          1.0000         -1.5328
   99         22.0025         19.0000         16.0000          1.0000         -1.5941
  100         22.0025         20.0000         16.0000          1.0000         -1.8202
  102         22.0025         18.0000         16.0000          2.0000         -2.1461
  103         22.0025         19.0000         16.0000          2.0000         -2.1923
  104         22.0025         20.0000         16.0000          2.0000         -2.4055
  106         22.0025         18.0000         16.0000          3.0000         -3.0185
  107         22.0025         19.0000         16.0000          3.0000         -3.0600
  108         22.0025         20.0000         16.0000          3.0000         -3.2210
  110         22.0025         18.0000         16.0000          4.0000         -4.0777
  111         22.0025         19.0000         16.0000          4.0000         -4.1075
  112         22.0025         20.0000         16.0000          4.0000         -4.2302
   98         22.0025         18.0000         16.0000          1.0000         -1.5113
   99         22.0025         19.0000         16.0000          1.0000         -1.5722
  100         22.0025         20.0000         16.0000          1.0000         -1.8016
  102         22.0025         18.0000         16.0000          2.0000         -2.1278
  103         22.0025         19.0000         16.0000          2.0000         -2.1737
  104         22.0025         20.0000         16.0000          2.0000         -2.3896
  106         22.0025         18.0000         16.0000          3.0000         -3.0045
  107         22.0025         19.0000         16.0000          3.0000         -3.0458
  108         22.0025         20.0000         16.0000          3.0000         -3.2090
  110         22.0025         18.0000         16.0000          4.0000         -4.0690
  111         22.0025         19.0000         16.0000          4.0000         -4.0987
  112         22.0025         20.0000         16.0000          4.0000         -4.2230
   98         22.0025         18.0000         16.0000          1.0000         -1.5034
   99         22.0025         19.0000         16.0000          1.0000         -1.5640
  100         22.0025         20.0000         16.0000          1.0000         -1.7941
  102         22.0025         18.0000         16.0000          2.0000         -2.1196
  103         22.0025         19.0000         16.0000          2.0000         -2.1654
  104         22.0025         20.0000         16.0000          2.0000         -2.3820
  106         22.0025         18.0000         16.0000          3.0000         -2.9966
  107         22.0025         19.0000         16.0000          3.0000         -3.0379
  108         22.0025         20.0000         16.0000          3.0000         -3.2018
  110         22.0025         18.0000         16.0000          4.0000         -4.0625
  111         22.0025         19.0000         16.0000          4.0000         -4.0921
  112         22.0025         20.0000         16.0000          4.0000         -4.2170
   98         23.0064         18.0000         16.0000          1.0000         -2.0294
   99         23.0064         19.0000         16.0000          1.0000         -2.0964
  100         23.0064         20.0000         16.0000          1.0000         -2.3258
  102         23.0064         18.0000         16.0000          2.0000         -2.6321
  103         23.0064         19.0000         16.0000          2.0000         -2.6823
  104         23.0064         20.0000         16.0000          2.0000         -2.8933
  106         23.0064         18.0000         16.0000          3.0000         -3.4621
  107         23.0064         19.0000         16.0000          3.0000         -3.5063
  108         23.0064         20.0000         16.0000          3.0000         -3.6637
  110         23.0064         18.0000         16.0000          4.0000         -4.4405
  111         23.0064         19.0000         16.0000          4.0000         -4.4720
  112         23.0064         20.0000         16.0000          4.0000         -4.5901
   98         23.0064         18.0000         16.0000          1.0000         -2.0109
   99         23.0064         19.0000         16.0000          1.0000         -2.0773
  100         23.0064         20.0000         16.0000          1.0000         -2.3095
  102         23.0064         18.0000         16.0000          2.0000         -2.6157
  103         23.0064         19.0000         16.0000          2.0000         -2.6655
  104         23.0064         20.0000         16.0000          2.0000         -2.8788
  106         23.0064         18.0000         16.0000          3.0000         -3.4487
  107         23.0064         19.0000         16.0000          3.0000         -3.4927
  108         23.0064         20.0000         16.0000          3.0000         -3.6520
  110         23.0064         18.0000         16.0000          4.0000         -4.4314
  111         23.0064         19.0000         16.0000          4.0000         -4.4628
  112         23.0064         20.0000         16.0000          4.0000         -4.5822
   98         23.0064         18.0000         16.0000          1.0000         -2.0008
   99         23.0064         19.0000         16.0000          1.0000         -2.0670
  100         23.0064         20.0000         16.0000          1.0000         -2.3001
  102         23.0064         18.0000         16.0000          2.0000         -2.6057
  103         23.0064         19.0000         16.0000          2.0000         -2.6554
  104         23.0064         20.0000         16.0000          2.0000         -2.8696
  106         23.0064         18.0000         16.0000          3.0000         -3.4396
  107         23.0064         19.0000         16.0000          3.0000         -3.4835
  108         23.0064         20.0000         16.0000          3.0000         -3.6435
  110         23.0064         18.0000         16.0000          4.0000         -4.4240
  111         23.0064         19.0000         16.0000          4.0000         -4.4553
  112         23.0064         20.0000         16.0000          4.0000         -4.5754
