   66          1.0013         18.0000         21.0000          1.0000          0.0000
   67          1.0013         19.0000         21.0000          1.0000          0.0000
   68          1.0013         20.0000         21.0000          1.0000          0.0000
   70          1.0013         18.0000         21.0000          2.0000          0.0000
   71          1.0013         19.0000         21.0000          2.0000          0.0000
   72          1.0013         20.0000         21.0000          2.0000          0.0000
   74          1.0013         18.0000         21.0000          3.0000          0.0000
   75          1.0013         19.0000         21.0000          3.0000          0.0000
   76          1.0013         20.0000         21.0000          3.0000          0.0000
   78          1.0013         18.0000         21.0000          4.0000          0.0000
   79          1.0013         19.0000         21.0000          4.0000          0.0000
   80          1.0013         20.0000         21.0000          4.0000          0.0000
   66          1.0013         18.0000         21.0000          1.0000          0.0000
   67          1.0013         19.0000         21.0000          1.0000          0.0000
   68          1.0013         20.0000         21.0000          1.0000          0.0000
   70          1.0013         18.0000         21.0000          2.0000          0.0000
   71          1.0013         19.0000         21.0000          2.0000          0.0000
   72          1.0013         20.0000         21.0000          2.0000          0.0000
   74          1.0013         18.0000         21.0000          3.0000          0.0000
   75          1.0013         19.0000         21.0000          3.0000          0.0000
   76          1.0013         20.0000         21.0000          3.0000          0.0000
   78          1.0013         18.0000         21.0000          4.0000          0.0000
   79          1.0013         19.0000         21.0000          4.0000          0.0000
   80          1.0013         20.0000         21.0000          4.0000          0.0000
   66          1.0013         18.0000         21.0000          1.0000          0.0000
   67          1.0013         19.0000         21.0000          1.0000          0.0000
   68          1.0013         20.0000         21.0000          1.0000          0.0000
   70          1.0013         18.0000         21.0000          2.0000          0.0000
   71          1.0013         19.0000         21.0000          2.0000          0.0000
   72          1.0013         20.0000         21.0000          2.0000          0.0000
   74          1.0013         18.0000         21.0000          3.0000          0.0000
   75          1.0013         19.0000         21.0000          3.0000          0.0000
   76          1.0013         20.0000         21.0000          3.0000          0.0000
   78          1.0013         18.0000         21.0000          4.0000          0.0000
   79          1.0013         19.0000         21.0000          4.0000          0.0000
   80          1.0013         20.0000         21.0000          4.0000          0.0000
   66          1.0085         18.0000         21.0000          1.0000          0.0000
   67          1.0085         19.0000         21.0000          1.0000          0.0000
   68          1.0085         20.0000         21.0000          1.0000          0.0000
   70          1.0085         18.0000         21.0000          2.0000          0.0000
   71          1.0085         19.0000         21.0000          2.0000          0.0000
   72          1.0085         20.0000         21.0000          2.0000          0.0000
   74          1.0085         18.0000         21.0000          3.0000          0.0000
   75          1.0085         19.0000         21.0000          3.0000          0.0000
   76          1.0085         20.0000         21.0000          3.0000          0.0000
   78          1.0085         18.0000         21.0000          4.0000          0.0000
   79          1.0085         19.0000         21.0000          4.0000          0.0000
   80          1.0085         20.0000         21.0000          4.0000          0.0000
   66          1.0085         18.0000         21.0000          1.0000          0.0000
   67          1.0085         19.0000         21.0000          1.0000          0.0000
   68          1.0085         20.0000         21.0000          1.0000          0.0000
   70          1.0085         18.0000         21.0000          2.0000          0.0000
   71          1.0085         19.0000         21.0000          2.0000          0.0000
   72          1.0085         20.0000         21.0000          2.0000          0.0000
   74          1.0085         18.0000         21.0000          3.0000          0.0000
   75          1.0085         19.0000         21.0000          3.0000          0.0000
   76          1.0085         20.0000         21.0000          3.0000          0.0000
   78          1.0085         18.0000         21.0000          4.0000          0.0000
   79          1.0085         19.0000         21.0000          4.0000          0.0000
   80          1.0085         20.0000         21.0000          4.0000          0.0000
   66          1.0085         18.0000         21.0000          1.0000          0.0000
   67          1.0085         19.0000         21.0000          1.0000          0.0000
   68          1.0085         20.0000         21.0000          1.0000          0.0000
   70          1.0085         18.0000         21.0000          2.0000          0.0000
   71          1.0085         19.0000         21.0000          2.0000          0.0000
   72          1.0085         20.0000         21.0000          2.0000          0.0000
   74          1.0085         18.0000         21.0000          3.0000          0.0000
   75          1.0085         19.0000         21.0000          3.0000          0.0000
   76          1.0085         20.0000         21.0000          3.0000          0.0000
   78          1.0085         18.0000         21.0000          4.0000          0.0000
   79          1.0085         19.0000         21.0000          4.0000          0.0000
   80          1.0085         20.0000         21.0000          4.0000          0.0000
   66          2.0075         18.0000         21.0000          1.0000          0.0000
   67          2.0075         19.0000         21.0000          1.0000          0.0000
   68          2.0075         20.0000         21.0000          1.0000          0.0000
   70          2.0075         18.0000         21.0000          2.0000          0.0000
   71          2.0075         19.0000         21.0000          2.0000          0.0000
   72          2.0075         20.0000         21.0000          2.0000          0.0000
   74          2.0075         18.0000         21.0000          3.0000          0.0000
   75          2.0075         19.0000         21.0000          3.0000          0.0000
   76          2.0075         20.0000         21.0000          3.0000          0.0000
   78          2.0075         18.0000         21.0000          4.0000          0.0000
   79          2.0075         19.0000         21.0000          4.0000          0.0000
   80          2.0075         20.0000         21.0000          4.0000          0.0000
   66          2.0075         18.0000         21.0000          1.0000          0.0000
   67          2.0075         19.0000         21.0000          1.0000          0.0000
   68          2.0075         20.0000         21.0000          1.0000          0.0000
   70          2.0075         18.0000         21.0000          2.0000          0.0000
   71          2.0075         19.0000         21.0000          2.0000          0.0000
   72          2.0075         20.0000         21.0000          2.0000          0.0000
   74          2.0075         18.0000         21.0000          3.0000          0.0000
   75          2.0075         19.0000         21.0000          3.0000          0.0000
   76          2.0075         20.0000         21.0000          3.0000          0.0000
   78          2.0075         18.0000         21.0000          4.0000          0.0000
   79          2.0075         19.0000         21.0000          4.0000          0.0000
   80          2.0075         20.0000         21.0000          4.0000          0.0000
   66          2.0075         18.0000         21.0000          1.0000          0.0000
   67          2.0075         19.0000         21.0000          1.0000          0.0000
   68          2.0075         20.0000         21.0000          1.0000          0.0000
   70          2.0075         18.0000         21.0000          2.0000          0.0000
   71          2.0075         19.0000         21.0000          2.0000          0.0000
   72          2.0075         20.0000         21.0000          2.0000          0.0000
   74          2.0075         18.0000         21.0000          3.0000          0.0000
   75          2.0075         19.0000         21.0000          3.0000          0.0000
   76          2.0075         20.0000         21.0000          3.0000          0.0000
   78          2.0075         18.0000         21.0000          4.0000          0.0000
   79          2.0075         19.0000         21.0000          4.0000          0.0000
   80          2.0075         20.0000         21.0000          4.0000          0.0000
   66          3.0133         18.0000         21.0000          1.0000          0.0000
   67          3.0133         19.0000         21.0000          1.0000          0.0000
   68          3.0133         20.0000         21.0000          1.0000          0.0000
   70          3.0133         18.0000         21.0000          2.0000          0.0000
   71          3.0133         19.0000         21.0000          2.0000          0.0000
   72          3.0133         20.0000         21.0000          2.0000          0.0000
   74          3.0133         18.0000         21.0000          3.0000          0.0000
   75          3.0133         19.0000         21.0000          3.0000          0.0000
   76          3.0133         20.0000         21.0000          3.0000          0.0000
   78          3.0133         18.0000         21.0000          4.0000          0.0000
   79          3.0133         19.0000         21.0000          4.0000          0.0000
   80          3.0133         20.0000         21.0000          4.0000          0.0000
   66          3.0133         18.0000         21.0000          1.0000          0.0000
   67          3.0133         19.0000         21.0000          1.0000          0.0000
   68          3.0133         20.0000         21.0000          1.0000          0.0000
   70          3.0133         18.0000         21.0000          2.0000          0.0000
   71          3.0133         19.0000         21.0000          2.0000          0.0000
   72          3.0133         20.0000         21.0000          2.0000          0.0000
   74          3.0133         18.0000         21.0000          3.0000          0.0000
   75          3.0133         19.0000         21.0000          3.0000          0.0000
   76          3.0133         20.0000         21.0000          3.0000          0.0000
   78          3.0133         18.0000         21.0000          4.0000          0.0000
   79          3.0133         19.0000         21.0000          4.0000          0.0000
   80          3.0133         20.0000         21.0000          4.0000          0.0000
   66          3.0133         18.0000         21.0000          1.0000          0.0000
   67          3.0133         19.0000         21.0000          1.0000          0.0000
   68          3.0133         20.0000         21.0000          1.0000          0.0000
   70          3.0133         18.0000         21.0000          2.0000          0.0000
   71          3.0133         19.0000         21.0000          2.0000          0.0000
   72          3.0133         20.0000         21.0000          2.0000          0.0000
   74          3.0133         18.0000         21.0000          3.0000          0.0000
   75          3.0133         19.0000         21.0000          3.0000          0.0000
   76          3.0133         20.0000         21.0000          3.0000          0.0000
   78          3.0133         18.0000         21.0000          4.0000          0.0000
   79          3.0133         19.0000         21.0000          4.0000          0.0000
   80          3.0133         20.0000         21.0000          4.0000          0.0000
   66          4.0157         18.0000         21.0000          1.0000          0.0000
   67          4.0157         19.0000         21.0000          1.0000          0.0000
   68          4.0157         20.0000         21.0000          1.0000          0.0000
   70          4.0157         18.0000         21.0000          2.0000          0.0000
   71          4.0157         19.0000         21.0000          2.0000          0.0000
   72          4.0157         20.0000         21.0000          2.0000          0.0000
   74          4.0157         18.0000         21.0000          3.0000          0.0000
   75          4.0157         19.0000         21.0000          3.0000          0.0000
   76          4.0157         20.0000         21.0000          3.0000          0.0000
   78          4.0157         18.0000         21.0000          4.0000          0.0000
   79          4.0157         19.0000         21.0000          4.0000          0.0000
   80          4.0157         20.0000         21.0000          4.0000          0.0000
   66          4.0157         18.0000         21.0000          1.0000          0.0000
   67          4.0157         19.0000         21.0000          1.0000          0.0000
   68          4.0157         20.0000         21.0000          1.0000          0.0000
   70          4.0157         18.0000         21.0000          2.0000          0.0000
   71          4.0157         19.0000         21.0000          2.0000          0.0000
   72          4.0157         20.0000         21.0000          2.0000          0.0000
   74          4.0157         18.0000         21.0000          3.0000          0.0000
   75          4.0157         19.0000         21.0000          3.0000          0.0000
   76          4.0157         20.0000         21.0000          3.0000          0.0000
   78          4.0157         18.0000         21.0000          4.0000          0.0000
   79          4.0157         19.0000         21.0000          4.0000          0.0000
   80          4.0157         20.0000         21.0000          4.0000          0.0000
   66          4.0157         18.0000         21.0000          1.0000          0.0000
   67          4.0157         19.0000         21.0000          1.0000          0.0000
   68          4.0157         20.0000         21.0000          1.0000          0.0000
   70          4.0157         18.0000         21.0000          2.0000          0.0000
   71          4.0157         19.0000         21.0000          2.0000          0.0000
   72          4.0157         20.0000         21.0000          2.0000          0.0000
   74          4.0157         18.0000         21.0000          3.0000          0.0000
   75          4.0157         19.0000         21.0000          3.0000          0.0000
   76          4.0157         20.0000         21.0000          3.0000          0.0000
   78          4.0157         18.0000         21.0000          4.0000          0.0000
   79          4.0157         19.0000         21.0000          4.0000          0.0000
   80          4.0157         20.0000         21.0000          4.0000          0.0000
   66          5.0182         18.0000         21.0000          1.0000          0.0000
   67          5.0182         19.0000         21.0000          1.0000          0.0000
   68          5.0182         20.0000         21.0000          1.0000          0.0000
   70          5.0182         18.0000         21.0000          2.0000          0.0000
   71          5.0182         19.0000         21.0000          2.0000          0.0000
   72          5.0182         20.0000         21.0000          2.0000          0.0000
   74          5.0182         18.0000         21.0000          3.0000          0.0000
   75          5.0182         19.0000         21.0000          3.0000          0.0000
   76          5.0182         20.0000         21.0000          3.0000          0.0000
   78          5.0182         18.0000         21.0000          4.0000          0.0000
   79          5.0182         19.0000         21.0000          4.0000          0.0000
   80          5.0182         20.0000         21.0000          4.0000          0.0000
   66          5.0182         18.0000         21.0000          1.0000          0.0000
   67          5.0182         19.0000         21.0000          1.0000          0.0000
   68          5.0182         20.0000         21.0000          1.0000          0.0000
   70          5.0182         18.0000         21.0000          2.0000          0.0000
   71          5.0182         19.0000         21.0000          2.0000          0.0000
   72          5.0182         20.0000         21.0000          2.0000          0.0000
   74          5.0182         18.0000         21.0000          3.0000          0.0000
   75          5.0182         19.0000         21.0000          3.0000          0.0000
   76          5.0182         20.0000         21.0000          3.0000          0.0000
   78          5.0182         18.0000         21.0000          4.0000          0.0000
   79          5.0182         19.0000         21.0000          4.0000          0.0000
   80          5.0182         20.0000         21.0000          4.0000          0.0000
   66          5.0182         18.0000         21.0000          1.0000          0.0000
   67          5.0182         19.0000         21.0000          1.0000          0.0000
   68          5.0182         20.0000         21.0000          1.0000          0.0000
   70          5.0182         18.0000         21.0000          2.0000          0.0000
   71          5.0182         19.0000         21.0000          2.0000          0.0000
   72          5.0182         20.0000         21.0000          2.0000          0.0000
   74          5.0182         18.0000         21.0000          3.0000          0.0000
   75          5.0182         19.0000         21.0000          3.0000          0.0000
   76          5.0182         20.0000         21.0000          3.0000          0.0000
   78          5.0182         18.0000         21.0000          4.0000          0.0000
   79          5.0182         19.0000         21.0000          4.0000          0.0000
   80          5.0182         20.0000         21.0000          4.0000          0.0000
   66          6.0271         18.0000         21.0000          1.0000          0.0000
   67          6.0271         19.0000         21.0000          1.0000          0.0000
   68          6.0271         20.0000         21.0000          1.0000          0.0000
   70          6.0271         18.0000         21.0000          2.0000          0.0000
   71          6.0271         19.0000         21.0000          2.0000          0.0000
   72          6.0271         20.0000         21.0000          2.0000          0.0000
   74          6.0271         18.0000         21.0000          3.0000          0.0000
   75          6.0271         19.0000         21.0000          3.0000          0.0000
   76          6.0271         20.0000         21.0000          3.0000          0.0000
   78          6.0271         18.0000         21.0000          4.0000          0.0000
   79          6.0271         19.0000         21.0000          4.0000          0.0000
   80          6.0271         20.0000         21.0000          4.0000          0.0000
   66          6.0271         18.0000         21.0000          1.0000          0.0000
   67          6.0271         19.0000         21.0000          1.0000          0.0000
   68          6.0271         20.0000         21.0000          1.0000          0.0000
   70          6.0271         18.0000         21.0000          2.0000          0.0000
   71          6.0271         19.0000         21.0000          2.0000          0.0000
   72          6.0271         20.0000         21.0000          2.0000          0.0000
   74          6.0271         18.0000         21.0000          3.0000          0.0000
   75          6.0271         19.0000         21.0000          3.0000          0.0000
   76          6.0271         20.0000         21.0000          3.0000          0.0000
   78          6.0271         18.0000         21.0000          4.0000          0.0000
   79          6.0271         19.0000         21.0000          4.0000          0.0000
   80          6.0271         20.0000         21.0000          4.0000          0.0000
   66          6.0271         18.0000         21.0000          1.0000          0.0000
   67          6.0271         19.0000         21.0000          1.0000          0.0000
   68          6.0271         20.0000         21.0000          1.0000          0.0000
   70          6.0271         18.0000         21.0000          2.0000          0.0000
   71          6.0271         19.0000         21.0000          2.0000          0.0000
   72          6.0271         20.0000         21.0000          2.0000          0.0000
   74          6.0271         18.0000         21.0000          3.0000          0.0000
   75          6.0271         19.0000         21.0000          3.0000          0.0000
   76          6.0271         20.0000         21.0000          3.0000          0.0000
   78          6.0271         18.0000         21.0000          4.0000          0.0000
   79          6.0271         19.0000         21.0000          4.0000          0.0000
   80          6.0271         20.0000         21.0000          4.0000          0.0000
   66          7.0186         18.0000         21.0000          1.0000          0.0231
   67          7.0186         19.0000         21.0000          1.0000          0.0231
   68          7.0186         20.0000         21.0000          1.0000          0.0253
   70          7.0186         18.0000         21.0000          2.0000          0.0281
   71          7.0186         19.0000         21.0000          2.0000          0.0280
   72          7.0186         20.0000         21.0000          2.0000          0.0300
   74          7.0186         18.0000         21.0000          3.0000          0.0344
   75          7.0186         19.0000         21.0000          3.0000          0.0344
   76          7.0186         20.0000         21.0000          3.0000          0.0359
   78          7.0186         18.0000         21.0000          4.0000          0.0419
   79          7.0186         19.0000         21.0000          4.0000          0.0419
   80          7.0186         20.0000         21.0000          4.0000          0.0431
   66          7.0186         18.0000         21.0000          1.0000          0.0231
   67          7.0186         19.0000         21.0000          1.0000          0.0230
   68          7.0186         20.0000         21.0000          1.0000          0.0252
   70          7.0186         18.0000         21.0000          2.0000          0.0280
   71          7.0186         19.0000         21.0000          2.0000          0.0280
   72          7.0186         20.0000         21.0000          2.0000          0.0300
   74          7.0186         18.0000         21.0000          3.0000          0.0344
   75          7.0186         19.0000         21.0000          3.0000          0.0344
   76          7.0186         20.0000         21.0000          3.0000          0.0359
   78          7.0186         18.0000         21.0000          4.0000          0.0419
   79          7.0186         19.0000         21.0000          4.0000          0.0419
   80          7.0186         20.0000         21.0000          4.0000          0.0431
   66          7.0186         18.0000         21.0000          1.0000          0.0230
   67          7.0186         19.0000         21.0000          1.0000          0.0230
   68          7.0186         20.0000         21.0000          1.0000          0.0252
   70          7.0186         18.0000         21.0000          2.0000          0.0280
   71          7.0186         19.0000         21.0000          2.0000          0.0280
   72          7.0186         20.0000         21.0000          2.0000          0.0300
   74          7.0186         18.0000         21.0000          3.0000          0.0344
   75          7.0186         19.0000         21.0000          3.0000          0.0343
   76          7.0186         20.0000         21.0000          3.0000          0.0359
   78          7.0186         18.0000         21.0000          4.0000          0.0419
   79          7.0186         19.0000         21.0000          4.0000          0.0419
   80          7.0186         20.0000         21.0000          4.0000          0.0431
   66          8.0102         18.0000         21.0000          1.0000          1.5591
   67          8.0102         19.0000         21.0000          1.0000          1.5573
   68          8.0102         20.0000         21.0000          1.0000          1.6799
   70          8.0102         18.0000         21.0000          2.0000          1.8348
   71          8.0102         19.0000         21.0000          2.0000          1.8326
   72          8.0102         20.0000         21.0000          2.0000          1.9429
   74          8.0102         18.0000         21.0000          3.0000          2.1894
   75          8.0102         19.0000         21.0000          3.0000          2.1870
   76          8.0102         20.0000         21.0000          3.0000          2.2729
   78          8.0102         18.0000         21.0000          4.0000          2.6086
   79          8.0102         19.0000         21.0000          4.0000          2.6067
   80          8.0102         20.0000         21.0000          4.0000          2.6759
   66          8.0102         18.0000         21.0000          1.0000          1.5575
   67          8.0102         19.0000         21.0000          1.0000          1.5558
   68          8.0102         20.0000         21.0000          1.0000          1.6786
   70          8.0102         18.0000         21.0000          2.0000          1.8335
   71          8.0102         19.0000         21.0000          2.0000          1.8313
   72          8.0102         20.0000         21.0000          2.0000          1.9417
   74          8.0102         18.0000         21.0000          3.0000          2.1883
   75          8.0102         19.0000         21.0000          3.0000          2.1859
   76          8.0102         20.0000         21.0000          3.0000          2.2720
   78          8.0102         18.0000         21.0000          4.0000          2.6078
   79          8.0102         19.0000         21.0000          4.0000          2.6059
   80          8.0102         20.0000         21.0000          4.0000          2.6751
   66          8.0102         18.0000         21.0000          1.0000          1.5559
   67          8.0102         19.0000         21.0000          1.0000          1.5544
   68          8.0102         20.0000         21.0000          1.0000          1.6772
   70          8.0102         18.0000         21.0000          2.0000          1.8321
   71          8.0102         19.0000         21.0000          2.0000          1.8300
   72          8.0102         20.0000         21.0000          2.0000          1.9406
   74          8.0102         18.0000         21.0000          3.0000          2.1872
   75          8.0102         19.0000         21.0000          3.0000          2.1849
   76          8.0102         20.0000         21.0000          3.0000          2.2710
   78          8.0102         18.0000         21.0000          4.0000          2.6070
   79          8.0102         19.0000         21.0000          4.0000          2.6051
   80          8.0102         20.0000         21.0000          4.0000          2.6744
   66          9.0088         18.0000         21.0000          1.0000         15.6780
   67          9.0088         19.0000         21.0000          1.0000         15.6541
   68          9.0088         20.0000         21.0000          1.0000         16.2417
   70          9.0088         18.0000         21.0000          2.0000         16.9460
   71          9.0088         19.0000         21.0000          2.0000         16.9170
   72          9.0088         20.0000         21.0000          2.0000         17.4464
   74          9.0088         18.0000         21.0000          3.0000         18.6292
   75          9.0088         19.0000         21.0000          3.0000         18.5968
   76          9.0088         20.0000         21.0000          3.0000         19.0063
   78          9.0088         18.0000         21.0000          4.0000         20.6454
   79          9.0088         19.0000         21.0000          4.0000         20.6153
   80          9.0088         20.0000         21.0000          4.0000         20.9421
   66          9.0088         18.0000         21.0000          1.0000         15.6680
   67          9.0088         19.0000         21.0000          1.0000         15.6445
   68          9.0088         20.0000         21.0000          1.0000         16.2333
   70          9.0088         18.0000         21.0000          2.0000         16.9373
   71          9.0088         19.0000         21.0000          2.0000         16.9086
   72          9.0088         20.0000         21.0000          2.0000         17.4389
   74          9.0088         18.0000         21.0000          3.0000         18.6222
   75          9.0088         19.0000         21.0000          3.0000         18.5899
   76          9.0088         20.0000         21.0000          3.0000         19.0001
   78          9.0088         18.0000         21.0000          4.0000         20.6402
   79          9.0088         19.0000         21.0000          4.0000         20.6102
   80          9.0088         20.0000         21.0000          4.0000         20.9374
   66          9.0088         18.0000         21.0000          1.0000         15.6580
   67          9.0088         19.0000         21.0000          1.0000         15.6349
   68          9.0088         20.0000         21.0000          1.0000         16.2248
   70          9.0088         18.0000         21.0000          2.0000         16.9287
   71          9.0088         19.0000         21.0000          2.0000         16.9002
   72          9.0088         20.0000         21.0000          2.0000         17.4314
   74          9.0088         18.0000         21.0000          3.0000         18.6152
   75          9.0088         19.0000         21.0000          3.0000         18.5830
   76          9.0088         20.0000         21.0000          3.0000         18.9939
   78          9.0088         18.0000         21.0000          4.0000         20.6350
   79          9.0088         19.0000         21.0000          4.0000         20.6051
   80          9.0088         20.0000         21.0000          4.0000         20.9327
   66         10.0006         18.0000         21.0000          1.0000         29.4641
   67         10.0006         19.0000         21.0000          1.0000         29.3806
   68         10.0006         20.0000         21.0000          1.0000         30.3549
   70         10.0006         18.0000         21.0000          2.0000         31.5349
   71         10.0006         19.0000         21.0000          2.0000         31.4385
   72         10.0006         20.0000         21.0000          2.0000         32.3090
   74         10.0006         18.0000         21.0000          3.0000         34.3152
   75         10.0006         19.0000         21.0000          3.0000         34.2153
   76         10.0006         20.0000         21.0000          3.0000         34.8859
   78         10.0006         18.0000         21.0000          4.0000         37.6745
   79         10.0006         19.0000         21.0000          4.0000         37.5854
   80         10.0006         20.0000         21.0000          4.0000         38.1195
   66         10.0006         18.0000         21.0000          1.0000         29.4436
   67         10.0006         19.0000         21.0000          1.0000         29.3610
   68         10.0006         20.0000         21.0000          1.0000         30.3376
   70         10.0006         18.0000         21.0000          2.0000         31.5172
   71         10.0006         19.0000         21.0000          2.0000         31.4214
   72         10.0006         20.0000         21.0000          2.0000         32.2937
   74         10.0006         18.0000         21.0000          3.0000         34.3008
   75         10.0006         19.0000         21.0000          3.0000         34.2013
   76         10.0006         20.0000         21.0000          3.0000         34.8732
   78         10.0006         18.0000         21.0000          4.0000         37.6639
   79         10.0006         19.0000         21.0000          4.0000         37.5750
   80         10.0006         20.0000         21.0000          4.0000         38.1100
   66         10.0006         18.0000         21.0000          1.0000         29.4231
   67         10.0006         19.0000         21.0000          1.0000         29.3415
   68         10.0006         20.0000         21.0000          1.0000         30.3203
   70         10.0006         18.0000         21.0000          2.0000         31.4995
   71         10.0006         19.0000         21.0000          2.0000         31.4043
   72         10.0006         20.0000         21.0000          2.0000         32.2784
   74         10.0006         18.0000         21.0000          3.0000         34.2865
   75         10.0006         19.0000         21.0000          3.0000         34.1873
   76         10.0006         20.0000         21.0000          3.0000         34.8604
   78         10.0006         18.0000         21.0000          4.0000         37.6533
   79         10.0006         19.0000         21.0000          4.0000         37.5646
   80         10.0006         20.0000         21.0000          4.0000         38.1005
   66         11.0019         18.0000         21.0000          1.0000         32.3098
   67         11.0019         19.0000         21.0000          1.0000         32.2274
   68         11.0019         20.0000         21.0000          1.0000         33.6848
   70         11.0019         18.0000         21.0000          2.0000         35.4370
   71         11.0019         19.0000         21.0000          2.0000         35.3422
   72         11.0019         20.0000         21.0000          2.0000         36.6621
   74         11.0019         18.0000         21.0000          3.0000         39.5683
   75         11.0019         19.0000         21.0000          3.0000         39.4709
   76         11.0019         20.0000         21.0000          3.0000         40.5002
   78         11.0019         18.0000         21.0000          4.0000         44.5303
   79         11.0019         19.0000         21.0000          4.0000         44.4419
   80         11.0019         20.0000         21.0000          4.0000         45.2689
   66         11.0019         18.0000         21.0000          1.0000         32.2828
   67         11.0019         19.0000         21.0000          1.0000         32.2015
   68         11.0019         20.0000         21.0000          1.0000         33.6620
   70         11.0019         18.0000         21.0000          2.0000         35.4137
   71         11.0019         19.0000         21.0000          2.0000         35.3196
   72         11.0019         20.0000         21.0000          2.0000         36.6419
   74         11.0019         18.0000         21.0000          3.0000         39.5494
   75         11.0019         19.0000         21.0000          3.0000         39.4524
   76         11.0019         20.0000         21.0000          3.0000         40.4834
   78         11.0019         18.0000         21.0000          4.0000         44.5163
   79         11.0019         19.0000         21.0000          4.0000         44.4282
   80         11.0019         20.0000         21.0000          4.0000         45.2563
   66         11.0019         18.0000         21.0000          1.0000         32.2557
   67         11.0019         19.0000         21.0000          1.0000         32.1757
   68         11.0019         20.0000         21.0000          1.0000         33.6392
   70         11.0019         18.0000         21.0000          2.0000         35.3904
   71         11.0019         19.0000         21.0000          2.0000         35.2970
   72         11.0019         20.0000         21.0000          2.0000         36.6216
   74         11.0019         18.0000         21.0000          3.0000         39.5305
   75         11.0019         19.0000         21.0000          3.0000         39.4340
   76         11.0019         20.0000         21.0000          3.0000         40.4666
   78         11.0019         18.0000         21.0000          4.0000         44.5024
   79         11.0019         19.0000         21.0000          4.0000         44.4145
   80         11.0019         20.0000         21.0000          4.0000         45.2437
   66         12.0048         18.0000         21.0000          1.0000         43.3385
   67         12.0048         19.0000         21.0000          1.0000         43.3925
   68         12.0048         20.0000         21.0000          1.0000         45.0123
   70         12.0048         18.0000         21.0000          2.0000         46.4534
   71         12.0048         19.0000         21.0000          2.0000         46.5040
   72         12.0048         20.0000         21.0000          2.0000         47.9705
   74         12.0048         18.0000         21.0000          3.0000         50.6840
   75         12.0048         19.0000         21.0000          3.0000         50.7284
   76         12.0048         20.0000         21.0000          3.0000         51.8939
   78         12.0048         18.0000         21.0000          4.0000         55.8382
   79         12.0048         19.0000         21.0000          4.0000         55.8927
   80         12.0048         20.0000         21.0000          4.0000         56.8362
   66         12.0048         18.0000         21.0000          1.0000         43.3049
   67         12.0048         19.0000         21.0000          1.0000         43.3601
   68         12.0048         20.0000         21.0000          1.0000         44.9836
   70         12.0048         18.0000         21.0000          2.0000         46.4247
   71         12.0048         19.0000         21.0000          2.0000         46.4757
   72         12.0048         20.0000         21.0000          2.0000         47.9451
   74         12.0048         18.0000         21.0000          3.0000         50.6607
   75         12.0048         19.0000         21.0000          3.0000         50.7054
   76         12.0048         20.0000         21.0000          3.0000         51.8727
   78         12.0048         18.0000         21.0000          4.0000         55.8210
   79         12.0048         19.0000         21.0000          4.0000         55.8756
   80         12.0048         20.0000         21.0000          4.0000         56.8203
   66         12.0048         18.0000         21.0000          1.0000         43.2712
   67         12.0048         19.0000         21.0000          1.0000         43.3277
   68         12.0048         20.0000         21.0000          1.0000         44.9549
   70         12.0048         18.0000         21.0000          2.0000         46.3959
   71         12.0048         19.0000         21.0000          2.0000         46.4475
   72         12.0048         20.0000         21.0000          2.0000         47.9197
   74         12.0048         18.0000         21.0000          3.0000         50.6374
   75         12.0048         19.0000         21.0000          3.0000         50.6823
   76         12.0048         20.0000         21.0000          3.0000         51.8516
   78         12.0048         18.0000         21.0000          4.0000         55.8038
   79         12.0048         19.0000         21.0000          4.0000         55.8586
   80         12.0048         20.0000         21.0000          4.0000         56.8045
   66         12.0048         18.0000         21.0000          1.0000         43.2376
   67         12.0048         19.0000         21.0000          1.0000         43.2953
   68         12.0048         20.0000         21.0000          1.0000         44.9263
   70         12.0048         18.0000         21.0000          2.0000         46.3671
   71         12.0048         19.0000         21.0000          2.0000         46.4193
   72         12.0048         20.0000         21.0000          2.0000         47.8943
   74         12.0048         18.0000         21.0000          3.0000         50.6141
   75         12.0048         19.0000         21.0000          3.0000         50.6593
   76         12.0048         20.0000         21.0000          3.0000         51.8304
   78         12.0048         18.0000         21.0000          4.0000         55.7866
   79         12.0048         19.0000         21.0000          4.0000         55.8415
   80         12.0048         20.0000         21.0000          4.0000         56.7886
   66         13.0003         18.0000         21.0000          1.0000         47.7841
   67         13.0003         19.0000         21.0000          1.0000         47.8205
   68         13.0003         20.0000         21.0000          1.0000         49.4081
   70         13.0003         18.0000         21.0000          2.0000         50.7361
   71         13.0003         19.0000         21.0000          2.0000         50.7697
   72         13.0003         20.0000         21.0000          2.0000         52.2163
   74         13.0003         18.0000         21.0000          3.0000         54.8065
   75         13.0003         19.0000         21.0000          3.0000         54.8406
   76         13.0003         20.0000         21.0000          3.0000         55.9973
   78         13.0003         18.0000         21.0000          4.0000         59.8215
   79         13.0003         19.0000         21.0000          4.0000         59.8619
   80         13.0003         20.0000         21.0000          4.0000         60.7990
   66         13.0003         18.0000         21.0000          1.0000         47.7482
   67         13.0003         19.0000         21.0000          1.0000         47.7860
   68         13.0003         20.0000         21.0000          1.0000         49.3776
   70         13.0003         18.0000         21.0000          2.0000         50.7056
   71         13.0003         19.0000         21.0000          2.0000         50.7397
   72         13.0003         20.0000         21.0000          2.0000         52.1894
   74         13.0003         18.0000         21.0000          3.0000         54.7818
   75         13.0003         19.0000         21.0000          3.0000         54.8162
   76         13.0003         20.0000         21.0000          3.0000         55.9750
   78         13.0003         18.0000         21.0000          4.0000         59.8033
   79         13.0003         19.0000         21.0000          4.0000         59.8438
   80         13.0003         20.0000         21.0000          4.0000         60.7822
   66         13.0003         18.0000         21.0000          1.0000         47.7123
   67         13.0003         19.0000         21.0000          1.0000         47.7515
   68         13.0003         20.0000         21.0000          1.0000         49.3472
   70         13.0003         18.0000         21.0000          2.0000         50.6750
   71         13.0003         19.0000         21.0000          2.0000         50.7098
   72         13.0003         20.0000         21.0000          2.0000         52.1625
   74         13.0003         18.0000         21.0000          3.0000         54.7571
   75         13.0003         19.0000         21.0000          3.0000         54.7918
   76         13.0003         20.0000         21.0000          3.0000         55.9526
   78         13.0003         18.0000         21.0000          4.0000         59.7851
   79         13.0003         19.0000         21.0000          4.0000         59.8257
   80         13.0003         20.0000         21.0000          4.0000         60.7655
   66         14.0007         18.0000         21.0000          1.0000         36.0541
   67         14.0007         19.0000         21.0000          1.0000         36.0588
   68         14.0007         20.0000         21.0000          1.0000         37.7868
   70         14.0007         18.0000         21.0000          2.0000         39.5975
   71         14.0007         19.0000         21.0000          2.0000         39.5961
   72         14.0007         20.0000         21.0000          2.0000         41.1684
   74         14.0007         18.0000         21.0000          3.0000         44.3025
   75         14.0007         19.0000         21.0000          3.0000         44.3001
   76         14.0007         20.0000         21.0000          3.0000         45.5458
   78         14.0007         18.0000         21.0000          4.0000         49.9791
   79         14.0007         19.0000         21.0000          4.0000         49.9829
   80         14.0007         20.0000         21.0000          4.0000         50.9907
   66         14.0007         18.0000         21.0000          1.0000         36.0234
   67         14.0007         19.0000         21.0000          1.0000         36.0293
   68         14.0007         20.0000         21.0000          1.0000         37.7608
   70         14.0007         18.0000         21.0000          2.0000         39.5712
   71         14.0007         19.0000         21.0000          2.0000         39.5704
   72         14.0007         20.0000         21.0000          2.0000         41.1453
   74         14.0007         18.0000         21.0000          3.0000         44.2813
   75         14.0007         19.0000         21.0000          3.0000         44.2791
   76         14.0007         20.0000         21.0000          3.0000         45.5266
   78         14.0007         18.0000         21.0000          4.0000         49.9634
   79         14.0007         19.0000         21.0000          4.0000         49.9674
   80         14.0007         20.0000         21.0000          4.0000         50.9763
   66         14.0007         18.0000         21.0000          1.0000         35.9927
   67         14.0007         19.0000         21.0000          1.0000         35.9998
   68         14.0007         20.0000         21.0000          1.0000         37.7347
   70         14.0007         18.0000         21.0000          2.0000         39.5450
   71         14.0007         19.0000         21.0000          2.0000         39.5448
   72         14.0007         20.0000         21.0000          2.0000         41.1222
   74         14.0007         18.0000         21.0000          3.0000         44.2600
   75         14.0007         19.0000         21.0000          3.0000         44.2582
   76         14.0007         20.0000         21.0000          3.0000         45.5074
   78         14.0007         18.0000         21.0000          4.0000         49.9478
   79         14.0007         19.0000         21.0000          4.0000         49.9519
   80         14.0007         20.0000         21.0000          4.0000         50.9620
   66         14.0007         18.0000         21.0000          1.0000         35.9620
   67         14.0007         19.0000         21.0000          1.0000         35.9703
   68         14.0007         20.0000         21.0000          1.0000         37.7087
   70         14.0007         18.0000         21.0000          2.0000         39.5187
   71         14.0007         19.0000         21.0000          2.0000         39.5191
   72         14.0007         20.0000         21.0000          2.0000         41.0991
   74         14.0007         18.0000         21.0000          3.0000         44.2388
   75         14.0007         19.0000         21.0000          3.0000         44.2373
   76         14.0007         20.0000         21.0000          3.0000         45.4883
   78         14.0007         18.0000         21.0000          4.0000         49.9321
   79         14.0007         19.0000         21.0000          4.0000         49.9363
   80         14.0007         20.0000         21.0000          4.0000         50.9476
   66         15.0004         18.0000         21.0000          1.0000         46.3767
   67         15.0004         19.0000         21.0000          1.0000         46.4395
   68         15.0004         20.0000         21.0000          1.0000         47.9405
   70         15.0004         18.0000         21.0000          2.0000         49.1435
   71         15.0004         19.0000         21.0000          2.0000         49.2038
   72         15.0004         20.0000         21.0000          2.0000         50.5680
   74         15.0004         18.0000         21.0000          3.0000         52.9584
   75         15.0004         19.0000         21.0000          3.0000         53.0156
   76         15.0004         20.0000         21.0000          3.0000         54.1064
   78         15.0004         18.0000         21.0000          4.0000         57.6503
   79         15.0004         19.0000         21.0000          4.0000         57.7151
   80         15.0004         20.0000         21.0000          4.0000         58.5997
   66         15.0004         18.0000         21.0000          1.0000         46.3420
   67         15.0004         19.0000         21.0000          1.0000         46.4061
   68         15.0004         20.0000         21.0000          1.0000         47.9110
   70         15.0004         18.0000         21.0000          2.0000         49.1139
   71         15.0004         19.0000         21.0000          2.0000         49.1748
   72         15.0004         20.0000         21.0000          2.0000         50.5418
   74         15.0004         18.0000         21.0000          3.0000         52.9344
   75         15.0004         19.0000         21.0000          3.0000         52.9919
   76         15.0004         20.0000         21.0000          3.0000         54.0847
   78         15.0004         18.0000         21.0000          4.0000         57.6326
   79         15.0004         19.0000         21.0000          4.0000         57.6975
   80         15.0004         20.0000         21.0000          4.0000         58.5834
   66         15.0004         18.0000         21.0000          1.0000         46.3074
   67         15.0004         19.0000         21.0000          1.0000         46.3727
   68         15.0004         20.0000         21.0000          1.0000         47.8814
   70         15.0004         18.0000         21.0000          2.0000         49.0842
   71         15.0004         19.0000         21.0000          2.0000         49.1457
   72         15.0004         20.0000         21.0000          2.0000         50.5156
   74         15.0004         18.0000         21.0000          3.0000         52.9104
   75         15.0004         19.0000         21.0000          3.0000         52.9682
   76         15.0004         20.0000         21.0000          3.0000         54.0629
   78         15.0004         18.0000         21.0000          4.0000         57.6149
   79         15.0004         19.0000         21.0000          4.0000         57.6799
   80         15.0004         20.0000         21.0000          4.0000         58.5670
   66         16.0012         18.0000         21.0000          1.0000         41.3056
   67         16.0012         19.0000         21.0000          1.0000         41.3977
   68         16.0012         20.0000         21.0000          1.0000         42.7088
   70         16.0012         18.0000         21.0000          2.0000         43.7182
   71         16.0012         19.0000         21.0000          2.0000         43.8104
   72         16.0012         20.0000         21.0000          2.0000         44.9990
   74         16.0012         18.0000         21.0000          3.0000         47.0346
   75         16.0012         19.0000         21.0000          3.0000         47.1267
   76         16.0012         20.0000         21.0000          3.0000         48.0714
   78         16.0012         18.0000         21.0000          4.0000         51.1009
   79         16.0012         19.0000         21.0000          4.0000         51.1938
   80         16.0012         20.0000         21.0000          4.0000         51.9651
   66         16.0012         18.0000         21.0000          1.0000         41.2757
   67         16.0012         19.0000         21.0000          1.0000         41.3687
   68         16.0012         20.0000         21.0000          1.0000         42.6831
   70         16.0012         18.0000         21.0000          2.0000         43.6926
   71         16.0012         19.0000         21.0000          2.0000         43.7851
   72         16.0012         20.0000         21.0000          2.0000         44.9761
   74         16.0012         18.0000         21.0000          3.0000         47.0138
   75         16.0012         19.0000         21.0000          3.0000         47.1060
   76         16.0012         20.0000         21.0000          3.0000         48.0524
   78         16.0012         18.0000         21.0000          4.0000         51.0855
   79         16.0012         19.0000         21.0000          4.0000         51.1784
   80         16.0012         20.0000         21.0000          4.0000         51.9509
   66         16.0012         18.0000         21.0000          1.0000         41.2458
   67         16.0012         19.0000         21.0000          1.0000         41.3398
   68         16.0012         20.0000         21.0000          1.0000         42.6575
   70         16.0012         18.0000         21.0000          2.0000         43.6669
   71         16.0012         19.0000         21.0000          2.0000         43.7598
   72         16.0012         20.0000         21.0000          2.0000         44.9533
   74         16.0012         18.0000         21.0000          3.0000         46.9930
   75         16.0012         19.0000         21.0000          3.0000         47.0853
   76         16.0012         20.0000         21.0000          3.0000         48.0333
   78         16.0012         18.0000         21.0000          4.0000         51.0702
   79         16.0012         19.0000         21.0000          4.0000         51.1631
   80         16.0012         20.0000         21.0000          4.0000         51.9366
   66         17.0004         18.0000         21.0000          1.0000         20.7615
   67         17.0004         19.0000         21.0000          1.0000         20.7855
   68         17.0004         20.0000         21.0000          1.0000         21.8585
   70         17.0004         18.0000         21.0000          2.0000         23.0218
   71         17.0004         19.0000         21.0000          2.0000         23.0442
   72         17.0004         20.0000         21.0000          2.0000         24.0142
   74         17.0004         18.0000         21.0000          3.0000         25.9900
   75         17.0004         19.0000         21.0000          3.0000         26.0123
   76         17.0004         20.0000         21.0000          3.0000         26.7740
   78         17.0004         18.0000         21.0000          4.0000         29.5423
   79         17.0004         19.0000         21.0000          4.0000         29.5656
   80         17.0004         20.0000         21.0000          4.0000         30.1825
   66         17.0004         18.0000         21.0000          1.0000         20.7445
   67         17.0004         19.0000         21.0000          1.0000         20.7690
   68         17.0004         20.0000         21.0000          1.0000         21.8440
   70         17.0004         18.0000         21.0000          2.0000         23.0071
   71         17.0004         19.0000         21.0000          2.0000         23.0298
   72         17.0004         20.0000         21.0000          2.0000         24.0013
   74         17.0004         18.0000         21.0000          3.0000         25.9781
   75         17.0004         19.0000         21.0000          3.0000         26.0005
   76         17.0004         20.0000         21.0000          3.0000         26.7632
   78         17.0004         18.0000         21.0000          4.0000         29.5335
   79         17.0004         19.0000         21.0000          4.0000         29.5569
   80         17.0004         20.0000         21.0000          4.0000         30.1744
   66         17.0004         18.0000         21.0000          1.0000         20.7274
   67         17.0004         19.0000         21.0000          1.0000         20.7526
   68         17.0004         20.0000         21.0000          1.0000         21.8294
   70         17.0004         18.0000         21.0000          2.0000         22.9925
   71         17.0004         19.0000         21.0000          2.0000         23.0153
   72         17.0004         20.0000         21.0000          2.0000         23.9883
   74         17.0004         18.0000         21.0000          3.0000         25.9662
   75         17.0004         19.0000         21.0000          3.0000         25.9887
   76         17.0004         20.0000         21.0000          3.0000         26.7524
   78         17.0004         18.0000         21.0000          4.0000         29.5248
   79         17.0004         19.0000         21.0000          4.0000         29.5481
   80         17.0004         20.0000         21.0000          4.0000         30.1663
   66         17.0004         18.0000         21.0000          1.0000         20.7103
   67         17.0004         19.0000         21.0000          1.0000         20.7361
   68         17.0004         20.0000         21.0000          1.0000         21.8149
   70         17.0004         18.0000         21.0000          2.0000         22.9778
   71         17.0004         19.0000         21.0000          2.0000         23.0009
   72         17.0004         20.0000         21.0000          2.0000         23.9753
   74         17.0004         18.0000         21.0000          3.0000         25.9543
   75         17.0004         19.0000         21.0000          3.0000         25.9770
   76         17.0004         20.0000         21.0000          3.0000         26.7416
   78         17.0004         18.0000         21.0000          4.0000         29.5160
   79         17.0004         19.0000         21.0000          4.0000         29.5394
   80         17.0004         20.0000         21.0000          4.0000         30.1582
   66         18.0037         18.0000         21.0000          1.0000         16.9219
   67         18.0037         19.0000         21.0000          1.0000         16.9353
   68         18.0037         20.0000         21.0000          1.0000         17.5980
   70         18.0037         18.0000         21.0000          2.0000         18.3070
   71         18.0037         19.0000         21.0000          2.0000         18.3198
   72         18.0037         20.0000         21.0000          2.0000         18.9195
   74         18.0037         18.0000         21.0000          3.0000         20.1385
   75         18.0037         19.0000         21.0000          3.0000         20.1521
   76         18.0037         20.0000         21.0000          3.0000         20.6242
   78         18.0037         18.0000         21.0000          4.0000         22.3358
   79         18.0037         19.0000         21.0000          4.0000         22.3507
   80         18.0037         20.0000         21.0000          4.0000         22.7346
   66         18.0037         18.0000         21.0000          1.0000         16.9110
   67         18.0037         19.0000         21.0000          1.0000         16.9248
   68         18.0037         20.0000         21.0000          1.0000         17.5887
   70         18.0037         18.0000         21.0000          2.0000         18.2975
   71         18.0037         19.0000         21.0000          2.0000         18.3106
   72         18.0037         20.0000         21.0000          2.0000         18.9112
   74         18.0037         18.0000         21.0000          3.0000         20.1309
   75         18.0037         19.0000         21.0000          3.0000         20.1445
   76         18.0037         20.0000         21.0000          3.0000         20.6173
   78         18.0037         18.0000         21.0000          4.0000         22.3302
   79         18.0037         19.0000         21.0000          4.0000         22.3451
   80         18.0037         20.0000         21.0000          4.0000         22.7294
   66         18.0037         18.0000         21.0000          1.0000         16.9001
   67         18.0037         19.0000         21.0000          1.0000         16.9142
   68         18.0037         20.0000         21.0000          1.0000         17.5794
   70         18.0037         18.0000         21.0000          2.0000         18.2881
   71         18.0037         19.0000         21.0000          2.0000         18.3013
   72         18.0037         20.0000         21.0000          2.0000         18.9029
   74         18.0037         18.0000         21.0000          3.0000         20.1232
   75         18.0037         19.0000         21.0000          3.0000         20.1370
   76         18.0037         20.0000         21.0000          3.0000         20.6104
   78         18.0037         18.0000         21.0000          4.0000         22.3246
   79         18.0037         19.0000         21.0000          4.0000         22.3395
   80         18.0037         20.0000         21.0000          4.0000         22.7242
   66         19.0012         18.0000         21.0000          1.0000          3.0203
   67         19.0012         19.0000         21.0000          1.0000          3.0188
   68         19.0012         20.0000         21.0000          1.0000          3.2055
   70         19.0012         18.0000         21.0000          2.0000          3.4383
   71         19.0012         19.0000         21.0000          2.0000          3.4361
   72         19.0012         20.0000         21.0000          2.0000          3.6043
   74         19.0012         18.0000         21.0000          3.0000          3.9769
   75         19.0012         19.0000         21.0000          3.0000          3.9748
   76         19.0012         20.0000         21.0000          3.0000          4.1061
   78         19.0012         18.0000         21.0000          4.0000          4.6142
   79         19.0012         19.0000         21.0000          4.0000          4.6128
   80         19.0012         20.0000         21.0000          4.0000          4.7188
   66         19.0012         18.0000         21.0000          1.0000          3.0179
   67         19.0012         19.0000         21.0000          1.0000          3.0165
   68         19.0012         20.0000         21.0000          1.0000          3.2034
   70         19.0012         18.0000         21.0000          2.0000          3.4362
   71         19.0012         19.0000         21.0000          2.0000          3.4341
   72         19.0012         20.0000         21.0000          2.0000          3.6025
   74         19.0012         18.0000         21.0000          3.0000          3.9752
   75         19.0012         19.0000         21.0000          3.0000          3.9731
   76         19.0012         20.0000         21.0000          3.0000          4.1046
   78         19.0012         18.0000         21.0000          4.0000          4.6130
   79         19.0012         19.0000         21.0000          4.0000          4.6115
   80         19.0012         20.0000         21.0000          4.0000          4.7176
   66         19.0012         18.0000         21.0000          1.0000          3.0154
   67         19.0012         19.0000         21.0000          1.0000          3.0141
   68         19.0012         20.0000         21.0000          1.0000          3.2013
   70         19.0012         18.0000         21.0000          2.0000          3.4340
   71         19.0012         19.0000         21.0000          2.0000          3.4320
   72         19.0012         20.0000         21.0000          2.0000          3.6006
   74         19.0012         18.0000         21.0000          3.0000          3.9735
   75         19.0012         19.0000         21.0000          3.0000          3.9714
   76         19.0012         20.0000         21.0000          3.0000          4.1030
   78         19.0012         18.0000         21.0000          4.0000          4.6117
   79         19.0012         19.0000         21.0000          4.0000          4.6103
   80         19.0012         20.0000         21.0000          4.0000          4.7165
   66         20.0036         18.0000         21.0000          1.0000          0.0000
   67         20.0036         19.0000         21.0000          1.0000          0.0000
   68         20.0036         20.0000         21.0000          1.0000          0.0000
   70         20.0036         18.0000         21.0000          2.0000          0.0000
   71         20.0036         19.0000         21.0000          2.0000          0.0000
   72         20.0036         20.0000         21.0000          2.0000          0.0000
   74         20.0036         18.0000         21.0000          3.0000          0.0000
   75         20.0036         19.0000         21.0000          3.0000          0.0000
   76         20.0036         20.0000         21.0000          3.0000          0.0000
   78         20.0036         18.0000         21.0000          4.0000          0.0000
   79         20.0036         19.0000         21.0000          4.0000          0.0000
   80         20.0036         20.0000         21.0000          4.0000          0.0000
   66         20.0036         18.0000         21.0000          1.0000          0.0000
   67         20.0036         19.0000         21.0000          1.0000          0.0000
   68         20.0036         20.0000         21.0000          1.0000          0.0000
   70         20.0036         18.0000         21.0000          2.0000          0.0000
   71         20.0036         19.0000         21.0000          2.0000          0.0000
   72         20.0036         20.0000         21.0000          2.0000          0.0000
   74         20.0036         18.0000         21.0000          3.0000          0.0000
   75         20.0036         19.0000         21.0000          3.0000          0.0000
   76         20.0036         20.0000         21.0000          3.0000          0.0000
   78         20.0036         18.0000         21.0000          4.0000          0.0000
   79         20.0036         19.0000         21.0000          4.0000          0.0000
   80         20.0036         20.0000         21.0000          4.0000          0.0000
   66         20.0036         18.0000         21.0000          1.0000          0.0000
   67         20.0036         19.0000         21.0000          1.0000          0.0000
   68         20.0036         20.0000         21.0000          1.0000          0.0000
   70         20.0036         18.0000         21.0000          2.0000          0.0000
   71         20.0036         19.0000         21.0000          2.0000          0.0000
   72         20.0036         20.0000         21.0000          2.0000          0.0000
   74         20.0036         18.0000         21.0000          3.0000          0.0000
   75         20.0036         19.0000         21.0000          3.0000          0.0000
   76         20.0036         20.0000         21.0000          3.0000          0.0000
   78         20.0036         18.0000         21.0000          4.0000          0.0000
   79         20.0036         19.0000         21.0000          4.0000          0.0000
   80         20.0036         20.0000         21.0000          4.0000          0.0000
   66         21.0011         18.0000         21.0000          1.0000          0.0000
   67         21.0011         19.0000         21.0000          1.0000          0.0000
   68         21.0011         20.0000         21.0000          1.0000          0.0000
   70         21.0011         18.0000         21.0000          2.0000          0.0000
   71         21.0011         19.0000         21.0000          2.0000          0.0000
   72         21.0011         20.0000         21.0000          2.0000          0.0000
   74         21.0011         18.0000         21.0000          3.0000          0.0000
   75         21.0011         19.0000         21.0000          3.0000          0.0000
   76         21.0011         20.0000         21.0000          3.0000          0.0000
   78         21.0011         18.0000         21.0000          4.0000          0.0000
   79         21.0011         19.0000         21.0000          4.0000          0.0000
   80         21.0011         20.0000         21.0000          4.0000          0.0000
   66         21.0011         18.0000         21.0000          1.0000          0.0000
   67         21.0011         19.0000         21.0000          1.0000          0.0000
   68         21.0011         20.0000         21.0000          1.0000          0.0000
   70         21.0011         18.0000         21.0000          2.0000          0.0000
   71         21.0011         19.0000         21.0000          2.0000          0.0000
   72         21.0011         20.0000         21.0000          2.0000          0.0000
   74         21.0011         18.0000         21.0000          3.0000          0.0000
   75         21.0011         19.0000         21.0000          3.0000          0.0000
   76         21.0011         20.0000         21.0000          3.0000          0.0000
   78         21.0011         18.0000         21.0000          4.0000          0.0000
   79         21.0011         19.0000         21.0000          4.0000          0.0000
   80         21.0011         20.0000         21.0000          4.0000          0.0000
   66         21.0011         18.0000         21.0000          1.0000          0.0000
   67         21.0011         19.0000         21.0000          1.0000          0.0000
   68         21.0011         20.0000         21.0000          1.0000          0.0000
   70         21.0011         18.0000         21.0000          2.0000          0.0000
   71         21.0011         19.0000         21.0000          2.0000          0.0000
   72         21.0011         20.0000         21.0000          2.0000          0.0000
   74         21.0011         18.0000         21.0000          3.0000          0.0000
   75         21.0011         19.0000         21.0000          3.0000          0.0000
   76         21.0011         20.0000         21.0000          3.0000          0.0000
   78         21.0011         18.0000         21.0000          4.0000          0.0000
   79         21.0011         19.0000         21.0000          4.0000          0.0000
   80         21.0011         20.0000         21.0000          4.0000          0.0000
   66         22.0025         18.0000         21.0000          1.0000          0.0000
   67         22.0025         19.0000         21.0000          1.0000          0.0000
   68         22.0025         20.0000         21.0000          1.0000          0.0000
   70         22.0025         18.0000         21.0000          2.0000          0.0000
   71         22.0025         19.0000         21.0000          2.0000          0.0000
   72         22.0025         20.0000         21.0000          2.0000          0.0000
   74         22.0025         18.0000         21.0000          3.0000          0.0000
   75         22.0025         19.0000         21.0000          3.0000          0.0000
   76         22.0025         20.0000         21.0000          3.0000          0.0000
   78         22.0025         18.0000         21.0000          4.0000          0.0000
   79         22.0025         19.0000         21.0000          4.0000          0.0000
   80         22.0025         20.0000         21.0000          4.0000          0.0000
   66         22.0025         18.0000         21.0000          1.0000          0.0000
   67         22.0025         19.0000         21.0000          1.0000          0.0000
   68         22.0025         20.0000         21.0000          1.0000          0.0000
   70         22.0025         18.0000         21.0000          2.0000          0.0000
   71         22.0025         19.0000         21.0000          2.0000          0.0000
   72         22.0025         20.0000         21.0000          2.0000          0.0000
   74         22.0025         18.0000         21.0000          3.0000          0.0000
   75         22.0025         19.0000         21.0000          3.0000          0.0000
   76         22.0025         20.0000         21.0000          3.0000          0.0000
   78         22.0025         18.0000         21.0000          4.0000          0.0000
   79         22.0025         19.0000         21.0000          4.0000          0.0000
   80         22.0025         20.0000         21.0000          4.0000          0.0000
   66         22.0025         18.0000         21.0000          1.0000          0.0000
   67         22.0025         19.0000         21.0000          1.0000          0.0000
   68         22.0025         20.0000         21.0000          1.0000          0.0000
   70         22.0025         18.0000         21.0000          2.0000          0.0000
   71         22.0025         19.0000         21.0000          2.0000          0.0000
   72         22.0025         20.0000         21.0000          2.0000          0.0000
   74         22.0025         18.0000         21.0000          3.0000          0.0000
   75         22.0025         19.0000         21.0000          3.0000          0.0000
   76         22.0025         20.0000         21.0000          3.0000          0.0000
   78         22.0025         18.0000         21.0000          4.0000          0.0000
   79         22.0025         19.0000         21.0000          4.0000          0.0000
   80         22.0025         20.0000         21.0000          4.0000          0.0000
   66         23.0064         18.0000         21.0000          1.0000          0.0000
   67         23.0064         19.0000         21.0000          1.0000          0.0000
   68         23.0064         20.0000         21.0000          1.0000          0.0000
   70         23.0064         18.0000         21.0000          2.0000          0.0000
   71         23.0064         19.0000         21.0000          2.0000          0.0000
   72         23.0064         20.0000         21.0000          2.0000          0.0000
   74         23.0064         18.0000         21.0000          3.0000          0.0000
   75         23.0064         19.0000         21.0000          3.0000          0.0000
   76         23.0064         20.0000         21.0000          3.0000          0.0000
   78         23.0064         18.0000         21.0000          4.0000          0.0000
   79         23.0064         19.0000         21.0000          4.0000          0.0000
   80         23.0064         20.0000         21.0000          4.0000          0.0000
   66         23.0064         18.0000         21.0000          1.0000          0.0000
   67         23.0064         19.0000         21.0000          1.0000          0.0000
   68         23.0064         20.0000         21.0000          1.0000          0.0000
   70         23.0064         18.0000         21.0000          2.0000          0.0000
   71         23.0064         19.0000         21.0000          2.0000          0.0000
   72         23.0064         20.0000         21.0000          2.0000          0.0000
   74         23.0064         18.0000         21.0000          3.0000          0.0000
   75         23.0064         19.0000         21.0000          3.0000          0.0000
   76         23.0064         20.0000         21.0000          3.0000          0.0000
   78         23.0064         18.0000         21.0000          4.0000          0.0000
   79         23.0064         19.0000         21.0000          4.0000          0.0000
   80         23.0064         20.0000         21.0000          4.0000          0.0000
   66         23.0064         18.0000         21.0000          1.0000          0.0000
   67         23.0064         19.0000         21.0000          1.0000          0.0000
   68         23.0064         20.0000         21.0000          1.0000          0.0000
   70         23.0064         18.0000         21.0000          2.0000          0.0000
   71         23.0064         19.0000         21.0000          2.0000          0.0000
   72         23.0064         20.0000         21.0000          2.0000          0.0000
   74         23.0064         18.0000         21.0000          3.0000          0.0000
   75         23.0064         19.0000         21.0000          3.0000          0.0000
   76         23.0064         20.0000         21.0000          3.0000          0.0000
   78         23.0064         18.0000         21.0000          4.0000          0.0000
   79         23.0064         19.0000         21.0000          4.0000          0.0000
   80         23.0064         20.0000         21.0000          4.0000          0.0000
