   81          1.0013         21.0000         17.0000          1.0000        304.0759
   85          1.0013         21.0000         17.0000          2.0000        304.2436
   89          1.0013         21.0000         17.0000          3.0000        304.2039
   93          1.0013         21.0000         17.0000          4.0000        304.0677
   81          1.0013         21.0000         17.0000          1.0000        304.0787
   85          1.0013         21.0000         17.0000          2.0000        304.2461
   89          1.0013         21.0000         17.0000          3.0000        304.2059
   93          1.0013         21.0000         17.0000          4.0000        304.0691
   81          1.0013         21.0000         17.0000          1.0000        304.0792
   85          1.0013         21.0000         17.0000          2.0000        304.2466
   89          1.0013         21.0000         17.0000          3.0000        304.2065
   93          1.0013         21.0000         17.0000          4.0000        304.0696
   81          1.0085         21.0000         17.0000          1.0000        304.0708
   85          1.0085         21.0000         17.0000          2.0000        304.2382
   89          1.0085         21.0000         17.0000          3.0000        304.1986
   93          1.0085         21.0000         17.0000          4.0000        304.0625
   81          1.0085         21.0000         17.0000          1.0000        304.0738
   85          1.0085         21.0000         17.0000          2.0000        304.2409
   89          1.0085         21.0000         17.0000          3.0000        304.2007
   93          1.0085         21.0000         17.0000          4.0000        304.0639
   81          1.0085         21.0000         17.0000          1.0000        304.0744
   85          1.0085         21.0000         17.0000          2.0000        304.2415
   89          1.0085         21.0000         17.0000          3.0000        304.2013
   93          1.0085         21.0000         17.0000          4.0000        304.0644
   81          2.0075         21.0000         17.0000          1.0000        303.6339
   85          2.0075         21.0000         17.0000          2.0000        303.7705
   89          2.0075         21.0000         17.0000          3.0000        303.7180
   93          2.0075         21.0000         17.0000          4.0000        303.5720
   81          2.0075         21.0000         17.0000          1.0000        303.6371
   85          2.0075         21.0000         17.0000          2.0000        303.7733
   89          2.0075         21.0000         17.0000          3.0000        303.7203
   93          2.0075         21.0000         17.0000          4.0000        303.5735
   81          2.0075         21.0000         17.0000          1.0000        303.6377
   85          2.0075         21.0000         17.0000          2.0000        303.7739
   89          2.0075         21.0000         17.0000          3.0000        303.7209
   93          2.0075         21.0000         17.0000          4.0000        303.5741
   81          3.0133         21.0000         17.0000          1.0000        303.3648
   85          3.0133         21.0000         17.0000          2.0000        303.4813
   89          3.0133         21.0000         17.0000          3.0000        303.4188
   93          3.0133         21.0000         17.0000          4.0000        303.2673
   81          3.0133         21.0000         17.0000          1.0000        303.3683
   85          3.0133         21.0000         17.0000          2.0000        303.4844
   89          3.0133         21.0000         17.0000          3.0000        303.4213
   93          3.0133         21.0000         17.0000          4.0000        303.2691
   81          3.0133         21.0000         17.0000          1.0000        303.3690
   85          3.0133         21.0000         17.0000          2.0000        303.4851
   89          3.0133         21.0000         17.0000          3.0000        303.4220
   93          3.0133         21.0000         17.0000          4.0000        303.2697
   81          4.0157         21.0000         17.0000          1.0000        303.0501
   85          4.0157         21.0000         17.0000          2.0000        303.1446
   89          4.0157         21.0000         17.0000          3.0000        303.0717
   93          4.0157         21.0000         17.0000          4.0000        302.9132
   81          4.0157         21.0000         17.0000          1.0000        303.0533
   85          4.0157         21.0000         17.0000          2.0000        303.1475
   89          4.0157         21.0000         17.0000          3.0000        303.0741
   93          4.0157         21.0000         17.0000          4.0000        302.9148
   81          4.0157         21.0000         17.0000          1.0000        303.0539
   85          4.0157         21.0000         17.0000          2.0000        303.1481
   89          4.0157         21.0000         17.0000          3.0000        303.0747
   93          4.0157         21.0000         17.0000          4.0000        302.9154
   81          5.0182         21.0000         17.0000          1.0000        302.7195
   85          5.0182         21.0000         17.0000          2.0000        302.7919
   89          5.0182         21.0000         17.0000          3.0000        302.7082
   93          5.0182         21.0000         17.0000          4.0000        302.5415
   81          5.0182         21.0000         17.0000          1.0000        302.7229
   85          5.0182         21.0000         17.0000          2.0000        302.7949
   89          5.0182         21.0000         17.0000          3.0000        302.7106
   93          5.0182         21.0000         17.0000          4.0000        302.5432
   81          5.0182         21.0000         17.0000          1.0000        302.7236
   85          5.0182         21.0000         17.0000          2.0000        302.7955
   89          5.0182         21.0000         17.0000          3.0000        302.7113
   93          5.0182         21.0000         17.0000          4.0000        302.5438
   81          6.0271         21.0000         17.0000          1.0000        302.4787
   85          6.0271         21.0000         17.0000          2.0000        302.5361
   89          6.0271         21.0000         17.0000          3.0000        302.4475
   93          6.0271         21.0000         17.0000          4.0000        302.2787
   81          6.0271         21.0000         17.0000          1.0000        302.4823
   85          6.0271         21.0000         17.0000          2.0000        302.5393
   89          6.0271         21.0000         17.0000          3.0000        302.4501
   93          6.0271         21.0000         17.0000          4.0000        302.2804
   81          6.0271         21.0000         17.0000          1.0000        302.4829
   85          6.0271         21.0000         17.0000          2.0000        302.5400
   89          6.0271         21.0000         17.0000          3.0000        302.4508
   93          6.0271         21.0000         17.0000          4.0000        302.2810
   81          7.0186         21.0000         17.0000          1.0000        302.2282
   85          7.0186         21.0000         17.0000          2.0000        302.2697
   89          7.0186         21.0000         17.0000          3.0000        302.1743
   93          7.0186         21.0000         17.0000          4.0000        302.0006
   81          7.0186         21.0000         17.0000          1.0000        302.2334
   85          7.0186         21.0000         17.0000          2.0000        302.2745
   89          7.0186         21.0000         17.0000          3.0000        302.1784
   93          7.0186         21.0000         17.0000          4.0000        302.0038
   81          7.0186         21.0000         17.0000          1.0000        302.2343
   85          7.0186         21.0000         17.0000          2.0000        302.2754
   89          7.0186         21.0000         17.0000          3.0000        302.1793
   93          7.0186         21.0000         17.0000          4.0000        302.0045
   81          8.0102         21.0000         17.0000          1.0000        302.3342
   85          8.0102         21.0000         17.0000          2.0000        302.4034
   89          8.0102         21.0000         17.0000          3.0000        302.3495
   93          8.0102         21.0000         17.0000          4.0000        302.2650
   81          8.0102         21.0000         17.0000          1.0000        302.3448
   85          8.0102         21.0000         17.0000          2.0000        302.4136
   89          8.0102         21.0000         17.0000          3.0000        302.3587
   93          8.0102         21.0000         17.0000          4.0000        302.2720
   81          8.0102         21.0000         17.0000          1.0000        302.3467
   85          8.0102         21.0000         17.0000          2.0000        302.4156
   89          8.0102         21.0000         17.0000          3.0000        302.3606
   93          8.0102         21.0000         17.0000          4.0000        302.2736
   81          9.0088         21.0000         17.0000          1.0000        303.7313
   85          9.0088         21.0000         17.0000          2.0000        303.9787
   89          9.0088         21.0000         17.0000          3.0000        305.2955
   93          9.0088         21.0000         17.0000          4.0000        306.5443
   81          9.0088         21.0000         17.0000          1.0000        303.7416
   85          9.0088         21.0000         17.0000          2.0000        303.9886
   89          9.0088         21.0000         17.0000          3.0000        305.3039
   93          9.0088         21.0000         17.0000          4.0000        306.5505
   81          9.0088         21.0000         17.0000          1.0000        303.7437
   85          9.0088         21.0000         17.0000          2.0000        303.9906
   89          9.0088         21.0000         17.0000          3.0000        305.3057
   93          9.0088         21.0000         17.0000          4.0000        306.5520
   81         10.0006         21.0000         17.0000          1.0000        305.5563
   85         10.0006         21.0000         17.0000          2.0000        309.8844
   89         10.0006         21.0000         17.0000          3.0000        310.5569
   93         10.0006         21.0000         17.0000          4.0000        311.1489
   81         10.0006         21.0000         17.0000          1.0000        305.5659
   85         10.0006         21.0000         17.0000          2.0000        309.8932
   89         10.0006         21.0000         17.0000          3.0000        310.5646
   93         10.0006         21.0000         17.0000          4.0000        311.1551
   81         10.0006         21.0000         17.0000          1.0000        305.5686
   85         10.0006         21.0000         17.0000          2.0000        309.8957
   89         10.0006         21.0000         17.0000          3.0000        310.5669
   93         10.0006         21.0000         17.0000          4.0000        311.1570
   81         11.0019         21.0000         17.0000          1.0000        310.5605
   85         11.0019         21.0000         17.0000          2.0000        312.1595
   89         11.0019         21.0000         17.0000          3.0000        312.8024
   93         11.0019         21.0000         17.0000          4.0000        313.3879
   81         11.0019         21.0000         17.0000          1.0000        310.5684
   85         11.0019         21.0000         17.0000          2.0000        312.1664
   89         11.0019         21.0000         17.0000          3.0000        312.8082
   93         11.0019         21.0000         17.0000          4.0000        313.3923
   81         11.0019         21.0000         17.0000          1.0000        310.5708
   85         11.0019         21.0000         17.0000          2.0000        312.1686
   89         11.0019         21.0000         17.0000          3.0000        312.8101
   93         11.0019         21.0000         17.0000          4.0000        313.3939
   81         12.0048         21.0000         17.0000          1.0000        310.6717
   85         12.0048         21.0000         17.0000          2.0000        311.7897
   89         12.0048         21.0000         17.0000          3.0000        312.3997
   93         12.0048         21.0000         17.0000          4.0000        312.9359
   81         12.0048         21.0000         17.0000          1.0000        310.5035
   85         12.0048         21.0000         17.0000          2.0000        311.8908
   89         12.0048         21.0000         17.0000          3.0000        312.5838
   93         12.0048         21.0000         17.0000          4.0000        313.1179
   81         12.0048         21.0000         17.0000          1.0000        310.4956
   85         12.0048         21.0000         17.0000          2.0000        311.8800
   89         12.0048         21.0000         17.0000          3.0000        312.5708
   93         12.0048         21.0000         17.0000          4.0000        313.1052
   81         12.0048         21.0000         17.0000          1.0000        310.4988
   85         12.0048         21.0000         17.0000          2.0000        311.8834
   89         12.0048         21.0000         17.0000          3.0000        312.5740
   93         12.0048         21.0000         17.0000          4.0000        313.1079
   81         13.0003         21.0000         17.0000          1.0000        312.0145
   85         13.0003         21.0000         17.0000          2.0000        313.1958
   89         13.0003         21.0000         17.0000          3.0000        313.7597
   93         13.0003         21.0000         17.0000          4.0000        314.1940
   81         13.0003         21.0000         17.0000          1.0000        312.0192
   85         13.0003         21.0000         17.0000          2.0000        313.1996
   89         13.0003         21.0000         17.0000          3.0000        313.7625
   93         13.0003         21.0000         17.0000          4.0000        314.1958
   81         13.0003         21.0000         17.0000          1.0000        312.0219
   85         13.0003         21.0000         17.0000          2.0000        313.2020
   89         13.0003         21.0000         17.0000          3.0000        313.7646
   93         13.0003         21.0000         17.0000          4.0000        314.1974
   81         14.0007         21.0000         17.0000          1.0000        312.1034
   85         14.0007         21.0000         17.0000          2.0000        313.1946
   89         14.0007         21.0000         17.0000          3.0000        313.8564
   93         14.0007         21.0000         17.0000          4.0000        314.4270
   81         14.0007         21.0000         17.0000          1.0000        312.1641
   85         14.0007         21.0000         17.0000          2.0000        313.2538
   89         14.0007         21.0000         17.0000          3.0000        313.9103
   93         14.0007         21.0000         17.0000          4.0000        314.4730
   81         14.0007         21.0000         17.0000          1.0000        312.1728
   85         14.0007         21.0000         17.0000          2.0000        313.2621
   89         14.0007         21.0000         17.0000          3.0000        313.9179
   93         14.0007         21.0000         17.0000          4.0000        314.4793
   81         14.0007         21.0000         17.0000          1.0000        312.1755
   85         14.0007         21.0000         17.0000          2.0000        313.2644
   89         14.0007         21.0000         17.0000          3.0000        313.9199
   93         14.0007         21.0000         17.0000          4.0000        314.4809
   81         15.0004         21.0000         17.0000          1.0000        312.9008
   85         15.0004         21.0000         17.0000          2.0000        314.1414
   89         15.0004         21.0000         17.0000          3.0000        314.7204
   93         15.0004         21.0000         17.0000          4.0000        315.1126
   81         15.0004         21.0000         17.0000          1.0000        312.8395
   85         15.0004         21.0000         17.0000          2.0000        314.0820
   89         15.0004         21.0000         17.0000          3.0000        314.6665
   93         15.0004         21.0000         17.0000          4.0000        315.0665
   81         15.0004         21.0000         17.0000          1.0000        312.8356
   85         15.0004         21.0000         17.0000          2.0000        314.0781
   89         15.0004         21.0000         17.0000          3.0000        314.6627
   93         15.0004         21.0000         17.0000          4.0000        315.0630
   81         16.0012         21.0000         17.0000          1.0000        312.5710
   85         16.0012         21.0000         17.0000          2.0000        313.7175
   89         16.0012         21.0000         17.0000          3.0000        314.2804
   93         16.0012         21.0000         17.0000          4.0000        314.6078
   81         16.0012         21.0000         17.0000          1.0000        312.5763
   85         16.0012         21.0000         17.0000          2.0000        313.7219
   89         16.0012         21.0000         17.0000          3.0000        314.2839
   93         16.0012         21.0000         17.0000          4.0000        314.6102
   81         16.0012         21.0000         17.0000          1.0000        312.5788
   85         16.0012         21.0000         17.0000          2.0000        313.7242
   89         16.0012         21.0000         17.0000          3.0000        314.2859
   93         16.0012         21.0000         17.0000          4.0000        314.6117
   81         17.0004         21.0000         17.0000          1.0000        311.3995
   85         17.0004         21.0000         17.0000          2.0000        312.3574
   89         17.0004         21.0000         17.0000          3.0000        312.8989
   93         17.0004         21.0000         17.0000          4.0000        313.2526
   81         17.0004         21.0000         17.0000          1.0000        311.4458
   85         17.0004         21.0000         17.0000          2.0000        312.4020
   89         17.0004         21.0000         17.0000          3.0000        312.9393
   93         17.0004         21.0000         17.0000          4.0000        313.2868
   81         17.0004         21.0000         17.0000          1.0000        311.4523
   85         17.0004         21.0000         17.0000          2.0000        312.4082
   89         17.0004         21.0000         17.0000          3.0000        312.9450
   93         17.0004         21.0000         17.0000          4.0000        313.2917
   81         17.0004         21.0000         17.0000          1.0000        311.4541
   85         17.0004         21.0000         17.0000          2.0000        312.4098
   89         17.0004         21.0000         17.0000          3.0000        312.9464
   93         17.0004         21.0000         17.0000          4.0000        313.2928
   81         18.0037         21.0000         17.0000          1.0000        309.6746
   85         18.0037         21.0000         17.0000          2.0000        310.4012
   89         18.0037         21.0000         17.0000          3.0000        310.7664
   93         18.0037         21.0000         17.0000          4.0000        310.9394
   81         18.0037         21.0000         17.0000          1.0000        309.6412
   85         18.0037         21.0000         17.0000          2.0000        310.3680
   89         18.0037         21.0000         17.0000          3.0000        310.7355
   93         18.0037         21.0000         17.0000          4.0000        310.9121
   81         18.0037         21.0000         17.0000          1.0000        309.6379
   85         18.0037         21.0000         17.0000          2.0000        310.3648
   89         18.0037         21.0000         17.0000          3.0000        310.7325
   93         18.0037         21.0000         17.0000          4.0000        310.9095
   81         19.0012         21.0000         17.0000          1.0000        307.7658
   85         19.0012         21.0000         17.0000          2.0000        308.2702
   89         19.0012         21.0000         17.0000          3.0000        308.4620
   93         19.0012         21.0000         17.0000          4.0000        308.4874
   81         19.0012         21.0000         17.0000          1.0000        307.7673
   85         19.0012         21.0000         17.0000          2.0000        308.2713
   89         19.0012         21.0000         17.0000          3.0000        308.4626
   93         19.0012         21.0000         17.0000          4.0000        308.4874
   81         19.0012         21.0000         17.0000          1.0000        307.7677
   85         19.0012         21.0000         17.0000          2.0000        308.2717
   89         19.0012         21.0000         17.0000          3.0000        308.4630
   93         19.0012         21.0000         17.0000          4.0000        308.4877
   81         20.0036         21.0000         17.0000          1.0000        306.6018
   85         20.0036         21.0000         17.0000          2.0000        306.9766
   89         20.0036         21.0000         17.0000          3.0000        307.0561
   93         20.0036         21.0000         17.0000          4.0000        306.9948
   81         20.0036         21.0000         17.0000          1.0000        306.6040
   85         20.0036         21.0000         17.0000          2.0000        306.9784
   89         20.0036         21.0000         17.0000          3.0000        307.0574
   93         20.0036         21.0000         17.0000          4.0000        306.9955
   81         20.0036         21.0000         17.0000          1.0000        306.6044
   85         20.0036         21.0000         17.0000          2.0000        306.9788
   89         20.0036         21.0000         17.0000          3.0000        307.0578
   93         20.0036         21.0000         17.0000          4.0000        306.9958
   81         21.0011         21.0000         17.0000          1.0000        305.8609
   85         21.0011         21.0000         17.0000          2.0000        306.1668
   89         21.0011         21.0000         17.0000          3.0000        306.2019
   93         21.0011         21.0000         17.0000          4.0000        306.1090
   81         21.0011         21.0000         17.0000          1.0000        305.8624
   85         21.0011         21.0000         17.0000          2.0000        306.1680
   89         21.0011         21.0000         17.0000          3.0000        306.2027
   93         21.0011         21.0000         17.0000          4.0000        306.1093
   81         21.0011         21.0000         17.0000          1.0000        305.8627
   85         21.0011         21.0000         17.0000          2.0000        306.1683
   89         21.0011         21.0000         17.0000          3.0000        306.2030
   93         21.0011         21.0000         17.0000          4.0000        306.1096
   81         22.0025         21.0000         17.0000          1.0000        305.3616
   85         22.0025         21.0000         17.0000          2.0000        305.6252
   89         22.0025         21.0000         17.0000          3.0000        305.6337
   93         22.0025         21.0000         17.0000          4.0000        305.5301
   81         22.0025         21.0000         17.0000          1.0000        305.3644
   85         22.0025         21.0000         17.0000          2.0000        305.6277
   89         22.0025         21.0000         17.0000          3.0000        305.6356
   93         22.0025         21.0000         17.0000          4.0000        305.5313
   81         22.0025         21.0000         17.0000          1.0000        305.3650
   85         22.0025         21.0000         17.0000          2.0000        305.6282
   89         22.0025         21.0000         17.0000          3.0000        305.6362
   93         22.0025         21.0000         17.0000          4.0000        305.5319
   81         23.0064         21.0000         17.0000          1.0000        304.9349
   85         23.0064         21.0000         17.0000          2.0000        305.1632
   89         23.0064         21.0000         17.0000          3.0000        305.1535
   93         23.0064         21.0000         17.0000          4.0000        305.0405
   81         23.0064         21.0000         17.0000          1.0000        304.9379
   85         23.0064         21.0000         17.0000          2.0000        305.1658
   89         23.0064         21.0000         17.0000          3.0000        305.1556
   93         23.0064         21.0000         17.0000          4.0000        305.0419
   81         23.0064         21.0000         17.0000          1.0000        304.9385
   85         23.0064         21.0000         17.0000          2.0000        305.1664
   89         23.0064         21.0000         17.0000          3.0000        305.1562
   93         23.0064         21.0000         17.0000          4.0000        305.0425
