   98          1.0013         18.0000         16.0000          1.0000          0.0000
   99          1.0013         19.0000         16.0000          1.0000          0.0000
  100          1.0013         20.0000         16.0000          1.0000          0.0000
  102          1.0013         18.0000         16.0000          2.0000          0.0000
  103          1.0013         19.0000         16.0000          2.0000          0.0000
  104          1.0013         20.0000         16.0000          2.0000          0.0000
  106          1.0013         18.0000         16.0000          3.0000          0.0000
  107          1.0013         19.0000         16.0000          3.0000          0.0000
  108          1.0013         20.0000         16.0000          3.0000          0.0000
  110          1.0013         18.0000         16.0000          4.0000          0.0000
  111          1.0013         19.0000         16.0000          4.0000          0.0000
  112          1.0013         20.0000         16.0000          4.0000          0.0000
   98          1.0013         18.0000         16.0000          1.0000          0.0000
   99          1.0013         19.0000         16.0000          1.0000          0.0000
  100          1.0013         20.0000         16.0000          1.0000          0.0000
  102          1.0013         18.0000         16.0000          2.0000          0.0000
  103          1.0013         19.0000         16.0000          2.0000          0.0000
  104          1.0013         20.0000         16.0000          2.0000          0.0000
  106          1.0013         18.0000         16.0000          3.0000          0.0000
  107          1.0013         19.0000         16.0000          3.0000          0.0000
  108          1.0013         20.0000         16.0000          3.0000          0.0000
  110          1.0013         18.0000         16.0000          4.0000          0.0000
  111          1.0013         19.0000         16.0000          4.0000          0.0000
  112          1.0013         20.0000         16.0000          4.0000          0.0000
   98          1.0013         18.0000         16.0000          1.0000          0.0000
   99          1.0013         19.0000         16.0000          1.0000          0.0000
  100          1.0013         20.0000         16.0000          1.0000          0.0000
  102          1.0013         18.0000         16.0000          2.0000          0.0000
  103          1.0013         19.0000         16.0000          2.0000          0.0000
  104          1.0013         20.0000         16.0000          2.0000          0.0000
  106          1.0013         18.0000         16.0000          3.0000          0.0000
  107          1.0013         19.0000         16.0000          3.0000          0.0000
  108          1.0013         20.0000         16.0000          3.0000          0.0000
  110          1.0013         18.0000         16.0000          4.0000          0.0000
  111          1.0013         19.0000         16.0000          4.0000          0.0000
  112          1.0013         20.0000         16.0000          4.0000          0.0000
   98          1.0085         18.0000         16.0000          1.0000          0.0000
   99          1.0085         19.0000         16.0000          1.0000          0.0000
  100          1.0085         20.0000         16.0000          1.0000          0.0000
  102          1.0085         18.0000         16.0000          2.0000          0.0000
  103          1.0085         19.0000         16.0000          2.0000          0.0000
  104          1.0085         20.0000         16.0000          2.0000          0.0000
  106          1.0085         18.0000         16.0000          3.0000          0.0000
  107          1.0085         19.0000         16.0000          3.0000          0.0000
  108          1.0085         20.0000         16.0000          3.0000          0.0000
  110          1.0085         18.0000         16.0000          4.0000          0.0000
  111          1.0085         19.0000         16.0000          4.0000          0.0000
  112          1.0085         20.0000         16.0000          4.0000          0.0000
   98          1.0085         18.0000         16.0000          1.0000          0.0000
   99          1.0085         19.0000         16.0000          1.0000          0.0000
  100          1.0085         20.0000         16.0000          1.0000          0.0000
  102          1.0085         18.0000         16.0000          2.0000          0.0000
  103          1.0085         19.0000         16.0000          2.0000          0.0000
  104          1.0085         20.0000         16.0000          2.0000          0.0000
  106          1.0085         18.0000         16.0000          3.0000          0.0000
  107          1.0085         19.0000         16.0000          3.0000          0.0000
  108          1.0085         20.0000         16.0000          3.0000          0.0000
  110          1.0085         18.0000         16.0000          4.0000          0.0000
  111          1.0085         19.0000         16.0000          4.0000          0.0000
  112          1.0085         20.0000         16.0000          4.0000          0.0000
   98          1.0085         18.0000         16.0000          1.0000          0.0000
   99          1.0085         19.0000         16.0000          1.0000          0.0000
  100          1.0085         20.0000         16.0000          1.0000          0.0000
  102          1.0085         18.0000         16.0000          2.0000          0.0000
  103          1.0085         19.0000         16.0000          2.0000          0.0000
  104          1.0085         20.0000         16.0000          2.0000          0.0000
  106          1.0085         18.0000         16.0000          3.0000          0.0000
  107          1.0085         19.0000         16.0000          3.0000          0.0000
  108          1.0085         20.0000         16.0000          3.0000          0.0000
  110          1.0085         18.0000         16.0000          4.0000          0.0000
  111          1.0085         19.0000         16.0000          4.0000          0.0000
  112          1.0085         20.0000         16.0000          4.0000          0.0000
   98          2.0075         18.0000         16.0000          1.0000          0.0000
   99          2.0075         19.0000         16.0000          1.0000          0.0000
  100          2.0075         20.0000         16.0000          1.0000          0.0000
  102          2.0075         18.0000         16.0000          2.0000          0.0000
  103          2.0075         19.0000         16.0000          2.0000          0.0000
  104          2.0075         20.0000         16.0000          2.0000          0.0000
  106          2.0075         18.0000         16.0000          3.0000          0.0000
  107          2.0075         19.0000         16.0000          3.0000          0.0000
  108          2.0075         20.0000         16.0000          3.0000          0.0000
  110          2.0075         18.0000         16.0000          4.0000          0.0000
  111          2.0075         19.0000         16.0000          4.0000          0.0000
  112          2.0075         20.0000         16.0000          4.0000          0.0000
   98          2.0075         18.0000         16.0000          1.0000          0.0000
   99          2.0075         19.0000         16.0000          1.0000          0.0000
  100          2.0075         20.0000         16.0000          1.0000          0.0000
  102          2.0075         18.0000         16.0000          2.0000          0.0000
  103          2.0075         19.0000         16.0000          2.0000          0.0000
  104          2.0075         20.0000         16.0000          2.0000          0.0000
  106          2.0075         18.0000         16.0000          3.0000          0.0000
  107          2.0075         19.0000         16.0000          3.0000          0.0000
  108          2.0075         20.0000         16.0000          3.0000          0.0000
  110          2.0075         18.0000         16.0000          4.0000          0.0000
  111          2.0075         19.0000         16.0000          4.0000          0.0000
  112          2.0075         20.0000         16.0000          4.0000          0.0000
   98          2.0075         18.0000         16.0000          1.0000          0.0000
   99          2.0075         19.0000         16.0000          1.0000          0.0000
  100          2.0075         20.0000         16.0000          1.0000          0.0000
  102          2.0075         18.0000         16.0000          2.0000          0.0000
  103          2.0075         19.0000         16.0000          2.0000          0.0000
  104          2.0075         20.0000         16.0000          2.0000          0.0000
  106          2.0075         18.0000         16.0000          3.0000          0.0000
  107          2.0075         19.0000         16.0000          3.0000          0.0000
  108          2.0075         20.0000         16.0000          3.0000          0.0000
  110          2.0075         18.0000         16.0000          4.0000          0.0000
  111          2.0075         19.0000         16.0000          4.0000          0.0000
  112          2.0075         20.0000         16.0000          4.0000          0.0000
   98          3.0133         18.0000         16.0000          1.0000          0.0000
   99          3.0133         19.0000         16.0000          1.0000          0.0000
  100          3.0133         20.0000         16.0000          1.0000          0.0000
  102          3.0133         18.0000         16.0000          2.0000          0.0000
  103          3.0133         19.0000         16.0000          2.0000          0.0000
  104          3.0133         20.0000         16.0000          2.0000          0.0000
  106          3.0133         18.0000         16.0000          3.0000          0.0000
  107          3.0133         19.0000         16.0000          3.0000          0.0000
  108          3.0133         20.0000         16.0000          3.0000          0.0000
  110          3.0133         18.0000         16.0000          4.0000          0.0000
  111          3.0133         19.0000         16.0000          4.0000          0.0000
  112          3.0133         20.0000         16.0000          4.0000          0.0000
   98          3.0133         18.0000         16.0000          1.0000          0.0000
   99          3.0133         19.0000         16.0000          1.0000          0.0000
  100          3.0133         20.0000         16.0000          1.0000          0.0000
  102          3.0133         18.0000         16.0000          2.0000          0.0000
  103          3.0133         19.0000         16.0000          2.0000          0.0000
  104          3.0133         20.0000         16.0000          2.0000          0.0000
  106          3.0133         18.0000         16.0000          3.0000          0.0000
  107          3.0133         19.0000         16.0000          3.0000          0.0000
  108          3.0133         20.0000         16.0000          3.0000          0.0000
  110          3.0133         18.0000         16.0000          4.0000          0.0000
  111          3.0133         19.0000         16.0000          4.0000          0.0000
  112          3.0133         20.0000         16.0000          4.0000          0.0000
   98          3.0133         18.0000         16.0000          1.0000          0.0000
   99          3.0133         19.0000         16.0000          1.0000          0.0000
  100          3.0133         20.0000         16.0000          1.0000          0.0000
  102          3.0133         18.0000         16.0000          2.0000          0.0000
  103          3.0133         19.0000         16.0000          2.0000          0.0000
  104          3.0133         20.0000         16.0000          2.0000          0.0000
  106          3.0133         18.0000         16.0000          3.0000          0.0000
  107          3.0133         19.0000         16.0000          3.0000          0.0000
  108          3.0133         20.0000         16.0000          3.0000          0.0000
  110          3.0133         18.0000         16.0000          4.0000          0.0000
  111          3.0133         19.0000         16.0000          4.0000          0.0000
  112          3.0133         20.0000         16.0000          4.0000          0.0000
   98          4.0157         18.0000         16.0000          1.0000          0.0000
   99          4.0157         19.0000         16.0000          1.0000          0.0000
  100          4.0157         20.0000         16.0000          1.0000          0.0000
  102          4.0157         18.0000         16.0000          2.0000          0.0000
  103          4.0157         19.0000         16.0000          2.0000          0.0000
  104          4.0157         20.0000         16.0000          2.0000          0.0000
  106          4.0157         18.0000         16.0000          3.0000          0.0000
  107          4.0157         19.0000         16.0000          3.0000          0.0000
  108          4.0157         20.0000         16.0000          3.0000          0.0000
  110          4.0157         18.0000         16.0000          4.0000          0.0000
  111          4.0157         19.0000         16.0000          4.0000          0.0000
  112          4.0157         20.0000         16.0000          4.0000          0.0000
   98          4.0157         18.0000         16.0000          1.0000          0.0000
   99          4.0157         19.0000         16.0000          1.0000          0.0000
  100          4.0157         20.0000         16.0000          1.0000          0.0000
  102          4.0157         18.0000         16.0000          2.0000          0.0000
  103          4.0157         19.0000         16.0000          2.0000          0.0000
  104          4.0157         20.0000         16.0000          2.0000          0.0000
  106          4.0157         18.0000         16.0000          3.0000          0.0000
  107          4.0157         19.0000         16.0000          3.0000          0.0000
  108          4.0157         20.0000         16.0000          3.0000          0.0000
  110          4.0157         18.0000         16.0000          4.0000          0.0000
  111          4.0157         19.0000         16.0000          4.0000          0.0000
  112          4.0157         20.0000         16.0000          4.0000          0.0000
   98          4.0157         18.0000         16.0000          1.0000          0.0000
   99          4.0157         19.0000         16.0000          1.0000          0.0000
  100          4.0157         20.0000         16.0000          1.0000          0.0000
  102          4.0157         18.0000         16.0000          2.0000          0.0000
  103          4.0157         19.0000         16.0000          2.0000          0.0000
  104          4.0157         20.0000         16.0000          2.0000          0.0000
  106          4.0157         18.0000         16.0000          3.0000          0.0000
  107          4.0157         19.0000         16.0000          3.0000          0.0000
  108          4.0157         20.0000         16.0000          3.0000          0.0000
  110          4.0157         18.0000         16.0000          4.0000          0.0000
  111          4.0157         19.0000         16.0000          4.0000          0.0000
  112          4.0157         20.0000         16.0000          4.0000          0.0000
   98          5.0182         18.0000         16.0000          1.0000          0.0000
   99          5.0182         19.0000         16.0000          1.0000          0.0000
  100          5.0182         20.0000         16.0000          1.0000          0.0000
  102          5.0182         18.0000         16.0000          2.0000          0.0000
  103          5.0182         19.0000         16.0000          2.0000          0.0000
  104          5.0182         20.0000         16.0000          2.0000          0.0000
  106          5.0182         18.0000         16.0000          3.0000          0.0000
  107          5.0182         19.0000         16.0000          3.0000          0.0000
  108          5.0182         20.0000         16.0000          3.0000          0.0000
  110          5.0182         18.0000         16.0000          4.0000          0.0000
  111          5.0182         19.0000         16.0000          4.0000          0.0000
  112          5.0182         20.0000         16.0000          4.0000          0.0000
   98          5.0182         18.0000         16.0000          1.0000          0.0000
   99          5.0182         19.0000         16.0000          1.0000          0.0000
  100          5.0182         20.0000         16.0000          1.0000          0.0000
  102          5.0182         18.0000         16.0000          2.0000          0.0000
  103          5.0182         19.0000         16.0000          2.0000          0.0000
  104          5.0182         20.0000         16.0000          2.0000          0.0000
  106          5.0182         18.0000         16.0000          3.0000          0.0000
  107          5.0182         19.0000         16.0000          3.0000          0.0000
  108          5.0182         20.0000         16.0000          3.0000          0.0000
  110          5.0182         18.0000         16.0000          4.0000          0.0000
  111          5.0182         19.0000         16.0000          4.0000          0.0000
  112          5.0182         20.0000         16.0000          4.0000          0.0000
   98          5.0182         18.0000         16.0000          1.0000          0.0000
   99          5.0182         19.0000         16.0000          1.0000          0.0000
  100          5.0182         20.0000         16.0000          1.0000          0.0000
  102          5.0182         18.0000         16.0000          2.0000          0.0000
  103          5.0182         19.0000         16.0000          2.0000          0.0000
  104          5.0182         20.0000         16.0000          2.0000          0.0000
  106          5.0182         18.0000         16.0000          3.0000          0.0000
  107          5.0182         19.0000         16.0000          3.0000          0.0000
  108          5.0182         20.0000         16.0000          3.0000          0.0000
  110          5.0182         18.0000         16.0000          4.0000          0.0000
  111          5.0182         19.0000         16.0000          4.0000          0.0000
  112          5.0182         20.0000         16.0000          4.0000          0.0000
   98          6.0271         18.0000         16.0000          1.0000          0.0000
   99          6.0271         19.0000         16.0000          1.0000          0.0000
  100          6.0271         20.0000         16.0000          1.0000          0.0000
  102          6.0271         18.0000         16.0000          2.0000          0.0000
  103          6.0271         19.0000         16.0000          2.0000          0.0000
  104          6.0271         20.0000         16.0000          2.0000          0.0000
  106          6.0271         18.0000         16.0000          3.0000          0.0000
  107          6.0271         19.0000         16.0000          3.0000          0.0000
  108          6.0271         20.0000         16.0000          3.0000          0.0000
  110          6.0271         18.0000         16.0000          4.0000          0.0000
  111          6.0271         19.0000         16.0000          4.0000          0.0000
  112          6.0271         20.0000         16.0000          4.0000          0.0000
   98          6.0271         18.0000         16.0000          1.0000          0.0000
   99          6.0271         19.0000         16.0000          1.0000          0.0000
  100          6.0271         20.0000         16.0000          1.0000          0.0000
  102          6.0271         18.0000         16.0000          2.0000          0.0000
  103          6.0271         19.0000         16.0000          2.0000          0.0000
  104          6.0271         20.0000         16.0000          2.0000          0.0000
  106          6.0271         18.0000         16.0000          3.0000          0.0000
  107          6.0271         19.0000         16.0000          3.0000          0.0000
  108          6.0271         20.0000         16.0000          3.0000          0.0000
  110          6.0271         18.0000         16.0000          4.0000          0.0000
  111          6.0271         19.0000         16.0000          4.0000          0.0000
  112          6.0271         20.0000         16.0000          4.0000          0.0000
   98          6.0271         18.0000         16.0000          1.0000          0.0000
   99          6.0271         19.0000         16.0000          1.0000          0.0000
  100          6.0271         20.0000         16.0000          1.0000          0.0000
  102          6.0271         18.0000         16.0000          2.0000          0.0000
  103          6.0271         19.0000         16.0000          2.0000          0.0000
  104          6.0271         20.0000         16.0000          2.0000          0.0000
  106          6.0271         18.0000         16.0000          3.0000          0.0000
  107          6.0271         19.0000         16.0000          3.0000          0.0000
  108          6.0271         20.0000         16.0000          3.0000          0.0000
  110          6.0271         18.0000         16.0000          4.0000          0.0000
  111          6.0271         19.0000         16.0000          4.0000          0.0000
  112          6.0271         20.0000         16.0000          4.0000          0.0000
   98          7.0186         18.0000         16.0000          1.0000          0.0230
   99          7.0186         19.0000         16.0000          1.0000          0.0230
  100          7.0186         20.0000         16.0000          1.0000          0.0252
  102          7.0186         18.0000         16.0000          2.0000          0.0280
  103          7.0186         19.0000         16.0000          2.0000          0.0280
  104          7.0186         20.0000         16.0000          2.0000          0.0299
  106          7.0186         18.0000         16.0000          3.0000          0.0344
  107          7.0186         19.0000         16.0000          3.0000          0.0343
  108          7.0186         20.0000         16.0000          3.0000          0.0359
  110          7.0186         18.0000         16.0000          4.0000          0.0419
  111          7.0186         19.0000         16.0000          4.0000          0.0418
  112          7.0186         20.0000         16.0000          4.0000          0.0431
   98          7.0186         18.0000         16.0000          1.0000          0.0230
   99          7.0186         19.0000         16.0000          1.0000          0.0230
  100          7.0186         20.0000         16.0000          1.0000          0.0252
  102          7.0186         18.0000         16.0000          2.0000          0.0280
  103          7.0186         19.0000         16.0000          2.0000          0.0279
  104          7.0186         20.0000         16.0000          2.0000          0.0299
  106          7.0186         18.0000         16.0000          3.0000          0.0343
  107          7.0186         19.0000         16.0000          3.0000          0.0343
  108          7.0186         20.0000         16.0000          3.0000          0.0358
  110          7.0186         18.0000         16.0000          4.0000          0.0418
  111          7.0186         19.0000         16.0000          4.0000          0.0418
  112          7.0186         20.0000         16.0000          4.0000          0.0431
   98          7.0186         18.0000         16.0000          1.0000          0.0230
   99          7.0186         19.0000         16.0000          1.0000          0.0230
  100          7.0186         20.0000         16.0000          1.0000          0.0252
  102          7.0186         18.0000         16.0000          2.0000          0.0280
  103          7.0186         19.0000         16.0000          2.0000          0.0279
  104          7.0186         20.0000         16.0000          2.0000          0.0299
  106          7.0186         18.0000         16.0000          3.0000          0.0343
  107          7.0186         19.0000         16.0000          3.0000          0.0343
  108          7.0186         20.0000         16.0000          3.0000          0.0358
  110          7.0186         18.0000         16.0000          4.0000          0.0418
  111          7.0186         19.0000         16.0000          4.0000          0.0418
  112          7.0186         20.0000         16.0000          4.0000          0.0430
   98          8.0102         18.0000         16.0000          1.0000          1.2988
   99          8.0102         19.0000         16.0000          1.0000          1.2969
  100          8.0102         20.0000         16.0000          1.0000          1.4184
  102          8.0102         18.0000         16.0000          2.0000          1.5771
  103          8.0102         19.0000         16.0000          2.0000          1.5748
  104          8.0102         20.0000         16.0000          2.0000          1.6837
  106          8.0102         18.0000         16.0000          3.0000          1.9322
  107          8.0102         19.0000         16.0000          3.0000          1.9297
  108          8.0102         20.0000         16.0000          3.0000          2.0142
  110          8.0102         18.0000         16.0000          4.0000          2.3505
  111          8.0102         19.0000         16.0000          4.0000          2.3485
  112          8.0102         20.0000         16.0000          4.0000          2.4165
   98          8.0102         18.0000         16.0000          1.0000          1.2972
   99          8.0102         19.0000         16.0000          1.0000          1.2954
  100          8.0102         20.0000         16.0000          1.0000          1.4170
  102          8.0102         18.0000         16.0000          2.0000          1.5758
  103          8.0102         19.0000         16.0000          2.0000          1.5735
  104          8.0102         20.0000         16.0000          2.0000          1.6826
  106          8.0102         18.0000         16.0000          3.0000          1.9311
  107          8.0102         19.0000         16.0000          3.0000          1.9287
  108          8.0102         20.0000         16.0000          3.0000          2.0133
  110          8.0102         18.0000         16.0000          4.0000          2.3497
  111          8.0102         19.0000         16.0000          4.0000          2.3477
  112          8.0102         20.0000         16.0000          4.0000          2.4157
   98          8.0102         18.0000         16.0000          1.0000          1.2957
   99          8.0102         19.0000         16.0000          1.0000          1.2939
  100          8.0102         20.0000         16.0000          1.0000          1.4157
  102          8.0102         18.0000         16.0000          2.0000          1.5744
  103          8.0102         19.0000         16.0000          2.0000          1.5722
  104          8.0102         20.0000         16.0000          2.0000          1.6814
  106          8.0102         18.0000         16.0000          3.0000          1.9300
  107          8.0102         19.0000         16.0000          3.0000          1.9276
  108          8.0102         20.0000         16.0000          3.0000          2.0123
  110          8.0102         18.0000         16.0000          4.0000          2.3489
  111          8.0102         19.0000         16.0000          4.0000          2.3469
  112          8.0102         20.0000         16.0000          4.0000          2.4150
   98          9.0088         18.0000         16.0000          1.0000          6.8017
   99          9.0088         19.0000         16.0000          1.0000          6.7808
  100          9.0088         20.0000         16.0000          1.0000          7.3407
  102          9.0088         18.0000         16.0000          2.0000          8.2596
  103          9.0088         19.0000         16.0000          2.0000          8.2357
  104          9.0088         20.0000         16.0000          2.0000          8.7293
  106          9.0088         18.0000         16.0000          3.0000          9.9904
  107          9.0088         19.0000         16.0000          3.0000          9.9598
  108          9.0088         20.0000         16.0000          3.0000         10.3295
  110          9.0088         18.0000         16.0000          4.0000         11.9796
  111          9.0088         19.0000         16.0000          4.0000         11.9489
  112          9.0088         20.0000         16.0000          4.0000         12.2400
   98          9.0088         18.0000         16.0000          1.0000          6.7910
   99          9.0088         19.0000         16.0000          1.0000          6.7706
  100          9.0088         20.0000         16.0000          1.0000          7.3317
  102          9.0088         18.0000         16.0000          2.0000          8.2505
  103          9.0088         19.0000         16.0000          2.0000          8.2268
  104          9.0088         20.0000         16.0000          2.0000          8.7214
  106          9.0088         18.0000         16.0000          3.0000          9.9830
  107          9.0088         19.0000         16.0000          3.0000          9.9525
  108          9.0088         20.0000         16.0000          3.0000         10.3230
  110          9.0088         18.0000         16.0000          4.0000         11.9741
  111          9.0088         19.0000         16.0000          4.0000         11.9435
  112          9.0088         20.0000         16.0000          4.0000         12.2351
   98          9.0088         18.0000         16.0000          1.0000          6.7803
   99          9.0088         19.0000         16.0000          1.0000          6.7604
  100          9.0088         20.0000         16.0000          1.0000          7.3227
  102          9.0088         18.0000         16.0000          2.0000          8.2413
  103          9.0088         19.0000         16.0000          2.0000          8.2178
  104          9.0088         20.0000         16.0000          2.0000          8.7135
  106          9.0088         18.0000         16.0000          3.0000          9.9756
  107          9.0088         19.0000         16.0000          3.0000          9.9453
  108          9.0088         20.0000         16.0000          3.0000         10.3164
  110          9.0088         18.0000         16.0000          4.0000         11.9687
  111          9.0088         19.0000         16.0000          4.0000         11.9381
  112          9.0088         20.0000         16.0000          4.0000         12.2302
   98         10.0006         18.0000         16.0000          1.0000         12.2723
   99         10.0006         19.0000         16.0000          1.0000         12.1528
  100         10.0006         20.0000         16.0000          1.0000         12.8712
  102         10.0006         18.0000         16.0000          2.0000         14.6631
  103         10.0006         19.0000         16.0000          2.0000         14.5618
  104         10.0006         20.0000         16.0000          2.0000         15.3321
  106         10.0006         18.0000         16.0000          3.0000         17.5142
  107         10.0006         19.0000         16.0000          3.0000         17.4203
  108         10.0006         20.0000         16.0000          3.0000         18.0112
  110         10.0006         18.0000         16.0000          4.0000         20.8160
  111         10.0006         19.0000         16.0000          4.0000         20.7319
  112         10.0006         20.0000         16.0000          4.0000         21.1996
   98         10.0006         18.0000         16.0000          1.0000         12.2504
   99         10.0006         19.0000         16.0000          1.0000         12.1319
  100         10.0006         20.0000         16.0000          1.0000         12.8530
  102         10.0006         18.0000         16.0000          2.0000         14.6443
  103         10.0006         19.0000         16.0000          2.0000         14.5436
  104         10.0006         20.0000         16.0000          2.0000         15.3160
  106         10.0006         18.0000         16.0000          3.0000         17.4990
  107         10.0006         19.0000         16.0000          3.0000         17.4055
  108         10.0006         20.0000         16.0000          3.0000         17.9979
  110         10.0006         18.0000         16.0000          4.0000         20.8049
  111         10.0006         19.0000         16.0000          4.0000         20.7209
  112         10.0006         20.0000         16.0000          4.0000         21.1896
   98         10.0006         18.0000         16.0000          1.0000         12.2285
   99         10.0006         19.0000         16.0000          1.0000         12.1110
  100         10.0006         20.0000         16.0000          1.0000         12.8348
  102         10.0006         18.0000         16.0000          2.0000         14.6256
  103         10.0006         19.0000         16.0000          2.0000         14.5255
  104         10.0006         20.0000         16.0000          2.0000         15.2999
  106         10.0006         18.0000         16.0000          3.0000         17.4839
  107         10.0006         19.0000         16.0000          3.0000         17.3907
  108         10.0006         20.0000         16.0000          3.0000         17.9845
  110         10.0006         18.0000         16.0000          4.0000         20.7937
  111         10.0006         19.0000         16.0000          4.0000         20.7100
  112         10.0006         20.0000         16.0000          4.0000         21.1797
   98         11.0019         18.0000         16.0000          1.0000         17.3044
   99         11.0019         19.0000         16.0000          1.0000         17.3620
  100         11.0019         20.0000         16.0000          1.0000         18.9005
  102         11.0019         18.0000         16.0000          2.0000         20.7551
  103         11.0019         19.0000         16.0000          2.0000         20.6934
  104         11.0019         20.0000         16.0000          2.0000         21.9702
  106         11.0019         18.0000         16.0000          3.0000         24.9469
  107         11.0019         19.0000         16.0000          3.0000         24.8628
  108         11.0019         20.0000         16.0000          3.0000         25.8299
  110         11.0019         18.0000         16.0000          4.0000         29.8588
  111         11.0019         19.0000         16.0000          4.0000         29.7777
  112         11.0019         20.0000         16.0000          4.0000         30.5490
   98         11.0019         18.0000         16.0000          1.0000         17.2762
   99         11.0019         19.0000         16.0000          1.0000         17.3350
  100         11.0019         20.0000         16.0000          1.0000         18.8766
  102         11.0019         18.0000         16.0000          2.0000         20.7310
  103         11.0019         19.0000         16.0000          2.0000         20.6700
  104         11.0019         20.0000         16.0000          2.0000         21.9493
  106         11.0019         18.0000         16.0000          3.0000         24.9274
  107         11.0019         19.0000         16.0000          3.0000         24.8438
  108         11.0019         20.0000         16.0000          3.0000         25.8126
  110         11.0019         18.0000         16.0000          4.0000         29.8445
  111         11.0019         19.0000         16.0000          4.0000         29.7636
  112         11.0019         20.0000         16.0000          4.0000         30.5361
   98         11.0019         18.0000         16.0000          1.0000         17.2481
   99         11.0019         19.0000         16.0000          1.0000         17.3079
  100         11.0019         20.0000         16.0000          1.0000         18.8527
  102         11.0019         18.0000         16.0000          2.0000         20.7069
  103         11.0019         19.0000         16.0000          2.0000         20.6465
  104         11.0019         20.0000         16.0000          2.0000         21.9284
  106         11.0019         18.0000         16.0000          3.0000         24.9080
  107         11.0019         19.0000         16.0000          3.0000         24.8247
  108         11.0019         20.0000         16.0000          3.0000         25.7953
  110         11.0019         18.0000         16.0000          4.0000         29.8302
  111         11.0019         19.0000         16.0000          4.0000         29.7495
  112         11.0019         20.0000         16.0000          4.0000         30.5232
   98         12.0048         18.0000         16.0000          1.0000         19.3182
   99         12.0048         19.0000         16.0000          1.0000         19.3016
  100         12.0048         20.0000         16.0000          1.0000         20.8354
  102         12.0048         18.0000         16.0000          2.0000         22.9970
  103         12.0048         19.0000         16.0000          2.0000         23.0371
  104         12.0048         20.0000         16.0000          2.0000         24.4016
  106         12.0048         18.0000         16.0000          3.0000         27.3267
  107         12.0048         19.0000         16.0000          3.0000         27.3876
  108         12.0048         20.0000         16.0000          3.0000         28.4517
  110         12.0048         18.0000         16.0000          4.0000         32.4013
  111         12.0048         19.0000         16.0000          4.0000         32.4725
  112         12.0048         20.0000         16.0000          4.0000         33.3287
   98         12.0048         18.0000         16.0000          1.0000         19.2826
   99         12.0048         19.0000         16.0000          1.0000         19.2675
  100         12.0048         20.0000         16.0000          1.0000         20.8054
  102         12.0048         18.0000         16.0000          2.0000         22.9668
  103         12.0048         19.0000         16.0000          2.0000         23.0075
  104         12.0048         20.0000         16.0000          2.0000         24.3751
  106         12.0048         18.0000         16.0000          3.0000         27.3023
  107         12.0048         19.0000         16.0000          3.0000         27.3635
  108         12.0048         20.0000         16.0000          3.0000         28.4297
  110         12.0048         18.0000         16.0000          4.0000         32.3834
  111         12.0048         19.0000         16.0000          4.0000         32.4547
  112         12.0048         20.0000         16.0000          4.0000         33.3123
   98         12.0048         18.0000         16.0000          1.0000         19.2470
   99         12.0048         19.0000         16.0000          1.0000         19.2334
  100         12.0048         20.0000         16.0000          1.0000         20.7754
  102         12.0048         18.0000         16.0000          2.0000         22.9365
  103         12.0048         19.0000         16.0000          2.0000         22.9779
  104         12.0048         20.0000         16.0000          2.0000         24.3486
  106         12.0048         18.0000         16.0000          3.0000         27.2779
  107         12.0048         19.0000         16.0000          3.0000         27.3394
  108         12.0048         20.0000         16.0000          3.0000         28.4078
  110         12.0048         18.0000         16.0000          4.0000         32.3655
  111         12.0048         19.0000         16.0000          4.0000         32.4369
  112         12.0048         20.0000         16.0000          4.0000         33.2960
   98         12.0048         18.0000         16.0000          1.0000         19.2113
   99         12.0048         19.0000         16.0000          1.0000         19.1993
  100         12.0048         20.0000         16.0000          1.0000         20.7453
  102         12.0048         18.0000         16.0000          2.0000         22.9062
  103         12.0048         19.0000         16.0000          2.0000         22.9483
  104         12.0048         20.0000         16.0000          2.0000         24.3221
  106         12.0048         18.0000         16.0000          3.0000         27.2535
  107         12.0048         19.0000         16.0000          3.0000         27.3154
  108         12.0048         20.0000         16.0000          3.0000         28.3859
  110         12.0048         18.0000         16.0000          4.0000         32.3476
  111         12.0048         19.0000         16.0000          4.0000         32.4191
  112         12.0048         20.0000         16.0000          4.0000         33.2796
   98         13.0003         18.0000         16.0000          1.0000         19.5337
   99         13.0003         19.0000         16.0000          1.0000         19.5343
  100         13.0003         20.0000         16.0000          1.0000         21.0327
  102         13.0003         18.0000         16.0000          2.0000         23.2240
  103         13.0003         19.0000         16.0000          2.0000         23.2648
  104         13.0003         20.0000         16.0000          2.0000         24.6023
  106         13.0003         18.0000         16.0000          3.0000         27.4355
  107         13.0003         19.0000         16.0000          3.0000         27.4967
  108         13.0003         20.0000         16.0000          3.0000         28.5367
  110         13.0003         18.0000         16.0000          4.0000         32.3616
  111         13.0003         19.0000         16.0000          4.0000         32.4271
  112         13.0003         20.0000         16.0000          4.0000         33.2601
   98         13.0003         18.0000         16.0000          1.0000         19.4957
   99         13.0003         19.0000         16.0000          1.0000         19.4979
  100         13.0003         20.0000         16.0000          1.0000         21.0006
  102         13.0003         18.0000         16.0000          2.0000         23.1917
  103         13.0003         19.0000         16.0000          2.0000         23.2332
  104         13.0003         20.0000         16.0000          2.0000         24.5742
  106         13.0003         18.0000         16.0000          3.0000         27.4096
  107         13.0003         19.0000         16.0000          3.0000         27.4711
  108         13.0003         20.0000         16.0000          3.0000         28.5134
  110         13.0003         18.0000         16.0000          4.0000         32.3425
  111         13.0003         19.0000         16.0000          4.0000         32.4082
  112         13.0003         20.0000         16.0000          4.0000         33.2426
   98         13.0003         18.0000         16.0000          1.0000         19.4577
   99         13.0003         19.0000         16.0000          1.0000         19.4615
  100         13.0003         20.0000         16.0000          1.0000         20.9686
  102         13.0003         18.0000         16.0000          2.0000         23.1595
  103         13.0003         19.0000         16.0000          2.0000         23.2017
  104         13.0003         20.0000         16.0000          2.0000         24.5460
  106         13.0003         18.0000         16.0000          3.0000         27.3836
  107         13.0003         19.0000         16.0000          3.0000         27.4455
  108         13.0003         20.0000         16.0000          3.0000         28.4901
  110         13.0003         18.0000         16.0000          4.0000         32.3234
  111         13.0003         19.0000         16.0000          4.0000         32.3893
  112         13.0003         20.0000         16.0000          4.0000         33.2252
   98         14.0007         18.0000         16.0000          1.0000         19.7961
   99         14.0007         19.0000         16.0000          1.0000         19.7822
  100         14.0007         20.0000         16.0000          1.0000         21.4878
  102         14.0007         18.0000         16.0000          2.0000         23.7638
  103         14.0007         19.0000         16.0000          2.0000         23.7685
  104         14.0007         20.0000         16.0000          2.0000         25.2863
  106         14.0007         18.0000         16.0000          3.0000         28.5489
  107         14.0007         19.0000         16.0000          3.0000         28.5625
  108         14.0007         20.0000         16.0000          3.0000         29.7414
  110         14.0007         18.0000         16.0000          4.0000         34.1743
  111         14.0007         19.0000         16.0000          4.0000         34.1929
  112         14.0007         20.0000         16.0000          4.0000         35.1409
   98         14.0007         18.0000         16.0000          1.0000         19.7643
   99         14.0007         19.0000         16.0000          1.0000         19.7517
  100         14.0007         20.0000         16.0000          1.0000         21.4609
  102         14.0007         18.0000         16.0000          2.0000         23.7368
  103         14.0007         19.0000         16.0000          2.0000         23.7420
  104         14.0007         20.0000         16.0000          2.0000         25.2626
  106         14.0007         18.0000         16.0000          3.0000         28.5270
  107         14.0007         19.0000         16.0000          3.0000         28.5410
  108         14.0007         20.0000         16.0000          3.0000         29.7218
  110         14.0007         18.0000         16.0000          4.0000         34.1583
  111         14.0007         19.0000         16.0000          4.0000         34.1770
  112         14.0007         20.0000         16.0000          4.0000         35.1262
   98         14.0007         18.0000         16.0000          1.0000         19.7326
   99         14.0007         19.0000         16.0000          1.0000         19.7213
  100         14.0007         20.0000         16.0000          1.0000         21.4341
  102         14.0007         18.0000         16.0000          2.0000         23.7097
  103         14.0007         19.0000         16.0000          2.0000         23.7156
  104         14.0007         20.0000         16.0000          2.0000         25.2389
  106         14.0007         18.0000         16.0000          3.0000         28.5052
  107         14.0007         19.0000         16.0000          3.0000         28.5195
  108         14.0007         20.0000         16.0000          3.0000         29.7022
  110         14.0007         18.0000         16.0000          4.0000         34.1423
  111         14.0007         19.0000         16.0000          4.0000         34.1612
  112         14.0007         20.0000         16.0000          4.0000         35.1116
   98         14.0007         18.0000         16.0000          1.0000         19.7008
   99         14.0007         19.0000         16.0000          1.0000         19.6908
  100         14.0007         20.0000         16.0000          1.0000         21.4072
  102         14.0007         18.0000         16.0000          2.0000         23.6826
  103         14.0007         19.0000         16.0000          2.0000         23.6892
  104         14.0007         20.0000         16.0000          2.0000         25.2153
  106         14.0007         18.0000         16.0000          3.0000         28.4834
  107         14.0007         19.0000         16.0000          3.0000         28.4980
  108         14.0007         20.0000         16.0000          3.0000         29.6827
  110         14.0007         18.0000         16.0000          4.0000         34.1262
  111         14.0007         19.0000         16.0000          4.0000         34.1453
  112         14.0007         20.0000         16.0000          4.0000         35.0970
   98         15.0004         18.0000         16.0000          1.0000         18.4850
   99         15.0004         19.0000         16.0000          1.0000         18.4649
  100         15.0004         20.0000         16.0000          1.0000         19.8693
  102         15.0004         18.0000         16.0000          2.0000         21.9140
  103         15.0004         19.0000         16.0000          2.0000         21.9625
  104         15.0004         20.0000         16.0000          2.0000         23.2111
  106         15.0004         18.0000         16.0000          3.0000         25.8443
  107         15.0004         19.0000         16.0000          3.0000         25.9213
  108         15.0004         20.0000         16.0000          3.0000         26.8950
  110         15.0004         18.0000         16.0000          4.0000         30.4437
  111         15.0004         19.0000         16.0000          4.0000         30.5285
  112         15.0004         20.0000         16.0000          4.0000         31.3112
   98         15.0004         18.0000         16.0000          1.0000         18.4480
   99         15.0004         19.0000         16.0000          1.0000         18.4295
  100         15.0004         20.0000         16.0000          1.0000         19.8382
  102         15.0004         18.0000         16.0000          2.0000         21.8826
  103         15.0004         19.0000         16.0000          2.0000         21.9318
  104         15.0004         20.0000         16.0000          2.0000         23.1836
  106         15.0004         18.0000         16.0000          3.0000         25.8191
  107         15.0004         19.0000         16.0000          3.0000         25.8963
  108         15.0004         20.0000         16.0000          3.0000         26.8723
  110         15.0004         18.0000         16.0000          4.0000         30.4251
  111         15.0004         19.0000         16.0000          4.0000         30.5100
  112         15.0004         20.0000         16.0000          4.0000         31.2942
   98         15.0004         18.0000         16.0000          1.0000         18.4110
   99         15.0004         19.0000         16.0000          1.0000         18.3941
  100         15.0004         20.0000         16.0000          1.0000         19.8070
  102         15.0004         18.0000         16.0000          2.0000         21.8512
  103         15.0004         19.0000         16.0000          2.0000         21.9011
  104         15.0004         20.0000         16.0000          2.0000         23.1562
  106         15.0004         18.0000         16.0000          3.0000         25.7938
  107         15.0004         19.0000         16.0000          3.0000         25.8714
  108         15.0004         20.0000         16.0000          3.0000         26.8496
  110         15.0004         18.0000         16.0000          4.0000         30.4066
  111         15.0004         19.0000         16.0000          4.0000         30.4916
  112         15.0004         20.0000         16.0000          4.0000         31.2772
   98         16.0012         18.0000         16.0000          1.0000         16.1515
   99         16.0012         19.0000         16.0000          1.0000         16.0177
  100         16.0012         20.0000         16.0000          1.0000         17.2018
  102         16.0012         18.0000         16.0000          2.0000         18.9316
  103         16.0012         19.0000         16.0000          2.0000         19.0009
  104         16.0012         20.0000         16.0000          2.0000         20.0695
  106         16.0012         18.0000         16.0000          3.0000         22.3188
  107         16.0012         19.0000         16.0000          3.0000         22.4242
  108         16.0012         20.0000         16.0000          3.0000         23.2598
  110         16.0012         18.0000         16.0000          4.0000         26.2954
  111         16.0012         19.0000         16.0000          4.0000         26.4019
  112         16.0012         20.0000         16.0000          4.0000         27.0811
   98         16.0012         18.0000         16.0000          1.0000         16.1192
   99         16.0012         19.0000         16.0000          1.0000         15.9868
  100         16.0012         20.0000         16.0000          1.0000         17.1745
  102         16.0012         18.0000         16.0000          2.0000         18.9042
  103         16.0012         19.0000         16.0000          2.0000         18.9740
  104         16.0012         20.0000         16.0000          2.0000         20.0455
  106         16.0012         18.0000         16.0000          3.0000         22.2967
  107         16.0012         19.0000         16.0000          3.0000         22.4023
  108         16.0012         20.0000         16.0000          3.0000         23.2399
  110         16.0012         18.0000         16.0000          4.0000         26.2792
  111         16.0012         19.0000         16.0000          4.0000         26.3858
  112         16.0012         20.0000         16.0000          4.0000         27.0661
   98         16.0012         18.0000         16.0000          1.0000         16.0869
   99         16.0012         19.0000         16.0000          1.0000         15.9558
  100         16.0012         20.0000         16.0000          1.0000         17.1473
  102         16.0012         18.0000         16.0000          2.0000         18.8769
  103         16.0012         19.0000         16.0000          2.0000         18.9472
  104         16.0012         20.0000         16.0000          2.0000         20.0214
  106         16.0012         18.0000         16.0000          3.0000         22.2746
  107         16.0012         19.0000         16.0000          3.0000         22.3805
  108         16.0012         20.0000         16.0000          3.0000         23.2199
  110         16.0012         18.0000         16.0000          4.0000         26.2629
  111         16.0012         19.0000         16.0000          4.0000         26.3696
  112         16.0012         20.0000         16.0000          4.0000         27.0512
   98         17.0004         18.0000         16.0000          1.0000         11.9168
   99         17.0004         19.0000         16.0000          1.0000         11.9238
  100         17.0004         20.0000         16.0000          1.0000         12.9574
  102         17.0004         18.0000         16.0000          2.0000         14.3147
  103         17.0004         19.0000         16.0000          2.0000         14.3482
  104         17.0004         20.0000         16.0000          2.0000         15.2783
  106         17.0004         18.0000         16.0000          3.0000         17.3198
  107         17.0004         19.0000         16.0000          3.0000         17.3511
  108         17.0004         20.0000         16.0000          3.0000         18.0728
  110         17.0004         18.0000         16.0000          4.0000         20.8432
  111         17.0004         19.0000         16.0000          4.0000         20.8727
  112         17.0004         20.0000         16.0000          4.0000         21.4555
   98         17.0004         18.0000         16.0000          1.0000         11.8991
   99         17.0004         19.0000         16.0000          1.0000         11.9067
  100         17.0004         20.0000         16.0000          1.0000         12.9423
  102         17.0004         18.0000         16.0000          2.0000         14.2995
  103         17.0004         19.0000         16.0000          2.0000         14.3333
  104         17.0004         20.0000         16.0000          2.0000         15.2650
  106         17.0004         18.0000         16.0000          3.0000         17.3075
  107         17.0004         19.0000         16.0000          3.0000         17.3390
  108         17.0004         20.0000         16.0000          3.0000         18.0617
  110         17.0004         18.0000         16.0000          4.0000         20.8342
  111         17.0004         19.0000         16.0000          4.0000         20.8638
  112         17.0004         20.0000         16.0000          4.0000         21.4473
   98         17.0004         18.0000         16.0000          1.0000         11.8814
   99         17.0004         19.0000         16.0000          1.0000         11.8896
  100         17.0004         20.0000         16.0000          1.0000         12.9273
  102         17.0004         18.0000         16.0000          2.0000         14.2844
  103         17.0004         19.0000         16.0000          2.0000         14.3185
  104         17.0004         20.0000         16.0000          2.0000         15.2517
  106         17.0004         18.0000         16.0000          3.0000         17.2953
  107         17.0004         19.0000         16.0000          3.0000         17.3269
  108         17.0004         20.0000         16.0000          3.0000         18.0507
  110         17.0004         18.0000         16.0000          4.0000         20.8252
  111         17.0004         19.0000         16.0000          4.0000         20.8549
  112         17.0004         20.0000         16.0000          4.0000         21.4390
   98         17.0004         18.0000         16.0000          1.0000         11.8637
   99         17.0004         19.0000         16.0000          1.0000         11.8725
  100         17.0004         20.0000         16.0000          1.0000         12.9122
  102         17.0004         18.0000         16.0000          2.0000         14.2692
  103         17.0004         19.0000         16.0000          2.0000         14.3036
  104         17.0004         20.0000         16.0000          2.0000         15.2384
  106         17.0004         18.0000         16.0000          3.0000         17.2830
  107         17.0004         19.0000         16.0000          3.0000         17.3148
  108         17.0004         20.0000         16.0000          3.0000         18.0397
  110         17.0004         18.0000         16.0000          4.0000         20.8162
  111         17.0004         19.0000         16.0000          4.0000         20.8459
  112         17.0004         20.0000         16.0000          4.0000         21.4308
   98         18.0037         18.0000         16.0000          1.0000          7.4228
   99         18.0037         19.0000         16.0000          1.0000          7.4450
  100         18.0037         20.0000         16.0000          1.0000          8.0784
  102         18.0037         18.0000         16.0000          2.0000          9.0202
  103         18.0037         19.0000         16.0000          2.0000          9.0447
  104         18.0037         20.0000         16.0000          2.0000          9.6080
  106         18.0037         18.0000         16.0000          3.0000         10.8961
  107         18.0037         19.0000         16.0000          3.0000         10.9218
  108         18.0037         20.0000         16.0000          3.0000         11.3548
  110         18.0037         18.0000         16.0000          4.0000         13.0624
  111         18.0037         19.0000         16.0000          4.0000         13.0874
  112         18.0037         20.0000         16.0000          4.0000         13.4364
   98         18.0037         18.0000         16.0000          1.0000          7.4111
   99         18.0037         19.0000         16.0000          1.0000          7.4338
  100         18.0037         20.0000         16.0000          1.0000          8.0685
  102         18.0037         18.0000         16.0000          2.0000          9.0102
  103         18.0037         19.0000         16.0000          2.0000          9.0349
  104         18.0037         20.0000         16.0000          2.0000          9.5992
  106         18.0037         18.0000         16.0000          3.0000         10.8880
  107         18.0037         19.0000         16.0000          3.0000         10.9138
  108         18.0037         20.0000         16.0000          3.0000         11.3475
  110         18.0037         18.0000         16.0000          4.0000         13.0564
  111         18.0037         19.0000         16.0000          4.0000         13.0815
  112         18.0037         20.0000         16.0000          4.0000         13.4310
   98         18.0037         18.0000         16.0000          1.0000          7.3995
   99         18.0037         19.0000         16.0000          1.0000          7.4225
  100         18.0037         20.0000         16.0000          1.0000          8.0586
  102         18.0037         18.0000         16.0000          2.0000          9.0002
  103         18.0037         19.0000         16.0000          2.0000          9.0251
  104         18.0037         20.0000         16.0000          2.0000          9.5904
  106         18.0037         18.0000         16.0000          3.0000         10.8799
  107         18.0037         19.0000         16.0000          3.0000         10.9058
  108         18.0037         20.0000         16.0000          3.0000         11.3403
  110         18.0037         18.0000         16.0000          4.0000         13.0505
  111         18.0037         19.0000         16.0000          4.0000         13.0756
  112         18.0037         20.0000         16.0000          4.0000         13.4255
   98         19.0012         18.0000         16.0000          1.0000          2.0015
   99         19.0012         19.0000         16.0000          1.0000          2.0014
  100         19.0012         20.0000         16.0000          1.0000          2.1849
  102         19.0012         18.0000         16.0000          2.0000          2.4282
  103         19.0012         19.0000         16.0000          2.0000          2.4277
  104         19.0012         20.0000         16.0000          2.0000          2.5920
  106         19.0012         18.0000         16.0000          3.0000          2.9683
  107         19.0012         19.0000         16.0000          3.0000          2.9679
  108         19.0012         20.0000         16.0000          3.0000          3.0950
  110         19.0012         18.0000         16.0000          4.0000          3.6017
  111         19.0012         19.0000         16.0000          4.0000          3.6016
  112         19.0012         20.0000         16.0000          4.0000          3.7040
   98         19.0012         18.0000         16.0000          1.0000          1.9989
   99         19.0012         19.0000         16.0000          1.0000          1.9989
  100         19.0012         20.0000         16.0000          1.0000          2.1828
  102         19.0012         18.0000         16.0000          2.0000          2.4260
  103         19.0012         19.0000         16.0000          2.0000          2.4256
  104         19.0012         20.0000         16.0000          2.0000          2.5901
  106         19.0012         18.0000         16.0000          3.0000          2.9666
  107         19.0012         19.0000         16.0000          3.0000          2.9662
  108         19.0012         20.0000         16.0000          3.0000          3.0934
  110         19.0012         18.0000         16.0000          4.0000          3.6004
  111         19.0012         19.0000         16.0000          4.0000          3.6004
  112         19.0012         20.0000         16.0000          4.0000          3.7028
   98         19.0012         18.0000         16.0000          1.0000          1.9964
   99         19.0012         19.0000         16.0000          1.0000          1.9965
  100         19.0012         20.0000         16.0000          1.0000          2.1806
  102         19.0012         18.0000         16.0000          2.0000          2.4238
  103         19.0012         19.0000         16.0000          2.0000          2.4235
  104         19.0012         20.0000         16.0000          2.0000          2.5882
  106         19.0012         18.0000         16.0000          3.0000          2.9648
  107         19.0012         19.0000         16.0000          3.0000          2.9644
  108         19.0012         20.0000         16.0000          3.0000          3.0918
  110         19.0012         18.0000         16.0000          4.0000          3.5991
  111         19.0012         19.0000         16.0000          4.0000          3.5991
  112         19.0012         20.0000         16.0000          4.0000          3.7017
   98         20.0036         18.0000         16.0000          1.0000          0.0000
   99         20.0036         19.0000         16.0000          1.0000          0.0000
  100         20.0036         20.0000         16.0000          1.0000          0.0000
  102         20.0036         18.0000         16.0000          2.0000          0.0000
  103         20.0036         19.0000         16.0000          2.0000          0.0000
  104         20.0036         20.0000         16.0000          2.0000          0.0000
  106         20.0036         18.0000         16.0000          3.0000          0.0000
  107         20.0036         19.0000         16.0000          3.0000          0.0000
  108         20.0036         20.0000         16.0000          3.0000          0.0000
  110         20.0036         18.0000         16.0000          4.0000          0.0000
  111         20.0036         19.0000         16.0000          4.0000          0.0000
  112         20.0036         20.0000         16.0000          4.0000          0.0000
   98         20.0036         18.0000         16.0000          1.0000          0.0000
   99         20.0036         19.0000         16.0000          1.0000          0.0000
  100         20.0036         20.0000         16.0000          1.0000          0.0000
  102         20.0036         18.0000         16.0000          2.0000          0.0000
  103         20.0036         19.0000         16.0000          2.0000          0.0000
  104         20.0036         20.0000         16.0000          2.0000          0.0000
  106         20.0036         18.0000         16.0000          3.0000          0.0000
  107         20.0036         19.0000         16.0000          3.0000          0.0000
  108         20.0036         20.0000         16.0000          3.0000          0.0000
  110         20.0036         18.0000         16.0000          4.0000          0.0000
  111         20.0036         19.0000         16.0000          4.0000          0.0000
  112         20.0036         20.0000         16.0000          4.0000          0.0000
   98         20.0036         18.0000         16.0000          1.0000          0.0000
   99         20.0036         19.0000         16.0000          1.0000          0.0000
  100         20.0036         20.0000         16.0000          1.0000          0.0000
  102         20.0036         18.0000         16.0000          2.0000          0.0000
  103         20.0036         19.0000         16.0000          2.0000          0.0000
  104         20.0036         20.0000         16.0000          2.0000          0.0000
  106         20.0036         18.0000         16.0000          3.0000          0.0000
  107         20.0036         19.0000         16.0000          3.0000          0.0000
  108         20.0036         20.0000         16.0000          3.0000          0.0000
  110         20.0036         18.0000         16.0000          4.0000          0.0000
  111         20.0036         19.0000         16.0000          4.0000          0.0000
  112         20.0036         20.0000         16.0000          4.0000          0.0000
   98         21.0011         18.0000         16.0000          1.0000          0.0000
   99         21.0011         19.0000         16.0000          1.0000          0.0000
  100         21.0011         20.0000         16.0000          1.0000          0.0000
  102         21.0011         18.0000         16.0000          2.0000          0.0000
  103         21.0011         19.0000         16.0000          2.0000          0.0000
  104         21.0011         20.0000         16.0000          2.0000          0.0000
  106         21.0011         18.0000         16.0000          3.0000          0.0000
  107         21.0011         19.0000         16.0000          3.0000          0.0000
  108         21.0011         20.0000         16.0000          3.0000          0.0000
  110         21.0011         18.0000         16.0000          4.0000          0.0000
  111         21.0011         19.0000         16.0000          4.0000          0.0000
  112         21.0011         20.0000         16.0000          4.0000          0.0000
   98         21.0011         18.0000         16.0000          1.0000          0.0000
   99         21.0011         19.0000         16.0000          1.0000          0.0000
  100         21.0011         20.0000         16.0000          1.0000          0.0000
  102         21.0011         18.0000         16.0000          2.0000          0.0000
  103         21.0011         19.0000         16.0000          2.0000          0.0000
  104         21.0011         20.0000         16.0000          2.0000          0.0000
  106         21.0011         18.0000         16.0000          3.0000          0.0000
  107         21.0011         19.0000         16.0000          3.0000          0.0000
  108         21.0011         20.0000         16.0000          3.0000          0.0000
  110         21.0011         18.0000         16.0000          4.0000          0.0000
  111         21.0011         19.0000         16.0000          4.0000          0.0000
  112         21.0011         20.0000         16.0000          4.0000          0.0000
   98         21.0011         18.0000         16.0000          1.0000          0.0000
   99         21.0011         19.0000         16.0000          1.0000          0.0000
  100         21.0011         20.0000         16.0000          1.0000          0.0000
  102         21.0011         18.0000         16.0000          2.0000          0.0000
  103         21.0011         19.0000         16.0000          2.0000          0.0000
  104         21.0011         20.0000         16.0000          2.0000          0.0000
  106         21.0011         18.0000         16.0000          3.0000          0.0000
  107         21.0011         19.0000         16.0000          3.0000          0.0000
  108         21.0011         20.0000         16.0000          3.0000          0.0000
  110         21.0011         18.0000         16.0000          4.0000          0.0000
  111         21.0011         19.0000         16.0000          4.0000          0.0000
  112         21.0011         20.0000         16.0000          4.0000          0.0000
   98         22.0025         18.0000         16.0000          1.0000          0.0000
   99         22.0025         19.0000         16.0000          1.0000          0.0000
  100         22.0025         20.0000         16.0000          1.0000          0.0000
  102         22.0025         18.0000         16.0000          2.0000          0.0000
  103         22.0025         19.0000         16.0000          2.0000          0.0000
  104         22.0025         20.0000         16.0000          2.0000          0.0000
  106         22.0025         18.0000         16.0000          3.0000          0.0000
  107         22.0025         19.0000         16.0000          3.0000          0.0000
  108         22.0025         20.0000         16.0000          3.0000          0.0000
  110         22.0025         18.0000         16.0000          4.0000          0.0000
  111         22.0025         19.0000         16.0000          4.0000          0.0000
  112         22.0025         20.0000         16.0000          4.0000          0.0000
   98         22.0025         18.0000         16.0000          1.0000          0.0000
   99         22.0025         19.0000         16.0000          1.0000          0.0000
  100         22.0025         20.0000         16.0000          1.0000          0.0000
  102         22.0025         18.0000         16.0000          2.0000          0.0000
  103         22.0025         19.0000         16.0000          2.0000          0.0000
  104         22.0025         20.0000         16.0000          2.0000          0.0000
  106         22.0025         18.0000         16.0000          3.0000          0.0000
  107         22.0025         19.0000         16.0000          3.0000          0.0000
  108         22.0025         20.0000         16.0000          3.0000          0.0000
  110         22.0025         18.0000         16.0000          4.0000          0.0000
  111         22.0025         19.0000         16.0000          4.0000          0.0000
  112         22.0025         20.0000         16.0000          4.0000          0.0000
   98         22.0025         18.0000         16.0000          1.0000          0.0000
   99         22.0025         19.0000         16.0000          1.0000          0.0000
  100         22.0025         20.0000         16.0000          1.0000          0.0000
  102         22.0025         18.0000         16.0000          2.0000          0.0000
  103         22.0025         19.0000         16.0000          2.0000          0.0000
  104         22.0025         20.0000         16.0000          2.0000          0.0000
  106         22.0025         18.0000         16.0000          3.0000          0.0000
  107         22.0025         19.0000         16.0000          3.0000          0.0000
  108         22.0025         20.0000         16.0000          3.0000          0.0000
  110         22.0025         18.0000         16.0000          4.0000          0.0000
  111         22.0025         19.0000         16.0000          4.0000          0.0000
  112         22.0025         20.0000         16.0000          4.0000          0.0000
   98         23.0064         18.0000         16.0000          1.0000          0.0000
   99         23.0064         19.0000         16.0000          1.0000          0.0000
  100         23.0064         20.0000         16.0000          1.0000          0.0000
  102         23.0064         18.0000         16.0000          2.0000          0.0000
  103         23.0064         19.0000         16.0000          2.0000          0.0000
  104         23.0064         20.0000         16.0000          2.0000          0.0000
  106         23.0064         18.0000         16.0000          3.0000          0.0000
  107         23.0064         19.0000         16.0000          3.0000          0.0000
  108         23.0064         20.0000         16.0000          3.0000          0.0000
  110         23.0064         18.0000         16.0000          4.0000          0.0000
  111         23.0064         19.0000         16.0000          4.0000          0.0000
  112         23.0064         20.0000         16.0000          4.0000          0.0000
   98         23.0064         18.0000         16.0000          1.0000          0.0000
   99         23.0064         19.0000         16.0000          1.0000          0.0000
  100         23.0064         20.0000         16.0000          1.0000          0.0000
  102         23.0064         18.0000         16.0000          2.0000          0.0000
  103         23.0064         19.0000         16.0000          2.0000          0.0000
  104         23.0064         20.0000         16.0000          2.0000          0.0000
  106         23.0064         18.0000         16.0000          3.0000          0.0000
  107         23.0064         19.0000         16.0000          3.0000          0.0000
  108         23.0064         20.0000         16.0000          3.0000          0.0000
  110         23.0064         18.0000         16.0000          4.0000          0.0000
  111         23.0064         19.0000         16.0000          4.0000          0.0000
  112         23.0064         20.0000         16.0000          4.0000          0.0000
   98         23.0064         18.0000         16.0000          1.0000          0.0000
   99         23.0064         19.0000         16.0000          1.0000          0.0000
  100         23.0064         20.0000         16.0000          1.0000          0.0000
  102         23.0064         18.0000         16.0000          2.0000          0.0000
  103         23.0064         19.0000         16.0000          2.0000          0.0000
  104         23.0064         20.0000         16.0000          2.0000          0.0000
  106         23.0064         18.0000         16.0000          3.0000          0.0000
  107         23.0064         19.0000         16.0000          3.0000          0.0000
  108         23.0064         20.0000         16.0000          3.0000          0.0000
  110         23.0064         18.0000         16.0000          4.0000          0.0000
  111         23.0064         19.0000         16.0000          4.0000          0.0000
  112         23.0064         20.0000         16.0000          4.0000          0.0000
