   81          1.0013         21.0000         17.0000          1.0000          4.1400
   85          1.0013         21.0000         17.0000          2.0000          4.5702
   89          1.0013         21.0000         17.0000          3.0000          4.4826
   93          1.0013         21.0000         17.0000          4.0000          4.2263
   81          1.0013         21.0000         17.0000          1.0000          4.1397
   85          1.0013         21.0000         17.0000          2.0000          4.5688
   89          1.0013         21.0000         17.0000          3.0000          4.4803
   93          1.0013         21.0000         17.0000          4.0000          4.2231
   81          1.0013         21.0000         17.0000          1.0000          4.1420
   85          1.0013         21.0000         17.0000          2.0000          4.5711
   89          1.0013         21.0000         17.0000          3.0000          4.4824
   93          1.0013         21.0000         17.0000          4.0000          4.2247
   81          1.0085         21.0000         17.0000          1.0000          4.1706
   85          1.0085         21.0000         17.0000          2.0000          4.6010
   89          1.0085         21.0000         17.0000          3.0000          4.5133
   93          1.0085         21.0000         17.0000          4.0000          4.2572
   81          1.0085         21.0000         17.0000          1.0000          4.1719
   85          1.0085         21.0000         17.0000          2.0000          4.6014
   89          1.0085         21.0000         17.0000          3.0000          4.5127
   93          1.0085         21.0000         17.0000          4.0000          4.2557
   81          1.0085         21.0000         17.0000          1.0000          4.1744
   85          1.0085         21.0000         17.0000          2.0000          4.6039
   89          1.0085         21.0000         17.0000          3.0000          4.5149
   93          1.0085         21.0000         17.0000          4.0000          4.2574
   81          2.0075         21.0000         17.0000          1.0000          5.1176
   85          2.0075         21.0000         17.0000          2.0000          5.5290
   89          2.0075         21.0000         17.0000          3.0000          5.3953
   93          2.0075         21.0000         17.0000          4.0000          5.1165
   81          2.0075         21.0000         17.0000          1.0000          5.1229
   85          2.0075         21.0000         17.0000          2.0000          5.5332
   89          2.0075         21.0000         17.0000          3.0000          5.3982
   93          2.0075         21.0000         17.0000          4.0000          5.1181
   81          2.0075         21.0000         17.0000          1.0000          5.1254
   85          2.0075         21.0000         17.0000          2.0000          5.5357
   89          2.0075         21.0000         17.0000          3.0000          5.4005
   93          2.0075         21.0000         17.0000          4.0000          5.1200
   81          3.0133         21.0000         17.0000          1.0000          2.3288
   85          3.0133         21.0000         17.0000          2.0000          2.5683
   89          3.0133         21.0000         17.0000          3.0000          2.4395
   93          3.0133         21.0000         17.0000          4.0000          2.1389
   81          3.0133         21.0000         17.0000          1.0000          2.3298
   85          3.0133         21.0000         17.0000          2.0000          2.5686
   89          3.0133         21.0000         17.0000          3.0000          2.4392
   93          3.0133         21.0000         17.0000          4.0000          2.1378
   81          3.0133         21.0000         17.0000          1.0000          2.3325
   85          3.0133         21.0000         17.0000          2.0000          2.5713
   89          3.0133         21.0000         17.0000          3.0000          2.4415
   93          3.0133         21.0000         17.0000          4.0000          2.1395
   81          4.0157         21.0000         17.0000          1.0000          2.0982
   85          4.0157         21.0000         17.0000          2.0000          2.2873
   89          4.0157         21.0000         17.0000          3.0000          2.1418
   93          4.0157         21.0000         17.0000          4.0000          1.8375
   81          4.0157         21.0000         17.0000          1.0000          2.0980
   85          4.0157         21.0000         17.0000          2.0000          2.2865
   89          4.0157         21.0000         17.0000          3.0000          2.1403
   93          4.0157         21.0000         17.0000          4.0000          1.8352
   81          4.0157         21.0000         17.0000          1.0000          2.1004
   85          4.0157         21.0000         17.0000          2.0000          2.2888
   89          4.0157         21.0000         17.0000          3.0000          2.1423
   93          4.0157         21.0000         17.0000          4.0000          1.8368
   81          5.0182         21.0000         17.0000          1.0000          2.0530
   85          5.0182         21.0000         17.0000          2.0000          2.1966
   89          5.0182         21.0000         17.0000          3.0000          2.0311
   93          5.0182         21.0000         17.0000          4.0000          1.7154
   81          5.0182         21.0000         17.0000          1.0000          2.0532
   85          5.0182         21.0000         17.0000          2.0000          2.1962
   89          5.0182         21.0000         17.0000          3.0000          2.0301
   93          5.0182         21.0000         17.0000          4.0000          1.7137
   81          5.0182         21.0000         17.0000          1.0000          2.0557
   85          5.0182         21.0000         17.0000          2.0000          2.1986
   89          5.0182         21.0000         17.0000          3.0000          2.0322
   93          5.0182         21.0000         17.0000          4.0000          1.7153
   81          6.0271         21.0000         17.0000          1.0000          1.1544
   85          6.0271         21.0000         17.0000          2.0000          1.2535
   89          6.0271         21.0000         17.0000          3.0000          1.1018
   93          6.0271         21.0000         17.0000          4.0000          0.8291
   81          6.0271         21.0000         17.0000          1.0000          1.1545
   85          6.0271         21.0000         17.0000          2.0000          1.2531
   89          6.0271         21.0000         17.0000          3.0000          1.1008
   93          6.0271         21.0000         17.0000          4.0000          0.8276
   81          6.0271         21.0000         17.0000          1.0000          1.1568
   85          6.0271         21.0000         17.0000          2.0000          1.2553
   89          6.0271         21.0000         17.0000          3.0000          1.1027
   93          6.0271         21.0000         17.0000          4.0000          0.8290
   81          7.0186         21.0000         17.0000          1.0000          0.8617
   85          7.0186         21.0000         17.0000          2.0000          0.9281
   89          7.0186         21.0000         17.0000          3.0000          0.7766
   93          7.0186         21.0000         17.0000          4.0000          0.5215
   81          7.0186         21.0000         17.0000          1.0000          0.8654
   85          7.0186         21.0000         17.0000          2.0000          0.9317
   89          7.0186         21.0000         17.0000          3.0000          0.7798
   93          7.0186         21.0000         17.0000          4.0000          0.5240
   81          7.0186         21.0000         17.0000          1.0000          0.8684
   85          7.0186         21.0000         17.0000          2.0000          0.9346
   89          7.0186         21.0000         17.0000          3.0000          0.7823
   93          7.0186         21.0000         17.0000          4.0000          0.5259
   81          8.0102         21.0000         17.0000          1.0000          1.2849
   85          8.0102         21.0000         17.0000          2.0000          1.4066
   89          8.0102         21.0000         17.0000          3.0000          1.3097
   93          8.0102         21.0000         17.0000          4.0000          1.1493
   81          8.0102         21.0000         17.0000          1.0000          1.3008
   85          8.0102         21.0000         17.0000          2.0000          1.4234
   89          8.0102         21.0000         17.0000          3.0000          1.3264
   93          8.0102         21.0000         17.0000          4.0000          1.1805
   81          8.0102         21.0000         17.0000          1.0000          1.3078
   85          8.0102         21.0000         17.0000          2.0000          1.4305
   89          8.0102         21.0000         17.0000          3.0000          1.3328
   93          8.0102         21.0000         17.0000          4.0000          1.1856
   81          9.0088         21.0000         17.0000          1.0000          4.1025
   85          9.0088         21.0000         17.0000          2.0000          4.7150
   89          9.0088         21.0000         17.0000          3.0000          8.2635
   93          9.0088         21.0000         17.0000          4.0000         12.0671
   81          9.0088         21.0000         17.0000          1.0000          4.1257
   85          9.0088         21.0000         17.0000          2.0000          4.7394
   89          9.0088         21.0000         17.0000          3.0000          8.2983
   93          9.0088         21.0000         17.0000          4.0000         12.1124
   81          9.0088         21.0000         17.0000          1.0000          4.1346
   85          9.0088         21.0000         17.0000          2.0000          4.7484
   89          9.0088         21.0000         17.0000          3.0000          8.3074
   93          9.0088         21.0000         17.0000          4.0000         12.1203
   81         10.0006         21.0000         17.0000          1.0000          9.1253
   85         10.0006         21.0000         17.0000          2.0000         26.7451
   89         10.0006         21.0000         17.0000          3.0000         29.8197
   93         10.0006         21.0000         17.0000          4.0000         33.4849
   81         10.0006         21.0000         17.0000          1.0000          9.1590
   85         10.0006         21.0000         17.0000          2.0000         26.7850
   89         10.0006         21.0000         17.0000          3.0000         29.8587
   93         10.0006         21.0000         17.0000          4.0000         33.5215
   81         10.0006         21.0000         17.0000          1.0000          9.1709
   85         10.0006         21.0000         17.0000          2.0000         26.7992
   89         10.0006         21.0000         17.0000          3.0000         29.8717
   93         10.0006         21.0000         17.0000          4.0000         33.5325
   81         11.0019         21.0000         17.0000          1.0000         28.5479
   85         11.0019         21.0000         17.0000          2.0000         36.8497
   89         11.0019         21.0000         17.0000          3.0000         40.4657
   93         11.0019         21.0000         17.0000          4.0000         45.4249
   81         11.0019         21.0000         17.0000          1.0000         28.5848
   85         11.0019         21.0000         17.0000          2.0000         36.8835
   89         11.0019         21.0000         17.0000          3.0000         40.4950
   93         11.0019         21.0000         17.0000          4.0000         45.4491
   81         11.0019         21.0000         17.0000          1.0000         28.5988
   85         11.0019         21.0000         17.0000          2.0000         36.8968
   89         11.0019         21.0000         17.0000          3.0000         40.5068
   93         11.0019         21.0000         17.0000          4.0000         45.4588
   81         12.0048         21.0000         17.0000          1.0000         27.6477
   85         12.0048         21.0000         17.0000          2.0000         33.9700
   89         12.0048         21.0000         17.0000          3.0000         37.6733
   93         12.0048         21.0000         17.0000          4.0000         42.5997
   81         12.0048         21.0000         17.0000          1.0000         26.1825
   85         12.0048         21.0000         17.0000          2.0000         33.8681
   89         12.0048         21.0000         17.0000          3.0000         37.9930
   93         12.0048         21.0000         17.0000          4.0000         42.9755
   81         12.0048         21.0000         17.0000          1.0000         26.1058
   85         12.0048         21.0000         17.0000          2.0000         33.8365
   89         12.0048         21.0000         17.0000          3.0000         37.9750
   93         12.0048         21.0000         17.0000          4.0000         42.9536
   81         12.0048         21.0000         17.0000          1.0000         26.1212
   85         12.0048         21.0000         17.0000          2.0000         33.8519
   89         12.0048         21.0000         17.0000          3.0000         37.9888
   93         12.0048         21.0000         17.0000          4.0000         42.9655
   81         13.0003         21.0000         17.0000          1.0000         34.4649
   85         13.0003         21.0000         17.0000          2.0000         41.5547
   89         13.0003         21.0000         17.0000          3.0000         45.3159
   93         13.0003         21.0000         17.0000          4.0000         50.6308
   81         13.0003         21.0000         17.0000          1.0000         34.4892
   85         13.0003         21.0000         17.0000          2.0000         41.5735
   89         13.0003         21.0000         17.0000          3.0000         45.3287
   93         13.0003         21.0000         17.0000          4.0000         50.6379
   81         13.0003         21.0000         17.0000          1.0000         34.5057
   85         13.0003         21.0000         17.0000          2.0000         41.5884
   89         13.0003         21.0000         17.0000          3.0000         45.3416
   93         13.0003         21.0000         17.0000          4.0000         50.6484
   81         14.0007         21.0000         17.0000          1.0000         42.4461
   85         14.0007         21.0000         17.0000          2.0000         50.5840
   89         14.0007         21.0000         17.0000          3.0000         55.8084
   93         14.0007         21.0000         17.0000          4.0000         62.7575
   81         14.0007         21.0000         17.0000          1.0000         42.9104
   85         14.0007         21.0000         17.0000          2.0000         51.0509
   89         14.0007         21.0000         17.0000          3.0000         56.2521
   93         14.0007         21.0000         17.0000          4.0000         63.1647
   81         14.0007         21.0000         17.0000          1.0000         42.9801
   85         14.0007         21.0000         17.0000          2.0000         51.1192
   89         14.0007         21.0000         17.0000          3.0000         56.3151
   93         14.0007         21.0000         17.0000          4.0000         63.2196
   81         14.0007         21.0000         17.0000          1.0000         43.0008
   85         14.0007         21.0000         17.0000          2.0000         51.1377
   89         14.0007         21.0000         17.0000          3.0000         56.3313
   93         14.0007         21.0000         17.0000          4.0000         63.2329
   81         15.0004         21.0000         17.0000          1.0000         24.5348
   85         15.0004         21.0000         17.0000          2.0000         30.3297
   89         15.0004         21.0000         17.0000          3.0000         33.3135
   93         15.0004         21.0000         17.0000          4.0000         36.7492
   81         15.0004         21.0000         17.0000          1.0000         24.1791
   85         15.0004         21.0000         17.0000          2.0000         29.9412
   89         15.0004         21.0000         17.0000          3.0000         32.9104
   93         15.0004         21.0000         17.0000          4.0000         36.3426
   81         15.0004         21.0000         17.0000          1.0000         24.1392
   85         15.0004         21.0000         17.0000          2.0000         29.8985
   89         15.0004         21.0000         17.0000          3.0000         32.8693
   93         15.0004         21.0000         17.0000          4.0000         36.3062
   81         16.0012         21.0000         17.0000          1.0000         32.1387
   85         16.0012         21.0000         17.0000          2.0000         39.1509
   89         16.0012         21.0000         17.0000          3.0000         42.8927
   93         16.0012         21.0000         17.0000          4.0000         47.1603
   81         16.0012         21.0000         17.0000          1.0000         32.1676
   85         16.0012         21.0000         17.0000          2.0000         39.1750
   89         16.0012         21.0000         17.0000          3.0000         42.9116
   93         16.0012         21.0000         17.0000          4.0000         47.1736
   81         16.0012         21.0000         17.0000          1.0000         32.1837
   85         16.0012         21.0000         17.0000          2.0000         39.1896
   89         16.0012         21.0000         17.0000          3.0000         42.9243
   93         16.0012         21.0000         17.0000          4.0000         47.1840
   81         17.0004         21.0000         17.0000          1.0000         31.6750
   85         17.0004         21.0000         17.0000          2.0000         37.9486
   89         17.0004         21.0000         17.0000          3.0000         41.7903
   93         17.0004         21.0000         17.0000          4.0000         46.4808
   81         17.0004         21.0000         17.0000          1.0000         31.9905
   85         17.0004         21.0000         17.0000          2.0000         38.2653
   89         17.0004         21.0000         17.0000          3.0000         42.0930
   93         17.0004         21.0000         17.0000          4.0000         46.7604
   81         17.0004         21.0000         17.0000          1.0000         32.0380
   85         17.0004         21.0000         17.0000          2.0000         38.3124
   89         17.0004         21.0000         17.0000          3.0000         42.1368
   93         17.0004         21.0000         17.0000          4.0000         46.7988
   81         17.0004         21.0000         17.0000          1.0000         32.0503
   85         17.0004         21.0000         17.0000          2.0000         38.3236
   89         17.0004         21.0000         17.0000          3.0000         42.1467
   93         17.0004         21.0000         17.0000          4.0000         46.8071
   81         18.0037         21.0000         17.0000          1.0000         26.1141
   85         18.0037         21.0000         17.0000          2.0000         30.6129
   89         18.0037         21.0000         17.0000          3.0000         33.2084
   93         18.0037         21.0000         17.0000          4.0000         36.5977
   81         18.0037         21.0000         17.0000          1.0000         25.8945
   85         18.0037         21.0000         17.0000          2.0000         30.3847
   89         18.0037         21.0000         17.0000          3.0000         32.9835
   93         18.0037         21.0000         17.0000          4.0000         36.3834
   81         18.0037         21.0000         17.0000          1.0000         25.8709
   85         18.0037         21.0000         17.0000          2.0000         30.3604
   89         18.0037         21.0000         17.0000          3.0000         32.9605
   93         18.0037         21.0000         17.0000          4.0000         36.3626
   81         19.0012         21.0000         17.0000          1.0000         19.7465
   85         19.0012         21.0000         17.0000          2.0000         22.5735
   89         19.0012         21.0000         17.0000          3.0000         23.8855
   93         19.0012         21.0000         17.0000          4.0000         25.6523
   81         19.0012         21.0000         17.0000          1.0000         19.7530
   85         19.0012         21.0000         17.0000          2.0000         22.5772
   89         19.0012         21.0000         17.0000          3.0000         23.8863
   93         19.0012         21.0000         17.0000          4.0000         25.6504
   81         19.0012         21.0000         17.0000          1.0000         19.7555
   85         19.0012         21.0000         17.0000          2.0000         22.5797
   89         19.0012         21.0000         17.0000          3.0000         23.8887
   93         19.0012         21.0000         17.0000          4.0000         25.6525
   81         20.0036         21.0000         17.0000          1.0000          9.8611
   85         20.0036         21.0000         17.0000          2.0000         11.2461
   89         20.0036         21.0000         17.0000          3.0000         11.6193
   93         20.0036         21.0000         17.0000          4.0000         11.9339
   81         20.0036         21.0000         17.0000          1.0000          9.8654
   85         20.0036         21.0000         17.0000          2.0000         11.2487
   89         20.0036         21.0000         17.0000          3.0000         11.6201
   93         20.0036         21.0000         17.0000          4.0000         11.9331
   81         20.0036         21.0000         17.0000          1.0000          9.8674
   85         20.0036         21.0000         17.0000          2.0000         11.2507
   89         20.0036         21.0000         17.0000          3.0000         11.6220
   93         20.0036         21.0000         17.0000          4.0000         11.9346
   81         21.0011         21.0000         17.0000          1.0000          8.3445
   85         21.0011         21.0000         17.0000          2.0000          9.4348
   89         21.0011         21.0000         17.0000          3.0000          9.6370
   93         21.0011         21.0000         17.0000          4.0000          9.8064
   81         21.0011         21.0000         17.0000          1.0000          8.3454
   85         21.0011         21.0000         17.0000          2.0000          9.4339
   89         21.0011         21.0000         17.0000          3.0000          9.6345
   93         21.0011         21.0000         17.0000          4.0000          9.8026
   81         21.0011         21.0000         17.0000          1.0000          8.3469
   85         21.0011         21.0000         17.0000          2.0000          9.4354
   89         21.0011         21.0000         17.0000          3.0000          9.6359
   93         21.0011         21.0000         17.0000          4.0000          9.8037
   81         22.0025         21.0000         17.0000          1.0000          5.2790
   85         22.0025         21.0000         17.0000          2.0000          5.9566
   89         22.0025         21.0000         17.0000          3.0000          5.9871
   93         22.0025         21.0000         17.0000          4.0000          5.7747
   81         22.0025         21.0000         17.0000          1.0000          5.2789
   85         22.0025         21.0000         17.0000          2.0000          5.9556
   89         22.0025         21.0000         17.0000          3.0000          5.9852
   93         22.0025         21.0000         17.0000          4.0000          5.7719
   81         22.0025         21.0000         17.0000          1.0000          5.2816
   85         22.0025         21.0000         17.0000          2.0000          5.9582
   89         22.0025         21.0000         17.0000          3.0000          5.9875
   93         22.0025         21.0000         17.0000          4.0000          5.7736
   81         23.0064         21.0000         17.0000          1.0000          4.1969
   85         23.0064         21.0000         17.0000          2.0000          4.7412
   89         23.0064         21.0000         17.0000          3.0000          4.7186
   93         23.0064         21.0000         17.0000          4.0000          4.4555
   81         23.0064         21.0000         17.0000          1.0000          4.1963
   85         23.0064         21.0000         17.0000          2.0000          4.7398
   89         23.0064         21.0000         17.0000          3.0000          4.7164
   93         23.0064         21.0000         17.0000          4.0000          4.4525
   81         23.0064         21.0000         17.0000          1.0000          4.1991
   85         23.0064         21.0000         17.0000          2.0000          4.7425
   89         23.0064         21.0000         17.0000          3.0000          4.7188
   93         23.0064         21.0000         17.0000          4.0000          4.4543
