   65          1.0013         17.0000         21.0000          1.0000          0.0000
   69          1.0013         17.0000         21.0000          2.0000          0.0000
   73          1.0013         17.0000         21.0000          3.0000          0.0000
   77          1.0013         17.0000         21.0000          4.0000          0.0000
   65          1.0013         17.0000         21.0000          1.0000          0.0000
   69          1.0013         17.0000         21.0000          2.0000          0.0000
   73          1.0013         17.0000         21.0000          3.0000          0.0000
   77          1.0013         17.0000         21.0000          4.0000          0.0000
   65          1.0013         17.0000         21.0000          1.0000          0.0000
   69          1.0013         17.0000         21.0000          2.0000          0.0000
   73          1.0013         17.0000         21.0000          3.0000          0.0000
   77          1.0013         17.0000         21.0000          4.0000          0.0000
   65          1.0085         17.0000         21.0000          1.0000          0.0000
   69          1.0085         17.0000         21.0000          2.0000          0.0000
   73          1.0085         17.0000         21.0000          3.0000          0.0000
   77          1.0085         17.0000         21.0000          4.0000          0.0000
   65          1.0085         17.0000         21.0000          1.0000          0.0000
   69          1.0085         17.0000         21.0000          2.0000          0.0000
   73          1.0085         17.0000         21.0000          3.0000          0.0000
   77          1.0085         17.0000         21.0000          4.0000          0.0000
   65          1.0085         17.0000         21.0000          1.0000          0.0000
   69          1.0085         17.0000         21.0000          2.0000          0.0000
   73          1.0085         17.0000         21.0000          3.0000          0.0000
   77          1.0085         17.0000         21.0000          4.0000          0.0000
   65          2.0075         17.0000         21.0000          1.0000          0.0000
   69          2.0075         17.0000         21.0000          2.0000          0.0000
   73          2.0075         17.0000         21.0000          3.0000          0.0000
   77          2.0075         17.0000         21.0000          4.0000          0.0000
   65          2.0075         17.0000         21.0000          1.0000          0.0000
   69          2.0075         17.0000         21.0000          2.0000          0.0000
   73          2.0075         17.0000         21.0000          3.0000          0.0000
   77          2.0075         17.0000         21.0000          4.0000          0.0000
   65          2.0075         17.0000         21.0000          1.0000          0.0000
   69          2.0075         17.0000         21.0000          2.0000          0.0000
   73          2.0075         17.0000         21.0000          3.0000          0.0000
   77          2.0075         17.0000         21.0000          4.0000          0.0000
   65          3.0133         17.0000         21.0000          1.0000          0.0000
   69          3.0133         17.0000         21.0000          2.0000          0.0000
   73          3.0133         17.0000         21.0000          3.0000          0.0000
   77          3.0133         17.0000         21.0000          4.0000          0.0000
   65          3.0133         17.0000         21.0000          1.0000          0.0000
   69          3.0133         17.0000         21.0000          2.0000          0.0000
   73          3.0133         17.0000         21.0000          3.0000          0.0000
   77          3.0133         17.0000         21.0000          4.0000          0.0000
   65          3.0133         17.0000         21.0000          1.0000          0.0000
   69          3.0133         17.0000         21.0000          2.0000          0.0000
   73          3.0133         17.0000         21.0000          3.0000          0.0000
   77          3.0133         17.0000         21.0000          4.0000          0.0000
   65          4.0157         17.0000         21.0000          1.0000          0.0000
   69          4.0157         17.0000         21.0000          2.0000          0.0000
   73          4.0157         17.0000         21.0000          3.0000          0.0000
   77          4.0157         17.0000         21.0000          4.0000          0.0000
   65          4.0157         17.0000         21.0000          1.0000          0.0000
   69          4.0157         17.0000         21.0000          2.0000          0.0000
   73          4.0157         17.0000         21.0000          3.0000          0.0000
   77          4.0157         17.0000         21.0000          4.0000          0.0000
   65          4.0157         17.0000         21.0000          1.0000          0.0000
   69          4.0157         17.0000         21.0000          2.0000          0.0000
   73          4.0157         17.0000         21.0000          3.0000          0.0000
   77          4.0157         17.0000         21.0000          4.0000          0.0000
   65          5.0182         17.0000         21.0000          1.0000          0.0000
   69          5.0182         17.0000         21.0000          2.0000          0.0000
   73          5.0182         17.0000         21.0000          3.0000          0.0000
   77          5.0182         17.0000         21.0000          4.0000          0.0000
   65          5.0182         17.0000         21.0000          1.0000          0.0000
   69          5.0182         17.0000         21.0000          2.0000          0.0000
   73          5.0182         17.0000         21.0000          3.0000          0.0000
   77          5.0182         17.0000         21.0000          4.0000          0.0000
   65          5.0182         17.0000         21.0000          1.0000          0.0000
   69          5.0182         17.0000         21.0000          2.0000          0.0000
   73          5.0182         17.0000         21.0000          3.0000          0.0000
   77          5.0182         17.0000         21.0000          4.0000          0.0000
   65          6.0271         17.0000         21.0000          1.0000          0.0000
   69          6.0271         17.0000         21.0000          2.0000          0.0000
   73          6.0271         17.0000         21.0000          3.0000          0.0000
   77          6.0271         17.0000         21.0000          4.0000          0.0000
   65          6.0271         17.0000         21.0000          1.0000          0.0000
   69          6.0271         17.0000         21.0000          2.0000          0.0000
   73          6.0271         17.0000         21.0000          3.0000          0.0000
   77          6.0271         17.0000         21.0000          4.0000          0.0000
   65          6.0271         17.0000         21.0000          1.0000          0.0000
   69          6.0271         17.0000         21.0000          2.0000          0.0000
   73          6.0271         17.0000         21.0000          3.0000          0.0000
   77          6.0271         17.0000         21.0000          4.0000          0.0000
   65          7.0186         17.0000         21.0000          1.0000          0.0478
   69          7.0186         17.0000         21.0000          2.0000          0.0568
   73          7.0186         17.0000         21.0000          3.0000          0.0680
   77          7.0186         17.0000         21.0000          4.0000          0.0815
   65          7.0186         17.0000         21.0000          1.0000          0.0478
   69          7.0186         17.0000         21.0000          2.0000          0.0567
   73          7.0186         17.0000         21.0000          3.0000          0.0679
   77          7.0186         17.0000         21.0000          4.0000          0.0815
   65          7.0186         17.0000         21.0000          1.0000          0.0477
   69          7.0186         17.0000         21.0000          2.0000          0.0567
   73          7.0186         17.0000         21.0000          3.0000          0.0679
   77          7.0186         17.0000         21.0000          4.0000          0.0815
   65          8.0102         17.0000         21.0000          1.0000          2.7996
   69          8.0102         17.0000         21.0000          2.0000          3.2977
   73          8.0102         17.0000         21.0000          3.0000          3.9211
   77          8.0102         17.0000         21.0000          4.0000          4.6794
   65          8.0102         17.0000         21.0000          1.0000          2.7968
   69          8.0102         17.0000         21.0000          2.0000          3.2954
   73          8.0102         17.0000         21.0000          3.0000          3.9192
   77          8.0102         17.0000         21.0000          4.0000          4.6780
   65          8.0102         17.0000         21.0000          1.0000          2.7940
   69          8.0102         17.0000         21.0000          2.0000          3.2930
   73          8.0102         17.0000         21.0000          3.0000          3.9173
   77          8.0102         17.0000         21.0000          4.0000          4.6765
   65          9.0088         17.0000         21.0000          1.0000         17.7680
   69          9.0088         17.0000         21.0000          2.0000         20.0578
   73          9.0088         17.0000         21.0000          3.0000         23.0163
   77          9.0088         17.0000         21.0000          4.0000         26.6636
   65          9.0088         17.0000         21.0000          1.0000         17.7499
   69          9.0088         17.0000         21.0000          2.0000         20.0426
   73          9.0088         17.0000         21.0000          3.0000         23.0038
   77          9.0088         17.0000         21.0000          4.0000         26.6543
   65          9.0088         17.0000         21.0000          1.0000         17.7318
   69          9.0088         17.0000         21.0000          2.0000         20.0274
   73          9.0088         17.0000         21.0000          3.0000         22.9913
   77          9.0088         17.0000         21.0000          4.0000         26.6451
   65         10.0006         17.0000         21.0000          1.0000         32.2164
   69         10.0006         17.0000         21.0000          2.0000         35.9566
   73         10.0006         17.0000         21.0000          3.0000         40.8294
   77         10.0006         17.0000         21.0000          4.0000         46.8934
   65         10.0006         17.0000         21.0000          1.0000         32.1791
   69         10.0006         17.0000         21.0000          2.0000         35.9253
   73         10.0006         17.0000         21.0000          3.0000         40.8038
   77         10.0006         17.0000         21.0000          4.0000         46.8744
   65         10.0006         17.0000         21.0000          1.0000         32.1418
   69         10.0006         17.0000         21.0000          2.0000         35.8941
   73         10.0006         17.0000         21.0000          3.0000         40.7781
   77         10.0006         17.0000         21.0000          4.0000         46.8554
   65         11.0019         17.0000         21.0000          1.0000         41.7495
   69         11.0019         17.0000         21.0000          2.0000         47.3892
   73         11.0019         17.0000         21.0000          3.0000         54.6358
   77         11.0019         17.0000         21.0000          4.0000         63.5959
   65         11.0019         17.0000         21.0000          1.0000         41.7003
   69         11.0019         17.0000         21.0000          2.0000         47.3480
   73         11.0019         17.0000         21.0000          3.0000         54.6021
   77         11.0019         17.0000         21.0000          4.0000         63.5709
   65         11.0019         17.0000         21.0000          1.0000         41.6512
   69         11.0019         17.0000         21.0000          2.0000         47.3068
   73         11.0019         17.0000         21.0000          3.0000         54.5684
   77         11.0019         17.0000         21.0000          4.0000         63.5460
   65         12.0048         17.0000         21.0000          1.0000         49.2076
   69         12.0048         17.0000         21.0000          2.0000         54.8626
   73         12.0048         17.0000         21.0000          3.0000         62.2803
   77         12.0048         17.0000         21.0000          4.0000         71.5818
   65         12.0048         17.0000         21.0000          1.0000         49.1467
   69         12.0048         17.0000         21.0000          2.0000         54.8120
   73         12.0048         17.0000         21.0000          3.0000         62.2390
   77         12.0048         17.0000         21.0000          4.0000         71.5512
   65         12.0048         17.0000         21.0000          1.0000         49.0857
   69         12.0048         17.0000         21.0000          2.0000         54.7613
   73         12.0048         17.0000         21.0000          3.0000         62.1977
   77         12.0048         17.0000         21.0000          4.0000         71.5207
   65         12.0048         17.0000         21.0000          1.0000         49.0248
   69         12.0048         17.0000         21.0000          2.0000         54.7107
   73         12.0048         17.0000         21.0000          3.0000         62.1564
   77         12.0048         17.0000         21.0000          4.0000         71.4901
   65         13.0003         17.0000         21.0000          1.0000         51.3757
   69         13.0003         17.0000         21.0000          2.0000         56.7471
   73         13.0003         17.0000         21.0000          3.0000         63.8951
   77         13.0003         17.0000         21.0000          4.0000         72.9267
   65         13.0003         17.0000         21.0000          1.0000         51.3106
   69         13.0003         17.0000         21.0000          2.0000         56.6933
   73         13.0003         17.0000         21.0000          3.0000         63.8513
   77         13.0003         17.0000         21.0000          4.0000         72.8943
   65         13.0003         17.0000         21.0000          1.0000         51.2455
   69         13.0003         17.0000         21.0000          2.0000         56.6394
   73         13.0003         17.0000         21.0000          3.0000         63.8074
   77         13.0003         17.0000         21.0000          4.0000         72.8618
   65         14.0007         17.0000         21.0000          1.0000         47.3283
   69         14.0007         17.0000         21.0000          2.0000         53.7525
   73         14.0007         17.0000         21.0000          3.0000         62.0212
   77         14.0007         17.0000         21.0000          4.0000         72.2657
   65         14.0007         17.0000         21.0000          1.0000         47.2727
   69         14.0007         17.0000         21.0000          2.0000         53.7063
   73         14.0007         17.0000         21.0000          3.0000         61.9835
   77         14.0007         17.0000         21.0000          4.0000         72.2379
   65         14.0007         17.0000         21.0000          1.0000         47.2171
   69         14.0007         17.0000         21.0000          2.0000         53.6600
   73         14.0007         17.0000         21.0000          3.0000         61.9458
   77         14.0007         17.0000         21.0000          4.0000         72.2100
   65         14.0007         17.0000         21.0000          1.0000         47.1614
   69         14.0007         17.0000         21.0000          2.0000         53.6138
   73         14.0007         17.0000         21.0000          3.0000         61.9081
   77         14.0007         17.0000         21.0000          4.0000         72.1821
   65         15.0004         17.0000         21.0000          1.0000         48.9567
   69         15.0004         17.0000         21.0000          2.0000         53.9902
   73         15.0004         17.0000         21.0000          3.0000         60.6811
   77         15.0004         17.0000         21.0000          4.0000         69.1368
   65         15.0004         17.0000         21.0000          1.0000         48.8939
   69         15.0004         17.0000         21.0000          2.0000         53.9380
   73         15.0004         17.0000         21.0000          3.0000         60.6386
   77         15.0004         17.0000         21.0000          4.0000         69.1054
   65         15.0004         17.0000         21.0000          1.0000         48.8311
   69         15.0004         17.0000         21.0000          2.0000         53.8859
   73         15.0004         17.0000         21.0000          3.0000         60.5961
   77         15.0004         17.0000         21.0000          4.0000         69.0739
   65         16.0012         17.0000         21.0000          1.0000         42.7231
   69         16.0012         17.0000         21.0000          2.0000         47.0967
   73         16.0012         17.0000         21.0000          3.0000         52.9053
   77         16.0012         17.0000         21.0000          4.0000         60.2445
   65         16.0012         17.0000         21.0000          1.0000         42.6690
   69         16.0012         17.0000         21.0000          2.0000         47.0516
   73         16.0012         17.0000         21.0000          3.0000         52.8684
   77         16.0012         17.0000         21.0000          4.0000         60.2172
   65         16.0012         17.0000         21.0000          1.0000         42.6149
   69         16.0012         17.0000         21.0000          2.0000         47.0065
   73         16.0012         17.0000         21.0000          3.0000         52.8316
   77         16.0012         17.0000         21.0000          4.0000         60.1900
   65         17.0004         17.0000         21.0000          1.0000         28.0820
   69         17.0004         17.0000         21.0000          2.0000         32.1561
   73         17.0004         17.0000         21.0000          3.0000         37.3656
   77         17.0004         17.0000         21.0000          4.0000         43.7876
   65         17.0004         17.0000         21.0000          1.0000         28.0511
   69         17.0004         17.0000         21.0000          2.0000         32.1303
   73         17.0004         17.0000         21.0000          3.0000         37.3446
   77         17.0004         17.0000         21.0000          4.0000         43.7721
   65         17.0004         17.0000         21.0000          1.0000         28.0203
   69         17.0004         17.0000         21.0000          2.0000         32.1045
   73         17.0004         17.0000         21.0000          3.0000         37.3235
   77         17.0004         17.0000         21.0000          4.0000         43.7565
   65         17.0004         17.0000         21.0000          1.0000         27.9894
   69         17.0004         17.0000         21.0000          2.0000         32.0787
   73         17.0004         17.0000         21.0000          3.0000         37.3024
   77         17.0004         17.0000         21.0000          4.0000         43.7409
   65         18.0037         17.0000         21.0000          1.0000         19.2701
   69         18.0037         17.0000         21.0000          2.0000         21.7697
   73         18.0037         17.0000         21.0000          3.0000         24.9832
   77         18.0037         17.0000         21.0000          4.0000         28.9536
   65         18.0037         17.0000         21.0000          1.0000         19.2504
   69         18.0037         17.0000         21.0000          2.0000         21.7532
   73         18.0037         17.0000         21.0000          3.0000         24.9697
   77         18.0037         17.0000         21.0000          4.0000         28.9436
   65         18.0037         17.0000         21.0000          1.0000         19.2306
   69         18.0037         17.0000         21.0000          2.0000         21.7366
   73         18.0037         17.0000         21.0000          3.0000         24.9562
   77         18.0037         17.0000         21.0000          4.0000         28.9336
   65         19.0012         17.0000         21.0000          1.0000          4.5614
   69         19.0012         17.0000         21.0000          2.0000          5.3166
   73         19.0012         17.0000         21.0000          3.0000          6.2633
   77         19.0012         17.0000         21.0000          4.0000          7.4158
   65         19.0012         17.0000         21.0000          1.0000          4.5569
   69         19.0012         17.0000         21.0000          2.0000          5.3129
   73         19.0012         17.0000         21.0000          3.0000          6.2603
   77         19.0012         17.0000         21.0000          4.0000          7.4135
   65         19.0012         17.0000         21.0000          1.0000          4.5525
   69         19.0012         17.0000         21.0000          2.0000          5.3092
   73         19.0012         17.0000         21.0000          3.0000          6.2572
   77         19.0012         17.0000         21.0000          4.0000          7.4113
   65         20.0036         17.0000         21.0000          1.0000          0.0000
   69         20.0036         17.0000         21.0000          2.0000          0.0000
   73         20.0036         17.0000         21.0000          3.0000          0.0000
   77         20.0036         17.0000         21.0000          4.0000          0.0000
   65         20.0036         17.0000         21.0000          1.0000          0.0000
   69         20.0036         17.0000         21.0000          2.0000          0.0000
   73         20.0036         17.0000         21.0000          3.0000          0.0000
   77         20.0036         17.0000         21.0000          4.0000          0.0000
   65         20.0036         17.0000         21.0000          1.0000          0.0000
   69         20.0036         17.0000         21.0000          2.0000          0.0000
   73         20.0036         17.0000         21.0000          3.0000          0.0000
   77         20.0036         17.0000         21.0000          4.0000          0.0000
   65         21.0011         17.0000         21.0000          1.0000          0.0000
   69         21.0011         17.0000         21.0000          2.0000          0.0000
   73         21.0011         17.0000         21.0000          3.0000          0.0000
   77         21.0011         17.0000         21.0000          4.0000          0.0000
   65         21.0011         17.0000         21.0000          1.0000          0.0000
   69         21.0011         17.0000         21.0000          2.0000          0.0000
   73         21.0011         17.0000         21.0000          3.0000          0.0000
   77         21.0011         17.0000         21.0000          4.0000          0.0000
   65         21.0011         17.0000         21.0000          1.0000          0.0000
   69         21.0011         17.0000         21.0000          2.0000          0.0000
   73         21.0011         17.0000         21.0000          3.0000          0.0000
   77         21.0011         17.0000         21.0000          4.0000          0.0000
   65         22.0025         17.0000         21.0000          1.0000          0.0000
   69         22.0025         17.0000         21.0000          2.0000          0.0000
   73         22.0025         17.0000         21.0000          3.0000          0.0000
   77         22.0025         17.0000         21.0000          4.0000          0.0000
   65         22.0025         17.0000         21.0000          1.0000          0.0000
   69         22.0025         17.0000         21.0000          2.0000          0.0000
   73         22.0025         17.0000         21.0000          3.0000          0.0000
   77         22.0025         17.0000         21.0000          4.0000          0.0000
   65         22.0025         17.0000         21.0000          1.0000          0.0000
   69         22.0025         17.0000         21.0000          2.0000          0.0000
   73         22.0025         17.0000         21.0000          3.0000          0.0000
   77         22.0025         17.0000         21.0000          4.0000          0.0000
   65         23.0064         17.0000         21.0000          1.0000          0.0000
   69         23.0064         17.0000         21.0000          2.0000          0.0000
   73         23.0064         17.0000         21.0000          3.0000          0.0000
   77         23.0064         17.0000         21.0000          4.0000          0.0000
   65         23.0064         17.0000         21.0000          1.0000          0.0000
   69         23.0064         17.0000         21.0000          2.0000          0.0000
   73         23.0064         17.0000         21.0000          3.0000          0.0000
   77         23.0064         17.0000         21.0000          4.0000          0.0000
   65         23.0064         17.0000         21.0000          1.0000          0.0000
   69         23.0064         17.0000         21.0000          2.0000          0.0000
   73         23.0064         17.0000         21.0000          3.0000          0.0000
   77         23.0064         17.0000         21.0000          4.0000          0.0000
