   97          1.0013         17.0000         16.0000          1.0000        303.9377
  101          1.0013         17.0000         16.0000          2.0000        303.8793
  105          1.0013         17.0000         16.0000          3.0000        303.7570
  109          1.0013         17.0000         16.0000          4.0000        303.5760
   97          1.0013         17.0000         16.0000          1.0000        303.9404
  101          1.0013         17.0000         16.0000          2.0000        303.8817
  105          1.0013         17.0000         16.0000          3.0000        303.7590
  109          1.0013         17.0000         16.0000          4.0000        303.5774
   97          1.0013         17.0000         16.0000          1.0000        303.9409
  101          1.0013         17.0000         16.0000          2.0000        303.8823
  105          1.0013         17.0000         16.0000          3.0000        303.7596
  109          1.0013         17.0000         16.0000          4.0000        303.5780
   97          1.0085         17.0000         16.0000          1.0000        303.9326
  101          1.0085         17.0000         16.0000          2.0000        303.8742
  105          1.0085         17.0000         16.0000          3.0000        303.7520
  109          1.0085         17.0000         16.0000          4.0000        303.5712
   97          1.0085         17.0000         16.0000          1.0000        303.9355
  101          1.0085         17.0000         16.0000          2.0000        303.8768
  105          1.0085         17.0000         16.0000          3.0000        303.7541
  109          1.0085         17.0000         16.0000          4.0000        303.5725
   97          1.0085         17.0000         16.0000          1.0000        303.9361
  101          1.0085         17.0000         16.0000          2.0000        303.8774
  105          1.0085         17.0000         16.0000          3.0000        303.7547
  109          1.0085         17.0000         16.0000          4.0000        303.5731
   97          2.0075         17.0000         16.0000          1.0000        303.5073
  101          2.0075         17.0000         16.0000          2.0000        303.4396
  105          2.0075         17.0000         16.0000          3.0000        303.3124
  109          2.0075         17.0000         16.0000          4.0000        303.1268
   97          2.0075         17.0000         16.0000          1.0000        303.5104
  101          2.0075         17.0000         16.0000          2.0000        303.4423
  105          2.0075         17.0000         16.0000          3.0000        303.3147
  109          2.0075         17.0000         16.0000          4.0000        303.1283
   97          2.0075         17.0000         16.0000          1.0000        303.5110
  101          2.0075         17.0000         16.0000          2.0000        303.4430
  105          2.0075         17.0000         16.0000          3.0000        303.3153
  109          2.0075         17.0000         16.0000          4.0000        303.1289
   97          3.0133         17.0000         16.0000          1.0000        303.2349
  101          3.0133         17.0000         16.0000          2.0000        303.1579
  105          3.0133         17.0000         16.0000          3.0000        303.0245
  109          3.0133         17.0000         16.0000          4.0000        302.8346
   97          3.0133         17.0000         16.0000          1.0000        303.2383
  101          3.0133         17.0000         16.0000          2.0000        303.1610
  105          3.0133         17.0000         16.0000          3.0000        303.0270
  109          3.0133         17.0000         16.0000          4.0000        302.8364
   97          3.0133         17.0000         16.0000          1.0000        303.2390
  101          3.0133         17.0000         16.0000          2.0000        303.1617
  105          3.0133         17.0000         16.0000          3.0000        303.0277
  109          3.0133         17.0000         16.0000          4.0000        302.8370
   97          4.0157         17.0000         16.0000          1.0000        302.9242
  101          4.0157         17.0000         16.0000          2.0000        302.8386
  105          4.0157         17.0000         16.0000          3.0000        302.6997
  109          4.0157         17.0000         16.0000          4.0000        302.5051
   97          4.0157         17.0000         16.0000          1.0000        302.9273
  101          4.0157         17.0000         16.0000          2.0000        302.8414
  105          4.0157         17.0000         16.0000          3.0000        302.7020
  109          4.0157         17.0000         16.0000          4.0000        302.5067
   97          4.0157         17.0000         16.0000          1.0000        302.9279
  101          4.0157         17.0000         16.0000          2.0000        302.8421
  105          4.0157         17.0000         16.0000          3.0000        302.7026
  109          4.0157         17.0000         16.0000          4.0000        302.5073
   97          5.0182         17.0000         16.0000          1.0000        302.5984
  101          5.0182         17.0000         16.0000          2.0000        302.5039
  105          5.0182         17.0000         16.0000          3.0000        302.3588
  109          5.0182         17.0000         16.0000          4.0000        302.1587
   97          5.0182         17.0000         16.0000          1.0000        302.6017
  101          5.0182         17.0000         16.0000          2.0000        302.5069
  105          5.0182         17.0000         16.0000          3.0000        302.3612
  109          5.0182         17.0000         16.0000          4.0000        302.1604
   97          5.0182         17.0000         16.0000          1.0000        302.6023
  101          5.0182         17.0000         16.0000          2.0000        302.5075
  105          5.0182         17.0000         16.0000          3.0000        302.3619
  109          5.0182         17.0000         16.0000          4.0000        302.1610
   97          6.0271         17.0000         16.0000          1.0000        302.3638
  101          6.0271         17.0000         16.0000          2.0000        302.2657
  105          6.0271         17.0000         16.0000          3.0000        302.1197
  109          6.0271         17.0000         16.0000          4.0000        301.9193
   97          6.0271         17.0000         16.0000          1.0000        302.3672
  101          6.0271         17.0000         16.0000          2.0000        302.2688
  105          6.0271         17.0000         16.0000          3.0000        302.1222
  109          6.0271         17.0000         16.0000          4.0000        301.9210
   97          6.0271         17.0000         16.0000          1.0000        302.3679
  101          6.0271         17.0000         16.0000          2.0000        302.2695
  105          6.0271         17.0000         16.0000          3.0000        302.1229
  109          6.0271         17.0000         16.0000          4.0000        301.9217
   97          7.0186         17.0000         16.0000          1.0000        302.1189
  101          7.0186         17.0000         16.0000          2.0000        302.0156
  105          7.0186         17.0000         16.0000          3.0000        301.8665
  109          7.0186         17.0000         16.0000          4.0000        301.6632
   97          7.0186         17.0000         16.0000          1.0000        302.1241
  101          7.0186         17.0000         16.0000          2.0000        302.0205
  105          7.0186         17.0000         16.0000          3.0000        301.8707
  109          7.0186         17.0000         16.0000          4.0000        301.6664
   97          7.0186         17.0000         16.0000          1.0000        302.1250
  101          7.0186         17.0000         16.0000          2.0000        302.0214
  105          7.0186         17.0000         16.0000          3.0000        301.8716
  109          7.0186         17.0000         16.0000          4.0000        301.6672
   97          8.0102         17.0000         16.0000          1.0000        302.2326
  101          8.0102         17.0000         16.0000          2.0000        302.1688
  105          8.0102         17.0000         16.0000          3.0000        302.0656
  109          8.0102         17.0000         16.0000          4.0000        301.9156
   97          8.0102         17.0000         16.0000          1.0000        302.2438
  101          8.0102         17.0000         16.0000          2.0000        302.1798
  105          8.0102         17.0000         16.0000          3.0000        302.0756
  109          8.0102         17.0000         16.0000          4.0000        301.9240
   97          8.0102         17.0000         16.0000          1.0000        302.2457
  101          8.0102         17.0000         16.0000          2.0000        302.1818
  105          8.0102         17.0000         16.0000          3.0000        302.0775
  109          8.0102         17.0000         16.0000          4.0000        301.9257
   97          9.0088         17.0000         16.0000          1.0000        303.7053
  101          9.0088         17.0000         16.0000          2.0000        303.8509
  105          9.0088         17.0000         16.0000          3.0000        303.9330
  109          9.0088         17.0000         16.0000          4.0000        303.9747
   97          9.0088         17.0000         16.0000          1.0000        303.7163
  101          9.0088         17.0000         16.0000          2.0000        303.8618
  105          9.0088         17.0000         16.0000          3.0000        303.9427
  109          9.0088         17.0000         16.0000          4.0000        303.9826
   97          9.0088         17.0000         16.0000          1.0000        303.7185
  101          9.0088         17.0000         16.0000          2.0000        303.8638
  105          9.0088         17.0000         16.0000          3.0000        303.9445
  109          9.0088         17.0000         16.0000          4.0000        303.9841
   97         10.0006         17.0000         16.0000          1.0000        305.8636
  101         10.0006         17.0000         16.0000          2.0000        306.1894
  105         10.0006         17.0000         16.0000          3.0000        306.4172
  109         10.0006         17.0000         16.0000          4.0000        306.6040
   97         10.0006         17.0000         16.0000          1.0000        305.8729
  101         10.0006         17.0000         16.0000          2.0000        306.1980
  105         10.0006         17.0000         16.0000          3.0000        306.4245
  109         10.0006         17.0000         16.0000          4.0000        306.6096
   97         10.0006         17.0000         16.0000          1.0000        305.8767
  101         10.0006         17.0000         16.0000          2.0000        306.2015
  105         10.0006         17.0000         16.0000          3.0000        306.4276
  109         10.0006         17.0000         16.0000          4.0000        306.6122
   97         11.0019         17.0000         16.0000          1.0000        308.1367
  101         11.0019         17.0000         16.0000          2.0000        308.6558
  105         11.0019         17.0000         16.0000          3.0000        309.0582
  109         11.0019         17.0000         16.0000          4.0000        309.4226
   97         11.0019         17.0000         16.0000          1.0000        308.1448
  101         11.0019         17.0000         16.0000          2.0000        308.6630
  105         11.0019         17.0000         16.0000          3.0000        309.0643
  109         11.0019         17.0000         16.0000          4.0000        309.4273
   97         11.0019         17.0000         16.0000          1.0000        308.1474
  101         11.0019         17.0000         16.0000          2.0000        308.6654
  105         11.0019         17.0000         16.0000          3.0000        309.0664
  109         11.0019         17.0000         16.0000          4.0000        309.4289
   97         12.0048         17.0000         16.0000          1.0000        309.9850
  101         12.0048         17.0000         16.0000          2.0000        310.5544
  105         12.0048         17.0000         16.0000          3.0000        310.9799
  109         12.0048         17.0000         16.0000          4.0000        311.3551
   97         12.0048         17.0000         16.0000          1.0000        310.1035
  101         12.0048         17.0000         16.0000          2.0000        310.5706
  105         12.0048         17.0000         16.0000          3.0000        310.9759
  109         12.0048         17.0000         16.0000          4.0000        311.3463
   97         12.0048         17.0000         16.0000          1.0000        310.1036
  101         12.0048         17.0000         16.0000          2.0000        310.5734
  105         12.0048         17.0000         16.0000          3.0000        310.9792
  109         12.0048         17.0000         16.0000          4.0000        311.3493
   97         12.0048         17.0000         16.0000          1.0000        310.1058
  101         12.0048         17.0000         16.0000          2.0000        310.5750
  105         12.0048         17.0000         16.0000          3.0000        310.9804
  109         12.0048         17.0000         16.0000          4.0000        311.3501
   97         13.0003         17.0000         16.0000          1.0000        311.1612
  101         13.0003         17.0000         16.0000          2.0000        311.7344
  105         13.0003         17.0000         16.0000          3.0000        312.1264
  109         13.0003         17.0000         16.0000          4.0000        312.4466
   97         13.0003         17.0000         16.0000          1.0000        311.1665
  101         13.0003         17.0000         16.0000          2.0000        311.7389
  105         13.0003         17.0000         16.0000          3.0000        312.1298
  109         13.0003         17.0000         16.0000          4.0000        312.4488
   97         13.0003         17.0000         16.0000          1.0000        311.1693
  101         13.0003         17.0000         16.0000          2.0000        311.7413
  105         13.0003         17.0000         16.0000          3.0000        312.1319
  109         13.0003         17.0000         16.0000          4.0000        312.4504
   97         14.0007         17.0000         16.0000          1.0000        311.6548
  101         14.0007         17.0000         16.0000          2.0000        312.3051
  105         14.0007         17.0000         16.0000          3.0000        312.8385
  109         14.0007         17.0000         16.0000          4.0000        313.3215
   97         14.0007         17.0000         16.0000          1.0000        311.7163
  101         14.0007         17.0000         16.0000          2.0000        312.3650
  105         14.0007         17.0000         16.0000          3.0000        312.8932
  109         14.0007         17.0000         16.0000          4.0000        313.3682
   97         14.0007         17.0000         16.0000          1.0000        311.7251
  101         14.0007         17.0000         16.0000          2.0000        312.3734
  105         14.0007         17.0000         16.0000          3.0000        312.9008
  109         14.0007         17.0000         16.0000          4.0000        313.3747
   97         14.0007         17.0000         16.0000          1.0000        311.7278
  101         14.0007         17.0000         16.0000          2.0000        312.3757
  105         14.0007         17.0000         16.0000          3.0000        312.9029
  109         14.0007         17.0000         16.0000          4.0000        313.3763
   97         15.0004         17.0000         16.0000          1.0000        312.8000
  101         15.0004         17.0000         16.0000          2.0000        313.2571
  105         15.0004         17.0000         16.0000          3.0000        313.6056
  109         15.0004         17.0000         16.0000          4.0000        313.9025
   97         15.0004         17.0000         16.0000          1.0000        312.7374
  101         15.0004         17.0000         16.0000          2.0000        313.1957
  105         15.0004         17.0000         16.0000          3.0000        313.5492
  109         15.0004         17.0000         16.0000          4.0000        313.8537
   97         15.0004         17.0000         16.0000          1.0000        312.7337
  101         15.0004         17.0000         16.0000          2.0000        313.1917
  105         15.0004         17.0000         16.0000          3.0000        313.5453
  109         15.0004         17.0000         16.0000          4.0000        313.8501
   97         16.0012         17.0000         16.0000          1.0000        312.5697
  101         16.0012         17.0000         16.0000          2.0000        312.9422
  105         16.0012         17.0000         16.0000          3.0000        313.2367
  109         16.0012         17.0000         16.0000          4.0000        313.4677
   97         16.0012         17.0000         16.0000          1.0000        312.5738
  101         16.0012         17.0000         16.0000          2.0000        312.9457
  105         16.0012         17.0000         16.0000          3.0000        313.2394
  109         16.0012         17.0000         16.0000          4.0000        313.4695
   97         16.0012         17.0000         16.0000          1.0000        312.5765
  101         16.0012         17.0000         16.0000          2.0000        312.9480
  105         16.0012         17.0000         16.0000          3.0000        313.2414
  109         16.0012         17.0000         16.0000          4.0000        313.4711
   97         17.0004         17.0000         16.0000          1.0000        311.2549
  101         17.0004         17.0000         16.0000          2.0000        311.7177
  105         17.0004         17.0000         16.0000          3.0000        312.0668
  109         17.0004         17.0000         16.0000          4.0000        312.3625
   97         17.0004         17.0000         16.0000          1.0000        311.3017
  101         17.0004         17.0000         16.0000          2.0000        311.7627
  105         17.0004         17.0000         16.0000          3.0000        312.1078
  109         17.0004         17.0000         16.0000          4.0000        312.3974
   97         17.0004         17.0000         16.0000          1.0000        311.3083
  101         17.0004         17.0000         16.0000          2.0000        311.7691
  105         17.0004         17.0000         16.0000          3.0000        312.1136
  109         17.0004         17.0000         16.0000          4.0000        312.4024
   97         17.0004         17.0000         16.0000          1.0000        311.3100
  101         17.0004         17.0000         16.0000          2.0000        311.7707
  105         17.0004         17.0000         16.0000          3.0000        312.1150
  109         17.0004         17.0000         16.0000          4.0000        312.4035
   97         18.0037         17.0000         16.0000          1.0000        309.5057
  101         18.0037         17.0000         16.0000          2.0000        309.8451
  105         18.0037         17.0000         16.0000          3.0000        310.0443
  109         18.0037         17.0000         16.0000          4.0000        310.1545
   97         18.0037         17.0000         16.0000          1.0000        309.4716
  101         18.0037         17.0000         16.0000          2.0000        309.8113
  105         18.0037         17.0000         16.0000          3.0000        310.0127
  109         18.0037         17.0000         16.0000          4.0000        310.1266
   97         18.0037         17.0000         16.0000          1.0000        309.4684
  101         18.0037         17.0000         16.0000          2.0000        309.8080
  105         18.0037         17.0000         16.0000          3.0000        310.0096
  109         18.0037         17.0000         16.0000          4.0000        310.1239
   97         19.0012         17.0000         16.0000          1.0000        307.5833
  101         19.0012         17.0000         16.0000          2.0000        307.7591
  105         19.0012         17.0000         16.0000          3.0000        307.8242
  109         19.0012         17.0000         16.0000          4.0000        307.8024
   97         19.0012         17.0000         16.0000          1.0000        307.5848
  101         19.0012         17.0000         16.0000          2.0000        307.7601
  105         19.0012         17.0000         16.0000          3.0000        307.8248
  109         19.0012         17.0000         16.0000          4.0000        307.8025
   97         19.0012         17.0000         16.0000          1.0000        307.5852
  101         19.0012         17.0000         16.0000          2.0000        307.7605
  105         19.0012         17.0000         16.0000          3.0000        307.8252
  109         19.0012         17.0000         16.0000          4.0000        307.8028
   97         20.0036         17.0000         16.0000          1.0000        306.3813
  101         20.0036         17.0000         16.0000          2.0000        306.4466
  105         20.0036         17.0000         16.0000          3.0000        306.4112
  109         20.0036         17.0000         16.0000          4.0000        306.2968
   97         20.0036         17.0000         16.0000          1.0000        306.3833
  101         20.0036         17.0000         16.0000          2.0000        306.4483
  105         20.0036         17.0000         16.0000          3.0000        306.4124
  109         20.0036         17.0000         16.0000          4.0000        306.2974
   97         20.0036         17.0000         16.0000          1.0000        306.3838
  101         20.0036         17.0000         16.0000          2.0000        306.4487
  105         20.0036         17.0000         16.0000          3.0000        306.4128
  109         20.0036         17.0000         16.0000          4.0000        306.2978
   97         21.0011         17.0000         16.0000          1.0000        305.6364
  101         21.0011         17.0000         16.0000          2.0000        305.6577
  105         21.0011         17.0000         16.0000          3.0000        305.5893
  109         21.0011         17.0000         16.0000          4.0000        305.4477
   97         21.0011         17.0000         16.0000          1.0000        305.6378
  101         21.0011         17.0000         16.0000          2.0000        305.6588
  105         21.0011         17.0000         16.0000          3.0000        305.5900
  109         21.0011         17.0000         16.0000          4.0000        305.4478
   97         21.0011         17.0000         16.0000          1.0000        305.6381
  101         21.0011         17.0000         16.0000          2.0000        305.6592
  105         21.0011         17.0000         16.0000          3.0000        305.5904
  109         21.0011         17.0000         16.0000          4.0000        305.4481
   97         22.0025         17.0000         16.0000          1.0000        305.1564
  101         22.0025         17.0000         16.0000          2.0000        305.1493
  105         22.0025         17.0000         16.0000          3.0000        305.0586
  109         22.0025         17.0000         16.0000          4.0000        304.9019
   97         22.0025         17.0000         16.0000          1.0000        305.1591
  101         22.0025         17.0000         16.0000          2.0000        305.1517
  105         22.0025         17.0000         16.0000          3.0000        305.0604
  109         22.0025         17.0000         16.0000          4.0000        304.9031
   97         22.0025         17.0000         16.0000          1.0000        305.1596
  101         22.0025         17.0000         16.0000          2.0000        305.1523
  105         22.0025         17.0000         16.0000          3.0000        305.0610
  109         22.0025         17.0000         16.0000          4.0000        304.9036
   97         23.0064         17.0000         16.0000          1.0000        304.7557
  101         23.0064         17.0000         16.0000          2.0000        304.7303
  105         23.0064         17.0000         16.0000          3.0000        304.6272
  109         23.0064         17.0000         16.0000          4.0000        304.4626
   97         23.0064         17.0000         16.0000          1.0000        304.7586
  101         23.0064         17.0000         16.0000          2.0000        304.7329
  105         23.0064         17.0000         16.0000          3.0000        304.6292
  109         23.0064         17.0000         16.0000          4.0000        304.4640
   97         23.0064         17.0000         16.0000          1.0000        304.7592
  101         23.0064         17.0000         16.0000          2.0000        304.7336
  105         23.0064         17.0000         16.0000          3.0000        304.6299
  109         23.0064         17.0000         16.0000          4.0000        304.4646
