   66          1.0013         18.0000         21.0000          1.0000         -2.1816
   67          1.0013         19.0000         21.0000          1.0000         -2.2338
   68          1.0013         20.0000         21.0000          1.0000         -2.4752
   70          1.0013         18.0000         21.0000          2.0000         -2.8399
   71          1.0013         19.0000         21.0000          2.0000         -2.8836
   72          1.0013         20.0000         21.0000          2.0000         -3.0883
   74          1.0013         18.0000         21.0000          3.0000         -3.6098
   75          1.0013         19.0000         21.0000          3.0000         -3.6480
   76          1.0013         20.0000         21.0000          3.0000         -3.7967
   78          1.0013         18.0000         21.0000          4.0000         -4.5088
   79          1.0013         19.0000         21.0000          4.0000         -4.5353
   80          1.0013         20.0000         21.0000          4.0000         -4.6483
   66          1.0013         18.0000         21.0000          1.0000         -2.1616
   67          1.0013         19.0000         21.0000          1.0000         -2.2133
   68          1.0013         20.0000         21.0000          1.0000         -2.4574
   70          1.0013         18.0000         21.0000          2.0000         -2.8212
   71          1.0013         19.0000         21.0000          2.0000         -2.8645
   72          1.0013         20.0000         21.0000          2.0000         -3.0716
   74          1.0013         18.0000         21.0000          3.0000         -3.5937
   75          1.0013         19.0000         21.0000          3.0000         -3.6317
   76          1.0013         20.0000         21.0000          3.0000         -3.7824
   78          1.0013         18.0000         21.0000          4.0000         -4.4967
   79          1.0013         19.0000         21.0000          4.0000         -4.5230
   80          1.0013         20.0000         21.0000          4.0000         -4.6375
   66          1.0013         18.0000         21.0000          1.0000         -2.1518
   67          1.0013         19.0000         21.0000          1.0000         -2.2032
   68          1.0013         20.0000         21.0000          1.0000         -2.4485
   70          1.0013         18.0000         21.0000          2.0000         -2.8115
   71          1.0013         19.0000         21.0000          2.0000         -2.8546
   72          1.0013         20.0000         21.0000          2.0000         -3.0628
   74          1.0013         18.0000         21.0000          3.0000         -3.5850
   75          1.0013         19.0000         21.0000          3.0000         -3.6228
   76          1.0013         20.0000         21.0000          3.0000         -3.7744
   78          1.0013         18.0000         21.0000          4.0000         -4.4897
   79          1.0013         19.0000         21.0000          4.0000         -4.5159
   80          1.0013         20.0000         21.0000          4.0000         -4.6311
   66          1.0085         18.0000         21.0000          1.0000         -2.1855
   67          1.0085         19.0000         21.0000          1.0000         -2.2378
   68          1.0085         20.0000         21.0000          1.0000         -2.4793
   70          1.0085         18.0000         21.0000          2.0000         -2.8435
   71          1.0085         19.0000         21.0000          2.0000         -2.8872
   72          1.0085         20.0000         21.0000          2.0000         -3.0920
   74          1.0085         18.0000         21.0000          3.0000         -3.6130
   75          1.0085         19.0000         21.0000          3.0000         -3.6513
   76          1.0085         20.0000         21.0000          3.0000         -3.8000
   78          1.0085         18.0000         21.0000          4.0000         -4.5119
   79          1.0085         19.0000         21.0000          4.0000         -4.5383
   80          1.0085         20.0000         21.0000          4.0000         -4.6513
   66          1.0085         18.0000         21.0000          1.0000         -2.1677
   67          1.0085         19.0000         21.0000          1.0000         -2.2195
   68          1.0085         20.0000         21.0000          1.0000         -2.4635
   70          1.0085         18.0000         21.0000          2.0000         -2.8275
   71          1.0085         19.0000         21.0000          2.0000         -2.8710
   72          1.0085         20.0000         21.0000          2.0000         -3.0779
   74          1.0085         18.0000         21.0000          3.0000         -3.6001
   75          1.0085         19.0000         21.0000          3.0000         -3.6382
   76          1.0085         20.0000         21.0000          3.0000         -3.7886
   78          1.0085         18.0000         21.0000          4.0000         -4.5031
   79          1.0085         19.0000         21.0000          4.0000         -4.5294
   80          1.0085         20.0000         21.0000          4.0000         -4.6437
   66          1.0085         18.0000         21.0000          1.0000         -2.1575
   67          1.0085         19.0000         21.0000          1.0000         -2.2091
   68          1.0085         20.0000         21.0000          1.0000         -2.4542
   70          1.0085         18.0000         21.0000          2.0000         -2.8175
   71          1.0085         19.0000         21.0000          2.0000         -2.8607
   72          1.0085         20.0000         21.0000          2.0000         -3.0687
   74          1.0085         18.0000         21.0000          3.0000         -3.5910
   75          1.0085         19.0000         21.0000          3.0000         -3.6290
   76          1.0085         20.0000         21.0000          3.0000         -3.7803
   78          1.0085         18.0000         21.0000          4.0000         -4.4958
   79          1.0085         19.0000         21.0000          4.0000         -4.5221
   80          1.0085         20.0000         21.0000          4.0000         -4.6371
   66          2.0075         18.0000         21.0000          1.0000         -2.4113
   67          2.0075         19.0000         21.0000          1.0000         -2.4673
   68          2.0075         20.0000         21.0000          1.0000         -2.7220
   70          2.0075         18.0000         21.0000          2.0000         -3.0699
   71          2.0075         19.0000         21.0000          2.0000         -3.1152
   72          2.0075         20.0000         21.0000          2.0000         -3.3291
   74          2.0075         18.0000         21.0000          3.0000         -3.8447
   75          2.0075         19.0000         21.0000          3.0000         -3.8836
   76          2.0075         20.0000         21.0000          3.0000         -4.0391
   78          2.0075         18.0000         21.0000          4.0000         -4.7902
   79          2.0075         19.0000         21.0000          4.0000         -4.8171
   80          2.0075         20.0000         21.0000          4.0000         -4.9357
   66          2.0075         18.0000         21.0000          1.0000         -2.3860
   67          2.0075         19.0000         21.0000          1.0000         -2.4414
   68          2.0075         20.0000         21.0000          1.0000         -2.6993
   70          2.0075         18.0000         21.0000          2.0000         -3.0472
   71          2.0075         19.0000         21.0000          2.0000         -3.0922
   72          2.0075         20.0000         21.0000          2.0000         -3.3088
   74          2.0075         18.0000         21.0000          3.0000         -3.8260
   75          2.0075         19.0000         21.0000          3.0000         -3.8647
   76          2.0075         20.0000         21.0000          3.0000         -4.0224
   78          2.0075         18.0000         21.0000          4.0000         -4.7767
   79          2.0075         19.0000         21.0000          4.0000         -4.8034
   80          2.0075         20.0000         21.0000          4.0000         -4.9236
   66          2.0075         18.0000         21.0000          1.0000         -2.3767
   67          2.0075         19.0000         21.0000          1.0000         -2.4318
   68          2.0075         20.0000         21.0000          1.0000         -2.6907
   70          2.0075         18.0000         21.0000          2.0000         -3.0379
   71          2.0075         19.0000         21.0000          2.0000         -3.0827
   72          2.0075         20.0000         21.0000          2.0000         -3.3002
   74          2.0075         18.0000         21.0000          3.0000         -3.8175
   75          2.0075         19.0000         21.0000          3.0000         -3.8561
   76          2.0075         20.0000         21.0000          3.0000         -4.0145
   78          2.0075         18.0000         21.0000          4.0000         -4.7698
   79          2.0075         19.0000         21.0000          4.0000         -4.7964
   80          2.0075         20.0000         21.0000          4.0000         -4.9172
   66          3.0133         18.0000         21.0000          1.0000         -2.7021
   67          3.0133         19.0000         21.0000          1.0000         -2.7582
   68          3.0133         20.0000         21.0000          1.0000         -3.0011
   70          3.0133         18.0000         21.0000          2.0000         -3.2972
   71          3.0133         19.0000         21.0000          2.0000         -3.3410
   72          3.0133         20.0000         21.0000          2.0000         -3.5434
   74          3.0133         18.0000         21.0000          3.0000         -3.9911
   75          3.0133         19.0000         21.0000          3.0000         -4.0280
   76          3.0133         20.0000         21.0000          3.0000         -4.1753
   78          3.0133         18.0000         21.0000          4.0000         -4.7879
   79          3.0133         19.0000         21.0000          4.0000         -4.8130
   80          3.0133         20.0000         21.0000          4.0000         -4.9244
   66          3.0133         18.0000         21.0000          1.0000         -2.6817
   67          3.0133         19.0000         21.0000          1.0000         -2.7373
   68          3.0133         20.0000         21.0000          1.0000         -2.9826
   70          3.0133         18.0000         21.0000          2.0000         -3.2786
   71          3.0133         19.0000         21.0000          2.0000         -3.3221
   72          3.0133         20.0000         21.0000          2.0000         -3.5266
   74          3.0133         18.0000         21.0000          3.0000         -3.9755
   75          3.0133         19.0000         21.0000          3.0000         -4.0122
   76          3.0133         20.0000         21.0000          3.0000         -4.1612
   78          3.0133         18.0000         21.0000          4.0000         -4.7766
   79          3.0133         19.0000         21.0000          4.0000         -4.8016
   80          3.0133         20.0000         21.0000          4.0000         -4.9141
   66          3.0133         18.0000         21.0000          1.0000         -2.6697
   67          3.0133         19.0000         21.0000          1.0000         -2.7251
   68          3.0133         20.0000         21.0000          1.0000         -2.9716
   70          3.0133         18.0000         21.0000          2.0000         -3.2671
   71          3.0133         19.0000         21.0000          2.0000         -3.3104
   72          3.0133         20.0000         21.0000          2.0000         -3.5160
   74          3.0133         18.0000         21.0000          3.0000         -3.9652
   75          3.0133         19.0000         21.0000          3.0000         -4.0018
   76          3.0133         20.0000         21.0000          3.0000         -4.1517
   78          3.0133         18.0000         21.0000          4.0000         -4.7683
   79          3.0133         19.0000         21.0000          4.0000         -4.7932
   80          3.0133         20.0000         21.0000          4.0000         -4.9066
   66          4.0157         18.0000         21.0000          1.0000         -2.7699
   67          4.0157         19.0000         21.0000          1.0000         -2.8273
   68          4.0157         20.0000         21.0000          1.0000         -3.0703
   70          4.0157         18.0000         21.0000          2.0000         -3.3388
   71          4.0157         19.0000         21.0000          2.0000         -3.3824
   72          4.0157         20.0000         21.0000          2.0000         -3.5838
   74          4.0157         18.0000         21.0000          3.0000         -4.0037
   75          4.0157         19.0000         21.0000          3.0000         -4.0400
   76          4.0157         20.0000         21.0000          3.0000         -4.1869
   78          4.0157         18.0000         21.0000          4.0000         -4.7748
   79          4.0157         19.0000         21.0000          4.0000         -4.7993
   80          4.0157         20.0000         21.0000          4.0000         -4.9104
   66          4.0157         18.0000         21.0000          1.0000         -2.7515
   67          4.0157         19.0000         21.0000          1.0000         -2.8084
   68          4.0157         20.0000         21.0000          1.0000         -3.0538
   70          4.0157         18.0000         21.0000          2.0000         -3.3223
   71          4.0157         19.0000         21.0000          2.0000         -3.3657
   72          4.0157         20.0000         21.0000          2.0000         -3.5692
   74          4.0157         18.0000         21.0000          3.0000         -3.9904
   75          4.0157         19.0000         21.0000          3.0000         -4.0264
   76          4.0157         20.0000         21.0000          3.0000         -4.1750
   78          4.0157         18.0000         21.0000          4.0000         -4.7656
   79          4.0157         19.0000         21.0000          4.0000         -4.7901
   80          4.0157         20.0000         21.0000          4.0000         -4.9024
   66          4.0157         18.0000         21.0000          1.0000         -2.7399
   67          4.0157         19.0000         21.0000          1.0000         -2.7965
   68          4.0157         20.0000         21.0000          1.0000         -3.0432
   70          4.0157         18.0000         21.0000          2.0000         -3.3112
   71          4.0157         19.0000         21.0000          2.0000         -3.3543
   72          4.0157         20.0000         21.0000          2.0000         -3.5590
   74          4.0157         18.0000         21.0000          3.0000         -3.9805
   75          4.0157         19.0000         21.0000          3.0000         -4.0164
   76          4.0157         20.0000         21.0000          3.0000         -4.1659
   78          4.0157         18.0000         21.0000          4.0000         -4.7578
   79          4.0157         19.0000         21.0000          4.0000         -4.7821
   80          4.0157         20.0000         21.0000          4.0000         -4.8952
   66          5.0182         18.0000         21.0000          1.0000         -2.6921
   67          5.0182         19.0000         21.0000          1.0000         -2.7497
   68          5.0182         20.0000         21.0000          1.0000         -2.9925
   70          5.0182         18.0000         21.0000          2.0000         -3.2408
   71          5.0182         19.0000         21.0000          2.0000         -3.2839
   72          5.0182         20.0000         21.0000          2.0000         -3.4847
   74          5.0182         18.0000         21.0000          3.0000         -3.8850
   75          5.0182         19.0000         21.0000          3.0000         -3.9205
   76          5.0182         20.0000         21.0000          3.0000         -4.0674
   78          5.0182         18.0000         21.0000          4.0000         -4.6374
   79          5.0182         19.0000         21.0000          4.0000         -4.6613
   80          5.0182         20.0000         21.0000          4.0000         -4.7727
   66          5.0182         18.0000         21.0000          1.0000         -2.6728
   67          5.0182         19.0000         21.0000          1.0000         -2.7299
   68          5.0182         20.0000         21.0000          1.0000         -2.9750
   70          5.0182         18.0000         21.0000          2.0000         -3.2234
   71          5.0182         19.0000         21.0000          2.0000         -3.2661
   72          5.0182         20.0000         21.0000          2.0000         -3.4690
   74          5.0182         18.0000         21.0000          3.0000         -3.8706
   75          5.0182         19.0000         21.0000          3.0000         -3.9058
   76          5.0182         20.0000         21.0000          3.0000         -4.0543
   78          5.0182         18.0000         21.0000          4.0000         -4.6270
   79          5.0182         19.0000         21.0000          4.0000         -4.6508
   80          5.0182         20.0000         21.0000          4.0000         -4.7633
   66          5.0182         18.0000         21.0000          1.0000         -2.6610
   67          5.0182         19.0000         21.0000          1.0000         -2.7179
   68          5.0182         20.0000         21.0000          1.0000         -2.9642
   70          5.0182         18.0000         21.0000          2.0000         -3.2121
   71          5.0182         19.0000         21.0000          2.0000         -3.2546
   72          5.0182         20.0000         21.0000          2.0000         -3.4586
   74          5.0182         18.0000         21.0000          3.0000         -3.8605
   75          5.0182         19.0000         21.0000          3.0000         -3.8956
   76          5.0182         20.0000         21.0000          3.0000         -4.0451
   78          5.0182         18.0000         21.0000          4.0000         -4.6190
   79          5.0182         19.0000         21.0000          4.0000         -4.6427
   80          5.0182         20.0000         21.0000          4.0000         -4.7560
   66          6.0271         18.0000         21.0000          1.0000         -3.3188
   67          6.0271         19.0000         21.0000          1.0000         -3.3773
   68          6.0271         20.0000         21.0000          1.0000         -3.6201
   70          6.0271         18.0000         21.0000          2.0000         -3.8432
   71          6.0271         19.0000         21.0000          2.0000         -3.8858
   72          6.0271         20.0000         21.0000          2.0000         -4.0848
   74          6.0271         18.0000         21.0000          3.0000         -4.4569
   75          6.0271         19.0000         21.0000          3.0000         -4.4913
   76          6.0271         20.0000         21.0000          3.0000         -4.6367
   78          6.0271         18.0000         21.0000          4.0000         -5.1747
   79          6.0271         19.0000         21.0000          4.0000         -5.1977
   80          6.0271         20.0000         21.0000          4.0000         -5.3074
   66          6.0271         18.0000         21.0000          1.0000         -3.2972
   67          6.0271         19.0000         21.0000          1.0000         -3.3552
   68          6.0271         20.0000         21.0000          1.0000         -3.6005
   70          6.0271         18.0000         21.0000          2.0000         -3.8236
   71          6.0271         19.0000         21.0000          2.0000         -3.8659
   72          6.0271         20.0000         21.0000          2.0000         -4.0671
   74          6.0271         18.0000         21.0000          3.0000         -4.4405
   75          6.0271         19.0000         21.0000          3.0000         -4.4748
   76          6.0271         20.0000         21.0000          3.0000         -4.6218
   78          6.0271         18.0000         21.0000          4.0000         -5.1627
   79          6.0271         19.0000         21.0000          4.0000         -5.1856
   80          6.0271         20.0000         21.0000          4.0000         -5.2965
   66          6.0271         18.0000         21.0000          1.0000         -3.2848
   67          6.0271         19.0000         21.0000          1.0000         -3.3425
   68          6.0271         20.0000         21.0000          1.0000         -3.5891
   70          6.0271         18.0000         21.0000          2.0000         -3.8118
   71          6.0271         19.0000         21.0000          2.0000         -3.8539
   72          6.0271         20.0000         21.0000          2.0000         -4.0562
   74          6.0271         18.0000         21.0000          3.0000         -4.4301
   75          6.0271         19.0000         21.0000          3.0000         -4.4641
   76          6.0271         20.0000         21.0000          3.0000         -4.6122
   78          6.0271         18.0000         21.0000          4.0000         -5.1544
   79          6.0271         19.0000         21.0000          4.0000         -5.1772
   80          6.0271         20.0000         21.0000          4.0000         -5.2889
   66          7.0186         18.0000         21.0000          1.0000         -3.3694
   67          7.0186         19.0000         21.0000          1.0000         -3.4263
   68          7.0186         20.0000         21.0000          1.0000         -3.6640
   70          7.0186         18.0000         21.0000          2.0000         -3.8649
   71          7.0186         19.0000         21.0000          2.0000         -3.9057
   72          7.0186         20.0000         21.0000          2.0000         -4.1003
   74          7.0186         18.0000         21.0000          3.0000         -4.4469
   75          7.0186         19.0000         21.0000          3.0000         -4.4796
   76          7.0186         20.0000         21.0000          3.0000         -4.6221
   78          7.0186         18.0000         21.0000          4.0000         -5.1314
   79          7.0186         19.0000         21.0000          4.0000         -5.1531
   80          7.0186         20.0000         21.0000          4.0000         -5.2608
   66          7.0186         18.0000         21.0000          1.0000         -3.3331
   67          7.0186         19.0000         21.0000          1.0000         -3.3893
   68          7.0186         20.0000         21.0000          1.0000         -3.6288
   70          7.0186         18.0000         21.0000          2.0000         -3.8284
   71          7.0186         19.0000         21.0000          2.0000         -3.8688
   72          7.0186         20.0000         21.0000          2.0000         -4.0649
   74          7.0186         18.0000         21.0000          3.0000         -4.4112
   75          7.0186         19.0000         21.0000          3.0000         -4.4436
   76          7.0186         20.0000         21.0000          3.0000         -4.5875
   78          7.0186         18.0000         21.0000          4.0000         -5.0976
   79          7.0186         19.0000         21.0000          4.0000         -5.1192
   80          7.0186         20.0000         21.0000          4.0000         -5.2279
   66          7.0186         18.0000         21.0000          1.0000         -3.3178
   67          7.0186         19.0000         21.0000          1.0000         -3.3737
   68          7.0186         20.0000         21.0000          1.0000         -3.6147
   70          7.0186         18.0000         21.0000          2.0000         -3.8139
   71          7.0186         19.0000         21.0000          2.0000         -3.8540
   72          7.0186         20.0000         21.0000          2.0000         -4.0515
   74          7.0186         18.0000         21.0000          3.0000         -4.3984
   75          7.0186         19.0000         21.0000          3.0000         -4.4306
   76          7.0186         20.0000         21.0000          3.0000         -4.5756
   78          7.0186         18.0000         21.0000          4.0000         -5.0874
   79          7.0186         19.0000         21.0000          4.0000         -5.1089
   80          7.0186         20.0000         21.0000          4.0000         -5.2185
   66          8.0102         18.0000         21.0000          1.0000         -0.8059
   67          8.0102         19.0000         21.0000          1.0000         -0.8429
   68          8.0102         20.0000         21.0000          1.0000         -0.8867
   70          8.0102         18.0000         21.0000          2.0000         -0.8245
   71          8.0102         19.0000         21.0000          2.0000         -0.8490
   72          8.0102         20.0000         21.0000          2.0000         -0.8781
   74          8.0102         18.0000         21.0000          3.0000         -0.8303
   75          8.0102         19.0000         21.0000          3.0000         -0.8488
   76          8.0102         20.0000         21.0000          3.0000         -0.8682
   78          8.0102         18.0000         21.0000          4.0000         -0.8430
   79          8.0102         19.0000         21.0000          4.0000         -0.8547
   80          8.0102         20.0000         21.0000          4.0000         -0.8662
   66          8.0102         18.0000         21.0000          1.0000         -0.7400
   67          8.0102         19.0000         21.0000          1.0000         -0.7758
   68          8.0102         20.0000         21.0000          1.0000         -0.8200
   70          8.0102         18.0000         21.0000          2.0000         -0.7576
   71          8.0102         19.0000         21.0000          2.0000         -0.7813
   72          8.0102         20.0000         21.0000          2.0000         -0.8110
   74          8.0102         18.0000         21.0000          3.0000         -0.7628
   75          8.0102         19.0000         21.0000          3.0000         -0.7807
   76          8.0102         20.0000         21.0000          3.0000         -0.8010
   78          8.0102         18.0000         21.0000          4.0000         -0.7757
   79          8.0102         19.0000         21.0000          4.0000         -0.7871
   80          8.0102         20.0000         21.0000          4.0000         -0.7995
   66          8.0102         18.0000         21.0000          1.0000         -0.7207
   67          8.0102         19.0000         21.0000          1.0000         -0.7560
   68          8.0102         20.0000         21.0000          1.0000         -0.8016
   70          8.0102         18.0000         21.0000          2.0000         -0.7395
   71          8.0102         19.0000         21.0000          2.0000         -0.7628
   72          8.0102         20.0000         21.0000          2.0000         -0.7940
   74          8.0102         18.0000         21.0000          3.0000         -0.7469
   75          8.0102         19.0000         21.0000          3.0000         -0.7645
   76          8.0102         20.0000         21.0000          3.0000         -0.7860
   78          8.0102         18.0000         21.0000          4.0000         -0.7628
   79          8.0102         19.0000         21.0000          4.0000         -0.7741
   80          8.0102         20.0000         21.0000          4.0000         -0.7874
   66          9.0088         18.0000         21.0000          1.0000         12.9163
   67          9.0088         19.0000         21.0000          1.0000         12.8536
   68          9.0088         20.0000         21.0000          1.0000         13.6445
   70          9.0088         18.0000         21.0000          2.0000         14.9313
   71          9.0088         19.0000         21.0000          2.0000         14.8783
   72          9.0088         20.0000         21.0000          2.0000         15.5680
   74          9.0088         18.0000         21.0000          3.0000         17.6046
   75          9.0088         19.0000         21.0000          3.0000         17.5466
   76          9.0088         20.0000         21.0000          3.0000         18.0460
   78          9.0088         18.0000         21.0000          4.0000         20.8192
   79          9.0088         19.0000         21.0000          4.0000         20.7591
   80          9.0088         20.0000         21.0000          4.0000         21.1461
   66          9.0088         18.0000         21.0000          1.0000         13.0287
   67          9.0088         19.0000         21.0000          1.0000         12.9668
   68          9.0088         20.0000         21.0000          1.0000         13.7557
   70          9.0088         18.0000         21.0000          2.0000         15.0423
   71          9.0088         19.0000         21.0000          2.0000         14.9898
   72          9.0088         20.0000         21.0000          2.0000         15.6776
   74          9.0088         18.0000         21.0000          3.0000         17.7142
   75          9.0088         19.0000         21.0000          3.0000         17.6564
   76          9.0088         20.0000         21.0000          3.0000         18.1538
   78          9.0088         18.0000         21.0000          4.0000         20.9263
   79          9.0088         19.0000         21.0000          4.0000         20.8663
   80          9.0088         20.0000         21.0000          4.0000         21.2515
   66          9.0088         18.0000         21.0000          1.0000         13.0607
   67          9.0088         19.0000         21.0000          1.0000         12.9992
   68          9.0088         20.0000         21.0000          1.0000         13.7855
   70          9.0088         18.0000         21.0000          2.0000         15.0721
   71          9.0088         19.0000         21.0000          2.0000         15.0199
   72          9.0088         20.0000         21.0000          2.0000         15.7052
   74          9.0088         18.0000         21.0000          3.0000         17.7402
   75          9.0088         19.0000         21.0000          3.0000         17.6828
   76          9.0088         20.0000         21.0000          3.0000         18.1780
   78          9.0088         18.0000         21.0000          4.0000         20.9469
   79          9.0088         19.0000         21.0000          4.0000         20.8871
   80          9.0088         20.0000         21.0000          4.0000         21.2706
   66         10.0006         18.0000         21.0000          1.0000         39.2811
   67         10.0006         19.0000         21.0000          1.0000         39.0587
   68         10.0006         20.0000         21.0000          1.0000         41.0259
   70         10.0006         18.0000         21.0000          2.0000         43.9567
   71         10.0006         19.0000         21.0000          2.0000         43.7119
   72         10.0006         20.0000         21.0000          2.0000         45.3439
   74         10.0006         18.0000         21.0000          3.0000         50.2092
   75         10.0006         19.0000         21.0000          3.0000         49.9500
   76         10.0006         20.0000         21.0000          3.0000         51.0909
   78         10.0006         18.0000         21.0000          4.0000         58.2748
   79         10.0006         19.0000         21.0000          4.0000         58.0206
   80         10.0006         20.0000         21.0000          4.0000         58.8825
   66         10.0006         18.0000         21.0000          1.0000         39.4702
   67         10.0006         19.0000         21.0000          1.0000         39.2501
   68         10.0006         20.0000         21.0000          1.0000         41.2027
   70         10.0006         18.0000         21.0000          2.0000         44.1507
   71         10.0006         19.0000         21.0000          2.0000         43.9085
   72         10.0006         20.0000         21.0000          2.0000         45.5253
   74         10.0006         18.0000         21.0000          3.0000         50.3969
   75         10.0006         19.0000         21.0000          3.0000         50.1402
   76         10.0006         20.0000         21.0000          3.0000         51.2667
   78         10.0006         18.0000         21.0000          4.0000         58.4446
   79         10.0006         19.0000         21.0000          4.0000         58.1921
   80         10.0006         20.0000         21.0000          4.0000         59.0414
   66         10.0006         18.0000         21.0000          1.0000         39.5127
   67         10.0006         19.0000         21.0000          1.0000         39.2930
   68         10.0006         20.0000         21.0000          1.0000         41.2418
   70         10.0006         18.0000         21.0000          2.0000         44.1924
   71         10.0006         19.0000         21.0000          2.0000         43.9506
   72         10.0006         20.0000         21.0000          2.0000         45.5637
   74         10.0006         18.0000         21.0000          3.0000         50.4349
   75         10.0006         19.0000         21.0000          3.0000         50.1785
   76         10.0006         20.0000         21.0000          3.0000         51.3017
   78         10.0006         18.0000         21.0000          4.0000         58.4758
   79         10.0006         19.0000         21.0000          4.0000         58.2236
   80         10.0006         20.0000         21.0000          4.0000         59.0702
   66         11.0019         18.0000         21.0000          1.0000         66.0511
   67         11.0019         19.0000         21.0000          1.0000         65.8630
   68         11.0019         20.0000         21.0000          1.0000         69.3564
   70         11.0019         18.0000         21.0000          2.0000         74.3436
   71         11.0019         19.0000         21.0000          2.0000         74.1234
   72         11.0019         20.0000         21.0000          2.0000         77.0929
   74         11.0019         18.0000         21.0000          3.0000         85.0628
   75         11.0019         19.0000         21.0000          3.0000         84.8236
   76         11.0019         20.0000         21.0000          3.0000         86.9658
   78         11.0019         18.0000         21.0000          4.0000         98.9507
   79         11.0019         19.0000         21.0000          4.0000         98.6872
   80         11.0019         20.0000         21.0000          4.0000        100.3450
   66         11.0019         18.0000         21.0000          1.0000         66.1585
   67         11.0019         19.0000         21.0000          1.0000         65.9718
   68         11.0019         20.0000         21.0000          1.0000         69.4568
   70         11.0019         18.0000         21.0000          2.0000         74.4412
   71         11.0019         19.0000         21.0000          2.0000         74.2217
   72         11.0019         20.0000         21.0000          2.0000         77.1843
   74         11.0019         18.0000         21.0000          3.0000         85.1476
   75         11.0019         19.0000         21.0000          3.0000         84.9089
   76         11.0019         20.0000         21.0000          3.0000         87.0460
   78         11.0019         18.0000         21.0000          4.0000         99.0208
   79         11.0019         19.0000         21.0000          4.0000         98.7576
   80         11.0019         20.0000         21.0000          4.0000        100.4117
   66         11.0019         18.0000         21.0000          1.0000         66.1891
   67         11.0019         19.0000         21.0000          1.0000         66.0024
   68         11.0019         20.0000         21.0000          1.0000         69.4843
   70         11.0019         18.0000         21.0000          2.0000         74.4699
   71         11.0019         19.0000         21.0000          2.0000         74.2505
   72         11.0019         20.0000         21.0000          2.0000         77.2105
   74         11.0019         18.0000         21.0000          3.0000         85.1729
   75         11.0019         19.0000         21.0000          3.0000         84.9343
   76         11.0019         20.0000         21.0000          3.0000         87.0692
   78         11.0019         18.0000         21.0000          4.0000         99.0411
   79         11.0019         19.0000         21.0000          4.0000         98.7779
   80         11.0019         20.0000         21.0000          4.0000        100.4303
   66         12.0048         18.0000         21.0000          1.0000         87.0380
   67         12.0048         19.0000         21.0000          1.0000         87.2766
   68         12.0048         20.0000         21.0000          1.0000         91.5383
   70         12.0048         18.0000         21.0000          2.0000         95.5835
   71         12.0048         19.0000         21.0000          2.0000         95.8029
   72         12.0048         20.0000         21.0000          2.0000         99.4715
   74         12.0048         18.0000         21.0000          3.0000        107.0032
   75         12.0048         19.0000         21.0000          3.0000        107.2033
   76         12.0048         20.0000         21.0000          3.0000        109.9413
   78         12.0048         18.0000         21.0000          4.0000        121.8474
   79         12.0048         19.0000         21.0000          4.0000        121.9919
   80         12.0048         20.0000         21.0000          4.0000        124.1392
   66         12.0048         18.0000         21.0000          1.0000         86.9727
   67         12.0048         19.0000         21.0000          1.0000         87.3684
   68         12.0048         20.0000         21.0000          1.0000         91.6995
   70         12.0048         18.0000         21.0000          2.0000         95.4927
   71         12.0048         19.0000         21.0000          2.0000         95.8790
   72         12.0048         20.0000         21.0000          2.0000         99.5465
   74         12.0048         18.0000         21.0000          3.0000        106.9011
   75         12.0048         19.0000         21.0000          3.0000        107.2460
   76         12.0048         20.0000         21.0000          3.0000        109.9882
   78         12.0048         18.0000         21.0000          4.0000        121.7286
   79         12.0048         19.0000         21.0000          4.0000        122.0591
   80         12.0048         20.0000         21.0000          4.0000        124.2029
   66         12.0048         18.0000         21.0000          1.0000         86.9868
   67         12.0048         19.0000         21.0000          1.0000         87.3895
   68         12.0048         20.0000         21.0000          1.0000         91.7241
   70         12.0048         18.0000         21.0000          2.0000         95.5090
   71         12.0048         19.0000         21.0000          2.0000         95.8980
   72         12.0048         20.0000         21.0000          2.0000         99.5574
   74         12.0048         18.0000         21.0000          3.0000        106.9179
   75         12.0048         19.0000         21.0000          3.0000        107.2616
   76         12.0048         20.0000         21.0000          3.0000        109.9950
   78         12.0048         18.0000         21.0000          4.0000        121.7393
   79         12.0048         19.0000         21.0000          4.0000        122.0725
   80         12.0048         20.0000         21.0000          4.0000        124.2065
   66         12.0048         18.0000         21.0000          1.0000         86.9984
   67         12.0048         19.0000         21.0000          1.0000         87.4006
   68         12.0048         20.0000         21.0000          1.0000         91.7335
   70         12.0048         18.0000         21.0000          2.0000         95.5189
   71         12.0048         19.0000         21.0000          2.0000         95.9075
   72         12.0048         20.0000         21.0000          2.0000         99.5657
   74         12.0048         18.0000         21.0000          3.0000        106.9258
   75         12.0048         19.0000         21.0000          3.0000        107.2694
   76         12.0048         20.0000         21.0000          3.0000        110.0019
   78         12.0048         18.0000         21.0000          4.0000        121.7454
   79         12.0048         19.0000         21.0000          4.0000        122.0783
   80         12.0048         20.0000         21.0000          4.0000        124.2119
   66         13.0003         18.0000         21.0000          1.0000         96.0438
   67         13.0003         19.0000         21.0000          1.0000         96.3908
   68         13.0003         20.0000         21.0000          1.0000        100.6913
   70         13.0003         18.0000         21.0000          2.0000        103.6027
   71         13.0003         19.0000         21.0000          2.0000        103.9313
   72         13.0003         20.0000         21.0000          2.0000        107.6354
   74         13.0003         18.0000         21.0000          3.0000        114.2425
   75         13.0003         19.0000         21.0000          3.0000        114.5667
   76         13.0003         20.0000         21.0000          3.0000        117.3865
   78         13.0003         18.0000         21.0000          4.0000        128.8198
   79         13.0003         19.0000         21.0000          4.0000        129.0921
   80         13.0003         20.0000         21.0000          4.0000        131.3059
   66         13.0003         18.0000         21.0000          1.0000         96.1213
   67         13.0003         19.0000         21.0000          1.0000         96.4690
   68         13.0003         20.0000         21.0000          1.0000        100.7580
   70         13.0003         18.0000         21.0000          2.0000        103.6638
   71         13.0003         19.0000         21.0000          2.0000        103.9925
   72         13.0003         20.0000         21.0000          2.0000        107.6878
   74         13.0003         18.0000         21.0000          3.0000        114.2855
   75         13.0003         19.0000         21.0000          3.0000        114.6095
   76         13.0003         20.0000         21.0000          3.0000        117.4232
   78         13.0003         18.0000         21.0000          4.0000        128.8440
   79         13.0003         19.0000         21.0000          4.0000        129.1161
   80         13.0003         20.0000         21.0000          4.0000        131.3257
   66         13.0003         18.0000         21.0000          1.0000         96.1483
   67         13.0003         19.0000         21.0000          1.0000         96.4958
   68         13.0003         20.0000         21.0000          1.0000        100.7818
   70         13.0003         18.0000         21.0000          2.0000        103.6887
   71         13.0003         19.0000         21.0000          2.0000        104.0174
   72         13.0003         20.0000         21.0000          2.0000        107.7102
   74         13.0003         18.0000         21.0000          3.0000        114.3070
   75         13.0003         19.0000         21.0000          3.0000        114.6311
   76         13.0003         20.0000         21.0000          3.0000        117.4429
   78         13.0003         18.0000         21.0000          4.0000        128.8611
   79         13.0003         19.0000         21.0000          4.0000        129.1332
   80         13.0003         20.0000         21.0000          4.0000        131.3414
   66         14.0007         18.0000         21.0000          1.0000        104.2642
   67         14.0007         19.0000         21.0000          1.0000        104.6007
   68         14.0007         20.0000         21.0000          1.0000        109.9534
   70         14.0007         18.0000         21.0000          2.0000        115.1768
   71         14.0007         19.0000         21.0000          2.0000        115.4904
   72         14.0007         20.0000         21.0000          2.0000        120.1153
   74         14.0007         18.0000         21.0000          3.0000        129.5735
   75         14.0007         19.0000         21.0000          3.0000        129.8730
   76         14.0007         20.0000         21.0000          3.0000        133.3840
   78         14.0007         18.0000         21.0000          4.0000        148.9444
   79         14.0007         19.0000         21.0000          4.0000        149.1959
   80         14.0007         20.0000         21.0000          4.0000        151.9750
   66         14.0007         18.0000         21.0000          1.0000        105.1954
   67         14.0007         19.0000         21.0000          1.0000        105.5380
   68         14.0007         20.0000         21.0000          1.0000        110.8941
   70         14.0007         18.0000         21.0000          2.0000        116.1468
   71         14.0007         19.0000         21.0000          2.0000        116.4669
   72         14.0007         20.0000         21.0000          2.0000        121.0818
   74         14.0007         18.0000         21.0000          3.0000        130.5475
   75         14.0007         19.0000         21.0000          3.0000        130.8535
   76         14.0007         20.0000         21.0000          3.0000        134.3492
   78         14.0007         18.0000         21.0000          4.0000        149.8944
   79         14.0007         19.0000         21.0000          4.0000        150.1510
   80         14.0007         20.0000         21.0000          4.0000        152.9141
   66         14.0007         18.0000         21.0000          1.0000        105.3452
   67         14.0007         19.0000         21.0000          1.0000        105.6900
   68         14.0007         20.0000         21.0000          1.0000        111.0366
   70         14.0007         18.0000         21.0000          2.0000        116.2912
   71         14.0007         19.0000         21.0000          2.0000        116.6129
   72         14.0007         20.0000         21.0000          2.0000        121.2182
   74         14.0007         18.0000         21.0000          3.0000        130.6783
   75         14.0007         19.0000         21.0000          3.0000        130.9854
   76         14.0007         20.0000         21.0000          3.0000        134.4725
   78         14.0007         18.0000         21.0000          4.0000        150.0036
   79         14.0007         19.0000         21.0000          4.0000        150.2608
   80         14.0007         20.0000         21.0000          4.0000        153.0166
   66         14.0007         18.0000         21.0000          1.0000        105.3739
   67         14.0007         19.0000         21.0000          1.0000        105.7188
   68         14.0007         20.0000         21.0000          1.0000        111.0626
   70         14.0007         18.0000         21.0000          2.0000        116.3171
   71         14.0007         19.0000         21.0000          2.0000        116.6389
   72         14.0007         20.0000         21.0000          2.0000        121.2421
   74         14.0007         18.0000         21.0000          3.0000        130.7012
   75         14.0007         19.0000         21.0000          3.0000        131.0084
   76         14.0007         20.0000         21.0000          3.0000        134.4940
   78         14.0007         18.0000         21.0000          4.0000        150.0229
   79         14.0007         19.0000         21.0000          4.0000        150.2802
   80         14.0007         20.0000         21.0000          4.0000        153.0348
   66         15.0004         18.0000         21.0000          1.0000         81.5846
   67         15.0004         19.0000         21.0000          1.0000         82.1175
   68         15.0004         20.0000         21.0000          1.0000         85.8321
   70         15.0004         18.0000         21.0000          2.0000         87.6670
   71         15.0004         19.0000         21.0000          2.0000         88.1744
   72         15.0004         20.0000         21.0000          2.0000         91.3230
   74         15.0004         18.0000         21.0000          3.0000         96.3123
   75         15.0004         19.0000         21.0000          3.0000         96.7878
   76         15.0004         20.0000         21.0000          3.0000         99.1978
   78         15.0004         18.0000         21.0000          4.0000        108.1046
   79         15.0004         19.0000         21.0000          4.0000        108.5556
   80         15.0004         20.0000         21.0000          4.0000        110.4438
   66         15.0004         18.0000         21.0000          1.0000         80.7561
   67         15.0004         19.0000         21.0000          1.0000         81.2858
   68         15.0004         20.0000         21.0000          1.0000         84.9598
   70         15.0004         18.0000         21.0000          2.0000         86.7521
   71         15.0004         19.0000         21.0000          2.0000         87.2549
   72         15.0004         20.0000         21.0000          2.0000         90.3812
   74         15.0004         18.0000         21.0000          3.0000         95.3275
   75         15.0004         19.0000         21.0000          3.0000         95.7981
   76         15.0004         20.0000         21.0000          3.0000         98.1981
   78         15.0004         18.0000         21.0000          4.0000        107.0686
   79         15.0004         19.0000         21.0000          4.0000        107.5156
   80         15.0004         20.0000         21.0000          4.0000        109.4007
   66         15.0004         18.0000         21.0000          1.0000         80.6388
   67         15.0004         19.0000         21.0000          1.0000         81.1656
   68         15.0004         20.0000         21.0000          1.0000         84.8449
   70         15.0004         18.0000         21.0000          2.0000         86.6388
   71         15.0004         19.0000         21.0000          2.0000         87.1399
   72         15.0004         20.0000         21.0000          2.0000         90.2729
   74         15.0004         18.0000         21.0000          3.0000         95.2270
   75         15.0004         19.0000         21.0000          3.0000         95.6963
   76         15.0004         20.0000         21.0000          3.0000         98.1030
   78         15.0004         18.0000         21.0000          4.0000        106.9884
   79         15.0004         19.0000         21.0000          4.0000        107.4346
   80         15.0004         20.0000         21.0000          4.0000        109.3259
   66         16.0012         18.0000         21.0000          1.0000         83.1101
   67         16.0012         19.0000         21.0000          1.0000         83.8394
   68         16.0012         20.0000         21.0000          1.0000         87.3874
   70         16.0012         18.0000         21.0000          2.0000         88.5124
   71         16.0012         19.0000         21.0000          2.0000         89.2195
   72         16.0012         20.0000         21.0000          2.0000         92.1990
   74         16.0012         18.0000         21.0000          3.0000         96.4278
   75         16.0012         19.0000         21.0000          3.0000         97.1121
   76         16.0012         20.0000         21.0000          3.0000         99.3671
   78         16.0012         18.0000         21.0000          4.0000        107.9942
   79         16.0012         19.0000         21.0000          4.0000        108.6384
   80         16.0012         20.0000         21.0000          4.0000        110.4423
   66         16.0012         18.0000         21.0000          1.0000         83.1981
   67         16.0012         19.0000         21.0000          1.0000         83.9293
   68         16.0012         20.0000         21.0000          1.0000         87.4644
   70         16.0012         18.0000         21.0000          2.0000         88.5925
   71         16.0012         19.0000         21.0000          2.0000         89.3009
   72         16.0012         20.0000         21.0000          2.0000         92.2695
   74         16.0012         18.0000         21.0000          3.0000         96.4934
   75         16.0012         19.0000         21.0000          3.0000         97.1787
   76         16.0012         20.0000         21.0000          3.0000         99.4252
   78         16.0012         18.0000         21.0000          4.0000        108.0414
   79         16.0012         19.0000         21.0000          4.0000        108.6860
   80         16.0012         20.0000         21.0000          4.0000        110.4837
   66         16.0012         18.0000         21.0000          1.0000         83.2237
   67         16.0012         19.0000         21.0000          1.0000         83.9548
   68         16.0012         20.0000         21.0000          1.0000         87.4871
   70         16.0012         18.0000         21.0000          2.0000         88.6166
   71         16.0012         19.0000         21.0000          2.0000         89.3251
   72         16.0012         20.0000         21.0000          2.0000         92.2914
   74         16.0012         18.0000         21.0000          3.0000         96.5146
   75         16.0012         19.0000         21.0000          3.0000         97.2000
   76         16.0012         20.0000         21.0000          3.0000         99.4446
   78         16.0012         18.0000         21.0000          4.0000        108.0582
   79         16.0012         19.0000         21.0000          4.0000        108.7029
   80         16.0012         20.0000         21.0000          4.0000        110.4992
   66         17.0004         18.0000         21.0000          1.0000         63.9605
   67         17.0004         19.0000         21.0000          1.0000         64.3882
   68         17.0004         20.0000         21.0000          1.0000         67.4706
   70         17.0004         18.0000         21.0000          2.0000         69.9463
   71         17.0004         19.0000         21.0000          2.0000         70.3529
   72         17.0004         20.0000         21.0000          2.0000         72.9468
   74         17.0004         18.0000         21.0000          3.0000         77.9700
   75         17.0004         19.0000         21.0000          3.0000         78.3602
   76         17.0004         20.0000         21.0000          3.0000         80.2915
   78         17.0004         18.0000         21.0000          4.0000         89.1265
   79         17.0004         19.0000         21.0000          4.0000         89.4778
   80         17.0004         20.0000         21.0000          4.0000         91.0178
   66         17.0004         18.0000         21.0000          1.0000         64.6243
   67         17.0004         19.0000         21.0000          1.0000         65.0566
   68         17.0004         20.0000         21.0000          1.0000         68.1392
   70         17.0004         18.0000         21.0000          2.0000         70.6425
   71         17.0004         19.0000         21.0000          2.0000         71.0538
   72         17.0004         20.0000         21.0000          2.0000         73.6385
   74         17.0004         18.0000         21.0000          3.0000         78.6725
   75         17.0004         19.0000         21.0000          3.0000         79.0674
   76         17.0004         20.0000         21.0000          3.0000         80.9858
   78         17.0004         18.0000         21.0000          4.0000         89.8122
   79         17.0004         19.0000         21.0000          4.0000         90.1673
   80         17.0004         20.0000         21.0000          4.0000         91.6937
   66         17.0004         18.0000         21.0000          1.0000         64.7323
   67         17.0004         19.0000         21.0000          1.0000         65.1663
   68         17.0004         20.0000         21.0000          1.0000         68.2420
   70         17.0004         18.0000         21.0000          2.0000         70.7473
   71         17.0004         19.0000         21.0000          2.0000         71.1598
   72         17.0004         20.0000         21.0000          2.0000         73.7375
   74         17.0004         18.0000         21.0000          3.0000         78.7678
   75         17.0004         19.0000         21.0000          3.0000         79.1637
   76         17.0004         20.0000         21.0000          3.0000         81.0757
   78         17.0004         18.0000         21.0000          4.0000         89.8922
   79         17.0004         19.0000         21.0000          4.0000         90.2479
   80         17.0004         20.0000         21.0000          4.0000         91.7689
   66         17.0004         18.0000         21.0000          1.0000         64.7514
   67         17.0004         19.0000         21.0000          1.0000         65.1856
   68         17.0004         20.0000         21.0000          1.0000         68.2595
   70         17.0004         18.0000         21.0000          2.0000         70.7646
   71         17.0004         19.0000         21.0000          2.0000         71.1772
   72         17.0004         20.0000         21.0000          2.0000         73.7536
   74         17.0004         18.0000         21.0000          3.0000         78.7834
   75         17.0004         19.0000         21.0000          3.0000         79.1793
   76         17.0004         20.0000         21.0000          3.0000         81.0903
   78         17.0004         18.0000         21.0000          4.0000         89.9054
   79         17.0004         19.0000         21.0000          4.0000         90.2611
   80         17.0004         20.0000         21.0000          4.0000         91.7813
   66         18.0037         18.0000         21.0000          1.0000         40.2670
   67         18.0037         19.0000         21.0000          1.0000         40.5104
   68         18.0037         20.0000         21.0000          1.0000         42.1796
   70         18.0037         18.0000         21.0000          2.0000         43.4277
   71         18.0037         19.0000         21.0000          2.0000         43.6543
   72         18.0037         20.0000         21.0000          2.0000         45.0288
   74         18.0037         18.0000         21.0000          3.0000         47.7488
   75         18.0037         19.0000         21.0000          3.0000         47.9675
   76         18.0037         20.0000         21.0000          3.0000         48.9780
   78         18.0037         18.0000         21.0000          4.0000         54.1045
   79         18.0037         19.0000         21.0000          4.0000         54.3029
   80         18.0037         20.0000         21.0000          4.0000         55.1108
   66         18.0037         18.0000         21.0000          1.0000         39.8526
   67         18.0037         19.0000         21.0000          1.0000         40.0944
   68         18.0037         20.0000         21.0000          1.0000         41.7458
   70         18.0037         18.0000         21.0000          2.0000         42.9780
   71         18.0037         19.0000         21.0000          2.0000         43.2017
   72         18.0037         20.0000         21.0000          2.0000         44.5694
   74         18.0037         18.0000         21.0000          3.0000         47.2790
   75         18.0037         19.0000         21.0000          3.0000         47.4943
   76         18.0037         20.0000         21.0000          3.0000         48.5045
   78         18.0037         18.0000         21.0000          4.0000         53.6298
   79         18.0037         19.0000         21.0000          4.0000         53.8254
   80         18.0037         20.0000         21.0000          4.0000         54.6366
   66         18.0037         18.0000         21.0000          1.0000         39.7926
   67         18.0037         19.0000         21.0000          1.0000         40.0329
   68         18.0037         20.0000         21.0000          1.0000         41.6868
   70         18.0037         18.0000         21.0000          2.0000         42.9195
   71         18.0037         19.0000         21.0000          2.0000         43.1423
   72         18.0037         20.0000         21.0000          2.0000         44.5129
   74         18.0037         18.0000         21.0000          3.0000         47.2249
   75         18.0037         19.0000         21.0000          3.0000         47.4397
   76         18.0037         20.0000         21.0000          3.0000         48.4526
   78         18.0037         18.0000         21.0000          4.0000         53.5831
   79         18.0037         19.0000         21.0000          4.0000         53.7783
   80         18.0037         20.0000         21.0000          4.0000         54.5920
   66         19.0012         18.0000         21.0000          1.0000         14.8922
   67         19.0012         19.0000         21.0000          1.0000         14.9540
   68         19.0012         20.0000         21.0000          1.0000         15.2831
   70         19.0012         18.0000         21.0000          2.0000         15.2848
   71         19.0012         19.0000         21.0000          2.0000         15.3306
   72         19.0012         20.0000         21.0000          2.0000         15.5745
   74         19.0012         18.0000         21.0000          3.0000         15.9187
   75         19.0012         19.0000         21.0000          3.0000         15.9594
   76         19.0012         20.0000         21.0000          3.0000         16.1283
   78         19.0012         18.0000         21.0000          4.0000         17.0756
   79         19.0012         19.0000         21.0000          4.0000         17.1144
   80         19.0012         20.0000         21.0000          4.0000         17.2450
   66         19.0012         18.0000         21.0000          1.0000         14.9326
   67         19.0012         19.0000         21.0000          1.0000         14.9953
   68         19.0012         20.0000         21.0000          1.0000         15.3161
   70         19.0012         18.0000         21.0000          2.0000         15.3174
   71         19.0012         19.0000         21.0000          2.0000         15.3636
   72         19.0012         20.0000         21.0000          2.0000         15.6011
   74         19.0012         18.0000         21.0000          3.0000         15.9411
   75         19.0012         19.0000         21.0000          3.0000         15.9819
   76         19.0012         20.0000         21.0000          3.0000         16.1463
   78         19.0012         18.0000         21.0000          4.0000         17.0873
   79         19.0012         19.0000         21.0000          4.0000         17.1261
   80         19.0012         20.0000         21.0000          4.0000         17.2536
   66         19.0012         18.0000         21.0000          1.0000         14.9389
   67         19.0012         19.0000         21.0000          1.0000         15.0017
   68         19.0012         20.0000         21.0000          1.0000         15.3217
   70         19.0012         18.0000         21.0000          2.0000         15.3237
   71         19.0012         19.0000         21.0000          2.0000         15.3700
   72         19.0012         20.0000         21.0000          2.0000         15.6067
   74         19.0012         18.0000         21.0000          3.0000         15.9468
   75         19.0012         19.0000         21.0000          3.0000         15.9877
   76         19.0012         20.0000         21.0000          3.0000         16.1515
   78         19.0012         18.0000         21.0000          4.0000         17.0919
   79         19.0012         19.0000         21.0000          4.0000         17.1307
   80         19.0012         20.0000         21.0000          4.0000         17.2577
   66         20.0036         18.0000         21.0000          1.0000          1.3435
   67         20.0036         19.0000         21.0000          1.0000          1.3369
   68         20.0036         20.0000         21.0000          1.0000          1.1436
   70         20.0036         18.0000         21.0000          2.0000          0.6194
   71         20.0036         19.0000         21.0000          2.0000          0.6063
   72         20.0036         20.0000         21.0000          2.0000          0.4394
   74         20.0036         18.0000         21.0000          3.0000         -0.1406
   75         20.0036         19.0000         21.0000          3.0000         -0.1538
   76         20.0036         20.0000         21.0000          3.0000         -0.2715
   78         20.0036         18.0000         21.0000          4.0000         -1.0769
   79         20.0036         19.0000         21.0000          4.0000         -1.0856
   80         20.0036         20.0000         21.0000          4.0000         -1.1875
   66         20.0036         18.0000         21.0000          1.0000          1.3758
   67         20.0036         19.0000         21.0000          1.0000          1.3699
   68         20.0036         20.0000         21.0000          1.0000          1.1716
   70         20.0036         18.0000         21.0000          2.0000          0.6471
   71         20.0036         19.0000         21.0000          2.0000          0.6344
   72         20.0036         20.0000         21.0000          2.0000          0.4637
   74         20.0036         18.0000         21.0000          3.0000         -0.1185
   75         20.0036         19.0000         21.0000          3.0000         -0.1315
   76         20.0036         20.0000         21.0000          3.0000         -0.2524
   78         20.0036         18.0000         21.0000          4.0000         -1.0631
   79         20.0036         19.0000         21.0000          4.0000         -1.0718
   80         20.0036         20.0000         21.0000          4.0000         -1.1758
   66         20.0036         18.0000         21.0000          1.0000          1.3807
   67         20.0036         19.0000         21.0000          1.0000          1.3748
   68         20.0036         20.0000         21.0000          1.0000          1.1757
   70         20.0036         18.0000         21.0000          2.0000          0.6512
   71         20.0036         19.0000         21.0000          2.0000          0.6385
   72         20.0036         20.0000         21.0000          2.0000          0.4672
   74         20.0036         18.0000         21.0000          3.0000         -0.1155
   75         20.0036         19.0000         21.0000          3.0000         -0.1285
   76         20.0036         20.0000         21.0000          3.0000         -0.2495
   78         20.0036         18.0000         21.0000          4.0000         -1.0598
   79         20.0036         19.0000         21.0000          4.0000         -1.0685
   80         20.0036         20.0000         21.0000          4.0000         -1.1728
   66         21.0011         18.0000         21.0000          1.0000         -1.1008
   67         21.0011         19.0000         21.0000          1.0000         -1.1288
   68         21.0011         20.0000         21.0000          1.0000         -1.3892
   70         21.0011         18.0000         21.0000          2.0000         -1.9987
   71         21.0011         19.0000         21.0000          2.0000         -2.0309
   72         21.0011         20.0000         21.0000          2.0000         -2.2661
   74         21.0011         18.0000         21.0000          3.0000         -3.0712
   75         21.0011         19.0000         21.0000          3.0000         -3.1036
   76         21.0011         20.0000         21.0000          3.0000         -3.2779
   78         21.0011         18.0000         21.0000          4.0000         -4.4176
   79         21.0011         19.0000         21.0000          4.0000         -4.4406
   80         21.0011         20.0000         21.0000          4.0000         -4.5784
   66         21.0011         18.0000         21.0000          1.0000         -1.0739
   67         21.0011         19.0000         21.0000          1.0000         -1.1012
   68         21.0011         20.0000         21.0000          1.0000         -1.3670
   70         21.0011         18.0000         21.0000          2.0000         -1.9776
   71         21.0011         19.0000         21.0000          2.0000         -2.0095
   72         21.0011         20.0000         21.0000          2.0000         -2.2490
   74         21.0011         18.0000         21.0000          3.0000         -3.0573
   75         21.0011         19.0000         21.0000          3.0000         -3.0895
   76         21.0011         20.0000         21.0000          3.0000         -3.2669
   78         21.0011         18.0000         21.0000          4.0000         -4.4113
   79         21.0011         19.0000         21.0000          4.0000         -4.4343
   80         21.0011         20.0000         21.0000          4.0000         -4.5743
   66         21.0011         18.0000         21.0000          1.0000         -1.0700
   67         21.0011         19.0000         21.0000          1.0000         -1.0973
   68         21.0011         20.0000         21.0000          1.0000         -1.3634
   70         21.0011         18.0000         21.0000          2.0000         -1.9730
   71         21.0011         19.0000         21.0000          2.0000         -2.0049
   72         21.0011         20.0000         21.0000          2.0000         -2.2448
   74         21.0011         18.0000         21.0000          3.0000         -3.0527
   75         21.0011         19.0000         21.0000          3.0000         -3.0849
   76         21.0011         20.0000         21.0000          3.0000         -3.2628
   78         21.0011         18.0000         21.0000          4.0000         -4.4075
   79         21.0011         19.0000         21.0000          4.0000         -4.4304
   80         21.0011         20.0000         21.0000          4.0000         -4.5709
   66         22.0025         18.0000         21.0000          1.0000         -1.0881
   67         22.0025         19.0000         21.0000          1.0000         -1.1203
   68         22.0025         20.0000         21.0000          1.0000         -1.3315
   70         22.0025         18.0000         21.0000          2.0000         -1.7924
   71         22.0025         19.0000         21.0000          2.0000         -1.8262
   72         22.0025         20.0000         21.0000          2.0000         -2.0185
   74         22.0025         18.0000         21.0000          3.0000         -2.6445
   75         22.0025         19.0000         21.0000          3.0000         -2.6778
   76         22.0025         20.0000         21.0000          3.0000         -2.8206
   78         22.0025         18.0000         21.0000          4.0000         -3.6340
   79         22.0025         19.0000         21.0000          4.0000         -3.6579
   80         22.0025         20.0000         21.0000          4.0000         -3.7688
   66         22.0025         18.0000         21.0000          1.0000         -1.0735
   67         22.0025         19.0000         21.0000          1.0000         -1.1052
   68         22.0025         20.0000         21.0000          1.0000         -1.3188
   70         22.0025         18.0000         21.0000          2.0000         -1.7793
   71         22.0025         19.0000         21.0000          2.0000         -1.8129
   72         22.0025         20.0000         21.0000          2.0000         -2.0073
   74         22.0025         18.0000         21.0000          3.0000         -2.6344
   75         22.0025         19.0000         21.0000          3.0000         -2.6675
   76         22.0025         20.0000         21.0000          3.0000         -2.8120
   78         22.0025         18.0000         21.0000          4.0000         -3.6281
   79         22.0025         19.0000         21.0000          4.0000         -3.6520
   80         22.0025         20.0000         21.0000          4.0000         -3.7641
   66         22.0025         18.0000         21.0000          1.0000         -1.0651
   67         22.0025         19.0000         21.0000          1.0000         -1.0967
   68         22.0025         20.0000         21.0000          1.0000         -1.3110
   70         22.0025         18.0000         21.0000          2.0000         -1.7705
   71         22.0025         19.0000         21.0000          2.0000         -1.8040
   72         22.0025         20.0000         21.0000          2.0000         -1.9992
   74         22.0025         18.0000         21.0000          3.0000         -2.6262
   75         22.0025         19.0000         21.0000          3.0000         -2.6592
   76         22.0025         20.0000         21.0000          3.0000         -2.8045
   78         22.0025         18.0000         21.0000          4.0000         -3.6213
   79         22.0025         19.0000         21.0000          4.0000         -3.6451
   80         22.0025         20.0000         21.0000          4.0000         -3.7579
   66         23.0064         18.0000         21.0000          1.0000         -1.6859
   67         23.0064         19.0000         21.0000          1.0000         -1.7280
   68         23.0064         20.0000         21.0000          1.0000         -1.9557
   70         23.0064         18.0000         21.0000          2.0000         -2.4020
   71         23.0064         19.0000         21.0000          2.0000         -2.4419
   72         23.0064         20.0000         21.0000          2.0000         -2.6410
   74         23.0064         18.0000         21.0000          3.0000         -3.2447
   75         23.0064         19.0000         21.0000          3.0000         -3.2821
   76         23.0064         20.0000         21.0000          3.0000         -3.4266
   78         23.0064         18.0000         21.0000          4.0000         -4.1991
   79         23.0064         19.0000         21.0000          4.0000         -4.2256
   80         23.0064         20.0000         21.0000          4.0000         -4.3357
   66         23.0064         18.0000         21.0000          1.0000         -1.6708
   67         23.0064         19.0000         21.0000          1.0000         -1.7124
   68         23.0064         20.0000         21.0000          1.0000         -1.9423
   70         23.0064         18.0000         21.0000          2.0000         -2.3880
   71         23.0064         19.0000         21.0000          2.0000         -2.4277
   72         23.0064         20.0000         21.0000          2.0000         -2.6287
   74         23.0064         18.0000         21.0000          3.0000         -3.2332
   75         23.0064         19.0000         21.0000          3.0000         -3.2704
   76         23.0064         20.0000         21.0000          3.0000         -3.4165
   78         23.0064         18.0000         21.0000          4.0000         -4.1914
   79         23.0064         19.0000         21.0000          4.0000         -4.2178
   80         23.0064         20.0000         21.0000          4.0000         -4.3290
   66         23.0064         18.0000         21.0000          1.0000         -1.6605
   67         23.0064         19.0000         21.0000          1.0000         -1.7019
   68         23.0064         20.0000         21.0000          1.0000         -1.9329
   70         23.0064         18.0000         21.0000          2.0000         -2.3778
   71         23.0064         19.0000         21.0000          2.0000         -2.4173
   72         23.0064         20.0000         21.0000          2.0000         -2.6193
   74         23.0064         18.0000         21.0000          3.0000         -3.2238
   75         23.0064         19.0000         21.0000          3.0000         -3.2609
   76         23.0064         20.0000         21.0000          3.0000         -3.4079
   78         23.0064         18.0000         21.0000          4.0000         -4.1838
   79         23.0064         19.0000         21.0000          4.0000         -4.2101
   80         23.0064         20.0000         21.0000          4.0000         -4.3221
