  113          1.0013         16.0000         17.0000          1.0000          4.3800
  117          1.0013         16.0000         17.0000          2.0000          4.4732
  121          1.0013         16.0000         17.0000          3.0000          4.4437
  125          1.0013         16.0000         17.0000          4.0000          4.3329
  113          1.0013         16.0000         17.0000          1.0000          4.3769
  117          1.0013         16.0000         17.0000          2.0000          4.4695
  121          1.0013         16.0000         17.0000          3.0000          4.4391
  125          1.0013         16.0000         17.0000          4.0000          4.3273
  113          1.0013         16.0000         17.0000          1.0000          4.3794
  117          1.0013         16.0000         17.0000          2.0000          4.4720
  121          1.0013         16.0000         17.0000          3.0000          4.4413
  125          1.0013         16.0000         17.0000          4.0000          4.3291
  113          1.0085         16.0000         17.0000          1.0000          4.4052
  117          1.0085         16.0000         17.0000          2.0000          4.4982
  121          1.0085         16.0000         17.0000          3.0000          4.4686
  125          1.0085         16.0000         17.0000          4.0000          4.3581
  113          1.0085         16.0000         17.0000          1.0000          4.4044
  117          1.0085         16.0000         17.0000          2.0000          4.4968
  121          1.0085         16.0000         17.0000          3.0000          4.4663
  125          1.0085         16.0000         17.0000          4.0000          4.3549
  113          1.0085         16.0000         17.0000          1.0000          4.4071
  117          1.0085         16.0000         17.0000          2.0000          4.4995
  121          1.0085         16.0000         17.0000          3.0000          4.4686
  125          1.0085         16.0000         17.0000          4.0000          4.3567
  113          2.0075         16.0000         17.0000          1.0000          5.0014
  117          2.0075         16.0000         17.0000          2.0000          5.0552
  121          2.0075         16.0000         17.0000          3.0000          4.9923
  125          2.0075         16.0000         17.0000          4.0000          4.9052
  113          2.0075         16.0000         17.0000          1.0000          5.0037
  117          2.0075         16.0000         17.0000          2.0000          5.0568
  121          2.0075         16.0000         17.0000          3.0000          4.9929
  125          2.0075         16.0000         17.0000          4.0000          4.9048
  113          2.0075         16.0000         17.0000          1.0000          5.0064
  117          2.0075         16.0000         17.0000          2.0000          5.0594
  121          2.0075         16.0000         17.0000          3.0000          4.9953
  125          2.0075         16.0000         17.0000          4.0000          4.9067
  113          3.0133         16.0000         17.0000          1.0000          2.9961
  117          3.0133         16.0000         17.0000          2.0000          3.0053
  121          3.0133         16.0000         17.0000          3.0000          2.9143
  125          3.0133         16.0000         17.0000          4.0000          2.7233
  113          3.0133         16.0000         17.0000          1.0000          2.9968
  117          3.0133         16.0000         17.0000          2.0000          3.0056
  121          3.0133         16.0000         17.0000          3.0000          2.9138
  125          3.0133         16.0000         17.0000          4.0000          2.7220
  113          3.0133         16.0000         17.0000          1.0000          2.9997
  117          3.0133         16.0000         17.0000          2.0000          3.0083
  121          3.0133         16.0000         17.0000          3.0000          2.9162
  125          3.0133         16.0000         17.0000          4.0000          2.7238
  113          4.0157         16.0000         17.0000          1.0000          2.6900
  117          4.0157         16.0000         17.0000          2.0000          2.6676
  121          4.0157         16.0000         17.0000          3.0000          2.5544
  125          4.0157         16.0000         17.0000          4.0000          2.3470
  113          4.0157         16.0000         17.0000          1.0000          2.6894
  117          4.0157         16.0000         17.0000          2.0000          2.6665
  121          4.0157         16.0000         17.0000          3.0000          2.5525
  125          4.0157         16.0000         17.0000          4.0000          2.3444
  113          4.0157         16.0000         17.0000          1.0000          2.6920
  117          4.0157         16.0000         17.0000          2.0000          2.6690
  121          4.0157         16.0000         17.0000          3.0000          2.5547
  125          4.0157         16.0000         17.0000          4.0000          2.3461
  113          5.0182         16.0000         17.0000          1.0000          2.5926
  117          5.0182         16.0000         17.0000          2.0000          2.5391
  121          5.0182         16.0000         17.0000          3.0000          2.4017
  125          5.0182         16.0000         17.0000          4.0000          2.1732
  113          5.0182         16.0000         17.0000          1.0000          2.5925
  117          5.0182         16.0000         17.0000          2.0000          2.5385
  121          5.0182         16.0000         17.0000          3.0000          2.4005
  125          5.0182         16.0000         17.0000          4.0000          2.1713
  113          5.0182         16.0000         17.0000          1.0000          2.5952
  117          5.0182         16.0000         17.0000          2.0000          2.5411
  121          5.0182         16.0000         17.0000          3.0000          2.4027
  125          5.0182         16.0000         17.0000          4.0000          2.1730
  113          6.0271         16.0000         17.0000          1.0000          1.5946
  117          6.0271         16.0000         17.0000          2.0000          1.5313
  121          6.0271         16.0000         17.0000          3.0000          1.3993
  125          6.0271         16.0000         17.0000          4.0000          1.1904
  113          6.0271         16.0000         17.0000          1.0000          1.5944
  117          6.0271         16.0000         17.0000          2.0000          1.5307
  121          6.0271         16.0000         17.0000          3.0000          1.3981
  125          6.0271         16.0000         17.0000          4.0000          1.1886
  113          6.0271         16.0000         17.0000          1.0000          1.5969
  117          6.0271         16.0000         17.0000          2.0000          1.5330
  121          6.0271         16.0000         17.0000          3.0000          1.4001
  125          6.0271         16.0000         17.0000          4.0000          1.1901
  113          7.0186         16.0000         17.0000          1.0000          1.2445
  117          7.0186         16.0000         17.0000          2.0000          1.1677
  121          7.0186         16.0000         17.0000          3.0000          1.0308
  125          7.0186         16.0000         17.0000          4.0000          0.8250
  113          7.0186         16.0000         17.0000          1.0000          1.2484
  117          7.0186         16.0000         17.0000          2.0000          1.1714
  121          7.0186         16.0000         17.0000          3.0000          1.0340
  125          7.0186         16.0000         17.0000          4.0000          0.8276
  113          7.0186         16.0000         17.0000          1.0000          1.2517
  117          7.0186         16.0000         17.0000          2.0000          1.1746
  121          7.0186         16.0000         17.0000          3.0000          1.0368
  125          7.0186         16.0000         17.0000          4.0000          0.8297
  113          8.0102         16.0000         17.0000          1.0000          1.6730
  117          8.0102         16.0000         17.0000          2.0000          1.6530
  121          8.0102         16.0000         17.0000          3.0000          1.5762
  125          8.0102         16.0000         17.0000          4.0000          1.4296
  113          8.0102         16.0000         17.0000          1.0000          1.6915
  117          8.0102         16.0000         17.0000          2.0000          1.6726
  121          8.0102         16.0000         17.0000          3.0000          1.5961
  125          8.0102         16.0000         17.0000          4.0000          1.4489
  113          8.0102         16.0000         17.0000          1.0000          1.6994
  117          8.0102         16.0000         17.0000          2.0000          1.6804
  121          8.0102         16.0000         17.0000          3.0000          1.6032
  125          8.0102         16.0000         17.0000          4.0000          1.4549
  113          9.0088         16.0000         17.0000          1.0000          5.8072
  117          9.0088         16.0000         17.0000          2.0000          6.3853
  121          9.0088         16.0000         17.0000          3.0000          6.8743
  125          9.0088         16.0000         17.0000          4.0000          7.3017
  113          9.0088         16.0000         17.0000          1.0000          5.8367
  117          9.0088         16.0000         17.0000          2.0000          6.4159
  121          9.0088         16.0000         17.0000          3.0000          6.9045
  125          9.0088         16.0000         17.0000          4.0000          7.3299
  113          9.0088         16.0000         17.0000          1.0000          5.8460
  117          9.0088         16.0000         17.0000          2.0000          6.4252
  121          9.0088         16.0000         17.0000          3.0000          6.9130
  125          9.0088         16.0000         17.0000          4.0000          7.3371
  113         10.0006         16.0000         17.0000          1.0000         12.8508
  117         10.0006         16.0000         17.0000          2.0000         14.8620
  121         10.0006         16.0000         17.0000          3.0000         16.5305
  125         10.0006         16.0000         17.0000          4.0000         18.2322
  113         10.0006         16.0000         17.0000          1.0000         12.8936
  117         10.0006         16.0000         17.0000          2.0000         14.9040
  121         10.0006         16.0000         17.0000          3.0000         16.5694
  125         10.0006         16.0000         17.0000          4.0000         18.2664
  113         10.0006         16.0000         17.0000          1.0000         12.9077
  117         10.0006         16.0000         17.0000          2.0000         14.9177
  121         10.0006         16.0000         17.0000          3.0000         16.5820
  125         10.0006         16.0000         17.0000          4.0000         18.2771
  113         11.0019         16.0000         17.0000          1.0000         18.7418
  117         11.0019         16.0000         17.0000          2.0000         22.3427
  121         11.0019         16.0000         17.0000          3.0000         25.3251
  125         11.0019         16.0000         17.0000          4.0000         28.5678
  113         11.0019         16.0000         17.0000          1.0000         18.7798
  117         11.0019         16.0000         17.0000          2.0000         22.3779
  121         11.0019         16.0000         17.0000          3.0000         25.3556
  125         11.0019         16.0000         17.0000          4.0000         28.5925
  113         11.0019         16.0000         17.0000          1.0000         18.7948
  117         11.0019         16.0000         17.0000          2.0000         22.3917
  121         11.0019         16.0000         17.0000          3.0000         25.3678
  125         11.0019         16.0000         17.0000          4.0000         28.6026
  113         12.0048         16.0000         17.0000          1.0000         39.1062
  117         12.0048         16.0000         17.0000          2.0000         43.3714
  121         12.0048         16.0000         17.0000          3.0000         46.8974
  125         12.0048         16.0000         17.0000          4.0000         51.2498
  113         12.0048         16.0000         17.0000          1.0000         40.7951
  117         12.0048         16.0000         17.0000          2.0000         43.5795
  121         12.0048         16.0000         17.0000          3.0000         46.6460
  125         12.0048         16.0000         17.0000          4.0000         50.9398
  113         12.0048         16.0000         17.0000          1.0000         40.8928
  117         12.0048         16.0000         17.0000          2.0000         43.6242
  121         12.0048         16.0000         17.0000          3.0000         46.6773
  125         12.0048         16.0000         17.0000          4.0000         50.9711
  113         12.0048         16.0000         17.0000          1.0000         40.8999
  117         12.0048         16.0000         17.0000          2.0000         43.6277
  121         12.0048         16.0000         17.0000          3.0000         46.6789
  125         12.0048         16.0000         17.0000          4.0000         50.9712
  113         13.0003         16.0000         17.0000          1.0000         39.6246
  117         13.0003         16.0000         17.0000          2.0000         43.0293
  121         13.0003         16.0000         17.0000          3.0000         46.1457
  125         13.0003         16.0000         17.0000          4.0000         50.4949
  113         13.0003         16.0000         17.0000          1.0000         39.6493
  117         13.0003         16.0000         17.0000          2.0000         43.0489
  121         13.0003         16.0000         17.0000          3.0000         46.1594
  125         13.0003         16.0000         17.0000          4.0000         50.5026
  113         13.0003         16.0000         17.0000          1.0000         39.6654
  117         13.0003         16.0000         17.0000          2.0000         43.0632
  121         13.0003         16.0000         17.0000          3.0000         46.1717
  125         13.0003         16.0000         17.0000          4.0000         50.5125
  113         14.0007         16.0000         17.0000          1.0000         45.2829
  117         14.0007         16.0000         17.0000          2.0000         49.5817
  121         14.0007         16.0000         17.0000          3.0000         53.9261
  125         14.0007         16.0000         17.0000          4.0000         59.6865
  113         14.0007         16.0000         17.0000          1.0000         45.7439
  117         14.0007         16.0000         17.0000          2.0000         50.0412
  121         14.0007         16.0000         17.0000          3.0000         54.3640
  125         14.0007         16.0000         17.0000          4.0000         60.0899
  113         14.0007         16.0000         17.0000          1.0000         45.8129
  117         14.0007         16.0000         17.0000          2.0000         50.1086
  121         14.0007         16.0000         17.0000          3.0000         54.4264
  125         14.0007         16.0000         17.0000          4.0000         60.1442
  113         14.0007         16.0000         17.0000          1.0000         45.8327
  117         14.0007         16.0000         17.0000          2.0000         50.1262
  121         14.0007         16.0000         17.0000          3.0000         54.4417
  125         14.0007         16.0000         17.0000          4.0000         60.1567
  113         15.0004         16.0000         17.0000          1.0000         43.9596
  117         15.0004         16.0000         17.0000          2.0000         45.8368
  121         15.0004         16.0000         17.0000          3.0000         48.0882
  125         15.0004         16.0000         17.0000          4.0000         51.6215
  113         15.0004         16.0000         17.0000          1.0000         43.5552
  117         15.0004         16.0000         17.0000          2.0000         45.4122
  121         15.0004         16.0000         17.0000          3.0000         47.6555
  125         15.0004         16.0000         17.0000          4.0000         51.1899
  113         15.0004         16.0000         17.0000          1.0000         43.5111
  117         15.0004         16.0000         17.0000          2.0000         45.3663
  121         15.0004         16.0000         17.0000          3.0000         47.6115
  125         15.0004         16.0000         17.0000          4.0000         51.1509
  113         16.0012         16.0000         17.0000          1.0000         63.6173
  117         16.0012         16.0000         17.0000          2.0000         65.1191
  121         16.0012         16.0000         17.0000          3.0000         67.8020
  125         16.0012         16.0000         17.0000          4.0000         72.1872
  113         16.0012         16.0000         17.0000          1.0000         63.6418
  117         16.0012         16.0000         17.0000          2.0000         65.1409
  121         16.0012         16.0000         17.0000          3.0000         67.8192
  125         16.0012         16.0000         17.0000          4.0000         72.1990
  113         16.0012         16.0000         17.0000          1.0000         63.6571
  117         16.0012         16.0000         17.0000          2.0000         65.1548
  121         16.0012         16.0000         17.0000          3.0000         67.8312
  125         16.0012         16.0000         17.0000          4.0000         72.2087
  113         17.0004         16.0000         17.0000          1.0000         41.1192
  117         17.0004         16.0000         17.0000          2.0000         55.4538
  121         17.0004         16.0000         17.0000          3.0000         58.4888
  125         17.0004         16.0000         17.0000          4.0000         62.9434
  113         17.0004         16.0000         17.0000          1.0000         41.4466
  117         17.0004         16.0000         17.0000          2.0000         55.7872
  121         17.0004         16.0000         17.0000          3.0000         58.8099
  125         17.0004         16.0000         17.0000          4.0000         63.2428
  113         17.0004         16.0000         17.0000          1.0000         41.4952
  117         17.0004         16.0000         17.0000          2.0000         55.8371
  121         17.0004         16.0000         17.0000          3.0000         58.8561
  125         17.0004         16.0000         17.0000          4.0000         63.2830
  113         17.0004         16.0000         17.0000          1.0000         41.5070
  117         17.0004         16.0000         17.0000          2.0000         55.8482
  121         17.0004         16.0000         17.0000          3.0000         58.8659
  125         17.0004         16.0000         17.0000          4.0000         63.2911
  113         18.0037         16.0000         17.0000          1.0000         31.2168
  117         18.0037         16.0000         17.0000          2.0000         36.2293
  121         18.0037         16.0000         17.0000          3.0000         45.1194
  125         18.0037         16.0000         17.0000          4.0000         55.4455
  113         18.0037         16.0000         17.0000          1.0000         30.9881
  117         18.0037         16.0000         17.0000          2.0000         35.9930
  121         18.0037         16.0000         17.0000          3.0000         44.8803
  125         18.0037         16.0000         17.0000          4.0000         55.2097
  113         18.0037         16.0000         17.0000          1.0000         30.9631
  117         18.0037         16.0000         17.0000          2.0000         35.9670
  121         18.0037         16.0000         17.0000          3.0000         44.8548
  125         18.0037         16.0000         17.0000          4.0000         55.1863
  113         19.0012         16.0000         17.0000          1.0000         23.9004
  117         19.0012         16.0000         17.0000          2.0000         26.2971
  121         19.0012         16.0000         17.0000          3.0000         29.0086
  125         19.0012         16.0000         17.0000          4.0000         33.1141
  113         19.0012         16.0000         17.0000          1.0000         23.9069
  117         19.0012         16.0000         17.0000          2.0000         26.3013
  121         19.0012         16.0000         17.0000          3.0000         29.0102
  125         19.0012         16.0000         17.0000          4.0000         33.1121
  113         19.0012         16.0000         17.0000          1.0000         23.9095
  117         19.0012         16.0000         17.0000          2.0000         26.3039
  121         19.0012         16.0000         17.0000          3.0000         29.0126
  125         19.0012         16.0000         17.0000          4.0000         33.1142
  113         20.0036         16.0000         17.0000          1.0000         13.6151
  117         20.0036         16.0000         17.0000          2.0000         14.6204
  121         20.0036         16.0000         17.0000          3.0000         15.4643
  125         20.0036         16.0000         17.0000          4.0000         16.5934
  113         20.0036         16.0000         17.0000          1.0000         13.6208
  117         20.0036         16.0000         17.0000          2.0000         14.6244
  121         20.0036         16.0000         17.0000          3.0000         15.4661
  125         20.0036         16.0000         17.0000          4.0000         16.5928
  113         20.0036         16.0000         17.0000          1.0000         13.6230
  117         20.0036         16.0000         17.0000          2.0000         14.6267
  121         20.0036         16.0000         17.0000          3.0000         15.4682
  125         20.0036         16.0000         17.0000          4.0000         16.5946
  113         21.0011         16.0000         17.0000          1.0000         11.5844
  117         21.0011         16.0000         17.0000          2.0000         12.2493
  121         21.0011         16.0000         17.0000          3.0000         12.7064
  125         21.0011         16.0000         17.0000          4.0000         13.3554
  113         21.0011         16.0000         17.0000          1.0000         11.5863
  117         21.0011         16.0000         17.0000          2.0000         12.2497
  121         21.0011         16.0000         17.0000          3.0000         12.7049
  125         21.0011         16.0000         17.0000          4.0000         13.3520
  113         21.0011         16.0000         17.0000          1.0000         11.5880
  117         21.0011         16.0000         17.0000          2.0000         12.2515
  121         21.0011         16.0000         17.0000          3.0000         12.7066
  125         21.0011         16.0000         17.0000          4.0000         13.3534
  113         22.0025         16.0000         17.0000          1.0000          7.2131
  117         22.0025         16.0000         17.0000          2.0000          7.5496
  121         22.0025         16.0000         17.0000          3.0000          7.7094
  125         22.0025         16.0000         17.0000          4.0000          7.8127
  113         22.0025         16.0000         17.0000          1.0000          7.2146
  117         22.0025         16.0000         17.0000          2.0000          7.5503
  121         22.0025         16.0000         17.0000          3.0000          7.7089
  125         22.0025         16.0000         17.0000          4.0000          7.8109
  113         22.0025         16.0000         17.0000          1.0000          7.2173
  117         22.0025         16.0000         17.0000          2.0000          7.5530
  121         22.0025         16.0000         17.0000          3.0000          7.7113
  125         22.0025         16.0000         17.0000          4.0000          7.8128
  113         23.0064         16.0000         17.0000          1.0000          5.1237
  117         23.0064         16.0000         17.0000          2.0000          5.3393
  121         23.0064         16.0000         17.0000          3.0000          5.3976
  125         23.0064         16.0000         17.0000          4.0000          5.3351
  113         23.0064         16.0000         17.0000          1.0000          5.1227
  117         23.0064         16.0000         17.0000          2.0000          5.3377
  121         23.0064         16.0000         17.0000          3.0000          5.3950
  125         23.0064         16.0000         17.0000          4.0000          5.3315
  113         23.0064         16.0000         17.0000          1.0000          5.1256
  117         23.0064         16.0000         17.0000          2.0000          5.3405
  121         23.0064         16.0000         17.0000          3.0000          5.3975
  125         23.0064         16.0000         17.0000          4.0000          5.3335
