   82          1.0013         21.0000         18.0000          1.0000          0.0000
   83          1.0013         21.0000         19.0000          1.0000          0.0000
   84          1.0013         21.0000         20.0000          1.0000          0.0000
   86          1.0013         21.0000         18.0000          2.0000          0.0000
   87          1.0013         21.0000         19.0000          2.0000          0.0000
   88          1.0013         21.0000         20.0000          2.0000          0.0000
   90          1.0013         21.0000         18.0000          3.0000          0.0000
   91          1.0013         21.0000         19.0000          3.0000          0.0000
   92          1.0013         21.0000         20.0000          3.0000          0.0000
   94          1.0013         21.0000         18.0000          4.0000          0.0000
   95          1.0013         21.0000         19.0000          4.0000          0.0000
   96          1.0013         21.0000         20.0000          4.0000          0.0000
   82          1.0013         21.0000         18.0000          1.0000          0.0000
   83          1.0013         21.0000         19.0000          1.0000          0.0000
   84          1.0013         21.0000         20.0000          1.0000          0.0000
   86          1.0013         21.0000         18.0000          2.0000          0.0000
   87          1.0013         21.0000         19.0000          2.0000          0.0000
   88          1.0013         21.0000         20.0000          2.0000          0.0000
   90          1.0013         21.0000         18.0000          3.0000          0.0000
   91          1.0013         21.0000         19.0000          3.0000          0.0000
   92          1.0013         21.0000         20.0000          3.0000          0.0000
   94          1.0013         21.0000         18.0000          4.0000          0.0000
   95          1.0013         21.0000         19.0000          4.0000          0.0000
   96          1.0013         21.0000         20.0000          4.0000          0.0000
   82          1.0013         21.0000         18.0000          1.0000          0.0000
   83          1.0013         21.0000         19.0000          1.0000          0.0000
   84          1.0013         21.0000         20.0000          1.0000          0.0000
   86          1.0013         21.0000         18.0000          2.0000          0.0000
   87          1.0013         21.0000         19.0000          2.0000          0.0000
   88          1.0013         21.0000         20.0000          2.0000          0.0000
   90          1.0013         21.0000         18.0000          3.0000          0.0000
   91          1.0013         21.0000         19.0000          3.0000          0.0000
   92          1.0013         21.0000         20.0000          3.0000          0.0000
   94          1.0013         21.0000         18.0000          4.0000          0.0000
   95          1.0013         21.0000         19.0000          4.0000          0.0000
   96          1.0013         21.0000         20.0000          4.0000          0.0000
   82          1.0085         21.0000         18.0000          1.0000          0.0000
   83          1.0085         21.0000         19.0000          1.0000          0.0000
   84          1.0085         21.0000         20.0000          1.0000          0.0000
   86          1.0085         21.0000         18.0000          2.0000          0.0000
   87          1.0085         21.0000         19.0000          2.0000          0.0000
   88          1.0085         21.0000         20.0000          2.0000          0.0000
   90          1.0085         21.0000         18.0000          3.0000          0.0000
   91          1.0085         21.0000         19.0000          3.0000          0.0000
   92          1.0085         21.0000         20.0000          3.0000          0.0000
   94          1.0085         21.0000         18.0000          4.0000          0.0000
   95          1.0085         21.0000         19.0000          4.0000          0.0000
   96          1.0085         21.0000         20.0000          4.0000          0.0000
   82          1.0085         21.0000         18.0000          1.0000          0.0000
   83          1.0085         21.0000         19.0000          1.0000          0.0000
   84          1.0085         21.0000         20.0000          1.0000          0.0000
   86          1.0085         21.0000         18.0000          2.0000          0.0000
   87          1.0085         21.0000         19.0000          2.0000          0.0000
   88          1.0085         21.0000         20.0000          2.0000          0.0000
   90          1.0085         21.0000         18.0000          3.0000          0.0000
   91          1.0085         21.0000         19.0000          3.0000          0.0000
   92          1.0085         21.0000         20.0000          3.0000          0.0000
   94          1.0085         21.0000         18.0000          4.0000          0.0000
   95          1.0085         21.0000         19.0000          4.0000          0.0000
   96          1.0085         21.0000         20.0000          4.0000          0.0000
   82          1.0085         21.0000         18.0000          1.0000          0.0000
   83          1.0085         21.0000         19.0000          1.0000          0.0000
   84          1.0085         21.0000         20.0000          1.0000          0.0000
   86          1.0085         21.0000         18.0000          2.0000          0.0000
   87          1.0085         21.0000         19.0000          2.0000          0.0000
   88          1.0085         21.0000         20.0000          2.0000          0.0000
   90          1.0085         21.0000         18.0000          3.0000          0.0000
   91          1.0085         21.0000         19.0000          3.0000          0.0000
   92          1.0085         21.0000         20.0000          3.0000          0.0000
   94          1.0085         21.0000         18.0000          4.0000          0.0000
   95          1.0085         21.0000         19.0000          4.0000          0.0000
   96          1.0085         21.0000         20.0000          4.0000          0.0000
   82          2.0075         21.0000         18.0000          1.0000          0.0000
   83          2.0075         21.0000         19.0000          1.0000          0.0000
   84          2.0075         21.0000         20.0000          1.0000          0.0000
   86          2.0075         21.0000         18.0000          2.0000          0.0000
   87          2.0075         21.0000         19.0000          2.0000          0.0000
   88          2.0075         21.0000         20.0000          2.0000          0.0000
   90          2.0075         21.0000         18.0000          3.0000          0.0000
   91          2.0075         21.0000         19.0000          3.0000          0.0000
   92          2.0075         21.0000         20.0000          3.0000          0.0000
   94          2.0075         21.0000         18.0000          4.0000          0.0000
   95          2.0075         21.0000         19.0000          4.0000          0.0000
   96          2.0075         21.0000         20.0000          4.0000          0.0000
   82          2.0075         21.0000         18.0000          1.0000          0.0000
   83          2.0075         21.0000         19.0000          1.0000          0.0000
   84          2.0075         21.0000         20.0000          1.0000          0.0000
   86          2.0075         21.0000         18.0000          2.0000          0.0000
   87          2.0075         21.0000         19.0000          2.0000          0.0000
   88          2.0075         21.0000         20.0000          2.0000          0.0000
   90          2.0075         21.0000         18.0000          3.0000          0.0000
   91          2.0075         21.0000         19.0000          3.0000          0.0000
   92          2.0075         21.0000         20.0000          3.0000          0.0000
   94          2.0075         21.0000         18.0000          4.0000          0.0000
   95          2.0075         21.0000         19.0000          4.0000          0.0000
   96          2.0075         21.0000         20.0000          4.0000          0.0000
   82          2.0075         21.0000         18.0000          1.0000          0.0000
   83          2.0075         21.0000         19.0000          1.0000          0.0000
   84          2.0075         21.0000         20.0000          1.0000          0.0000
   86          2.0075         21.0000         18.0000          2.0000          0.0000
   87          2.0075         21.0000         19.0000          2.0000          0.0000
   88          2.0075         21.0000         20.0000          2.0000          0.0000
   90          2.0075         21.0000         18.0000          3.0000          0.0000
   91          2.0075         21.0000         19.0000          3.0000          0.0000
   92          2.0075         21.0000         20.0000          3.0000          0.0000
   94          2.0075         21.0000         18.0000          4.0000          0.0000
   95          2.0075         21.0000         19.0000          4.0000          0.0000
   96          2.0075         21.0000         20.0000          4.0000          0.0000
   82          3.0133         21.0000         18.0000          1.0000          0.0000
   83          3.0133         21.0000         19.0000          1.0000          0.0000
   84          3.0133         21.0000         20.0000          1.0000          0.0000
   86          3.0133         21.0000         18.0000          2.0000          0.0000
   87          3.0133         21.0000         19.0000          2.0000          0.0000
   88          3.0133         21.0000         20.0000          2.0000          0.0000
   90          3.0133         21.0000         18.0000          3.0000          0.0000
   91          3.0133         21.0000         19.0000          3.0000          0.0000
   92          3.0133         21.0000         20.0000          3.0000          0.0000
   94          3.0133         21.0000         18.0000          4.0000          0.0000
   95          3.0133         21.0000         19.0000          4.0000          0.0000
   96          3.0133         21.0000         20.0000          4.0000          0.0000
   82          3.0133         21.0000         18.0000          1.0000          0.0000
   83          3.0133         21.0000         19.0000          1.0000          0.0000
   84          3.0133         21.0000         20.0000          1.0000          0.0000
   86          3.0133         21.0000         18.0000          2.0000          0.0000
   87          3.0133         21.0000         19.0000          2.0000          0.0000
   88          3.0133         21.0000         20.0000          2.0000          0.0000
   90          3.0133         21.0000         18.0000          3.0000          0.0000
   91          3.0133         21.0000         19.0000          3.0000          0.0000
   92          3.0133         21.0000         20.0000          3.0000          0.0000
   94          3.0133         21.0000         18.0000          4.0000          0.0000
   95          3.0133         21.0000         19.0000          4.0000          0.0000
   96          3.0133         21.0000         20.0000          4.0000          0.0000
   82          3.0133         21.0000         18.0000          1.0000          0.0000
   83          3.0133         21.0000         19.0000          1.0000          0.0000
   84          3.0133         21.0000         20.0000          1.0000          0.0000
   86          3.0133         21.0000         18.0000          2.0000          0.0000
   87          3.0133         21.0000         19.0000          2.0000          0.0000
   88          3.0133         21.0000         20.0000          2.0000          0.0000
   90          3.0133         21.0000         18.0000          3.0000          0.0000
   91          3.0133         21.0000         19.0000          3.0000          0.0000
   92          3.0133         21.0000         20.0000          3.0000          0.0000
   94          3.0133         21.0000         18.0000          4.0000          0.0000
   95          3.0133         21.0000         19.0000          4.0000          0.0000
   96          3.0133         21.0000         20.0000          4.0000          0.0000
   82          4.0157         21.0000         18.0000          1.0000          0.0000
   83          4.0157         21.0000         19.0000          1.0000          0.0000
   84          4.0157         21.0000         20.0000          1.0000          0.0000
   86          4.0157         21.0000         18.0000          2.0000          0.0000
   87          4.0157         21.0000         19.0000          2.0000          0.0000
   88          4.0157         21.0000         20.0000          2.0000          0.0000
   90          4.0157         21.0000         18.0000          3.0000          0.0000
   91          4.0157         21.0000         19.0000          3.0000          0.0000
   92          4.0157         21.0000         20.0000          3.0000          0.0000
   94          4.0157         21.0000         18.0000          4.0000          0.0000
   95          4.0157         21.0000         19.0000          4.0000          0.0000
   96          4.0157         21.0000         20.0000          4.0000          0.0000
   82          4.0157         21.0000         18.0000          1.0000          0.0000
   83          4.0157         21.0000         19.0000          1.0000          0.0000
   84          4.0157         21.0000         20.0000          1.0000          0.0000
   86          4.0157         21.0000         18.0000          2.0000          0.0000
   87          4.0157         21.0000         19.0000          2.0000          0.0000
   88          4.0157         21.0000         20.0000          2.0000          0.0000
   90          4.0157         21.0000         18.0000          3.0000          0.0000
   91          4.0157         21.0000         19.0000          3.0000          0.0000
   92          4.0157         21.0000         20.0000          3.0000          0.0000
   94          4.0157         21.0000         18.0000          4.0000          0.0000
   95          4.0157         21.0000         19.0000          4.0000          0.0000
   96          4.0157         21.0000         20.0000          4.0000          0.0000
   82          4.0157         21.0000         18.0000          1.0000          0.0000
   83          4.0157         21.0000         19.0000          1.0000          0.0000
   84          4.0157         21.0000         20.0000          1.0000          0.0000
   86          4.0157         21.0000         18.0000          2.0000          0.0000
   87          4.0157         21.0000         19.0000          2.0000          0.0000
   88          4.0157         21.0000         20.0000          2.0000          0.0000
   90          4.0157         21.0000         18.0000          3.0000          0.0000
   91          4.0157         21.0000         19.0000          3.0000          0.0000
   92          4.0157         21.0000         20.0000          3.0000          0.0000
   94          4.0157         21.0000         18.0000          4.0000          0.0000
   95          4.0157         21.0000         19.0000          4.0000          0.0000
   96          4.0157         21.0000         20.0000          4.0000          0.0000
   82          5.0182         21.0000         18.0000          1.0000          0.0000
   83          5.0182         21.0000         19.0000          1.0000          0.0000
   84          5.0182         21.0000         20.0000          1.0000          0.0000
   86          5.0182         21.0000         18.0000          2.0000          0.0000
   87          5.0182         21.0000         19.0000          2.0000          0.0000
   88          5.0182         21.0000         20.0000          2.0000          0.0000
   90          5.0182         21.0000         18.0000          3.0000          0.0000
   91          5.0182         21.0000         19.0000          3.0000          0.0000
   92          5.0182         21.0000         20.0000          3.0000          0.0000
   94          5.0182         21.0000         18.0000          4.0000          0.0000
   95          5.0182         21.0000         19.0000          4.0000          0.0000
   96          5.0182         21.0000         20.0000          4.0000          0.0000
   82          5.0182         21.0000         18.0000          1.0000          0.0000
   83          5.0182         21.0000         19.0000          1.0000          0.0000
   84          5.0182         21.0000         20.0000          1.0000          0.0000
   86          5.0182         21.0000         18.0000          2.0000          0.0000
   87          5.0182         21.0000         19.0000          2.0000          0.0000
   88          5.0182         21.0000         20.0000          2.0000          0.0000
   90          5.0182         21.0000         18.0000          3.0000          0.0000
   91          5.0182         21.0000         19.0000          3.0000          0.0000
   92          5.0182         21.0000         20.0000          3.0000          0.0000
   94          5.0182         21.0000         18.0000          4.0000          0.0000
   95          5.0182         21.0000         19.0000          4.0000          0.0000
   96          5.0182         21.0000         20.0000          4.0000          0.0000
   82          5.0182         21.0000         18.0000          1.0000          0.0000
   83          5.0182         21.0000         19.0000          1.0000          0.0000
   84          5.0182         21.0000         20.0000          1.0000          0.0000
   86          5.0182         21.0000         18.0000          2.0000          0.0000
   87          5.0182         21.0000         19.0000          2.0000          0.0000
   88          5.0182         21.0000         20.0000          2.0000          0.0000
   90          5.0182         21.0000         18.0000          3.0000          0.0000
   91          5.0182         21.0000         19.0000          3.0000          0.0000
   92          5.0182         21.0000         20.0000          3.0000          0.0000
   94          5.0182         21.0000         18.0000          4.0000          0.0000
   95          5.0182         21.0000         19.0000          4.0000          0.0000
   96          5.0182         21.0000         20.0000          4.0000          0.0000
   82          6.0271         21.0000         18.0000          1.0000          0.0000
   83          6.0271         21.0000         19.0000          1.0000          0.0000
   84          6.0271         21.0000         20.0000          1.0000          0.0000
   86          6.0271         21.0000         18.0000          2.0000          0.0000
   87          6.0271         21.0000         19.0000          2.0000          0.0000
   88          6.0271         21.0000         20.0000          2.0000          0.0000
   90          6.0271         21.0000         18.0000          3.0000          0.0000
   91          6.0271         21.0000         19.0000          3.0000          0.0000
   92          6.0271         21.0000         20.0000          3.0000          0.0000
   94          6.0271         21.0000         18.0000          4.0000          0.0000
   95          6.0271         21.0000         19.0000          4.0000          0.0000
   96          6.0271         21.0000         20.0000          4.0000          0.0000
   82          6.0271         21.0000         18.0000          1.0000          0.0000
   83          6.0271         21.0000         19.0000          1.0000          0.0000
   84          6.0271         21.0000         20.0000          1.0000          0.0000
   86          6.0271         21.0000         18.0000          2.0000          0.0000
   87          6.0271         21.0000         19.0000          2.0000          0.0000
   88          6.0271         21.0000         20.0000          2.0000          0.0000
   90          6.0271         21.0000         18.0000          3.0000          0.0000
   91          6.0271         21.0000         19.0000          3.0000          0.0000
   92          6.0271         21.0000         20.0000          3.0000          0.0000
   94          6.0271         21.0000         18.0000          4.0000          0.0000
   95          6.0271         21.0000         19.0000          4.0000          0.0000
   96          6.0271         21.0000         20.0000          4.0000          0.0000
   82          6.0271         21.0000         18.0000          1.0000          0.0000
   83          6.0271         21.0000         19.0000          1.0000          0.0000
   84          6.0271         21.0000         20.0000          1.0000          0.0000
   86          6.0271         21.0000         18.0000          2.0000          0.0000
   87          6.0271         21.0000         19.0000          2.0000          0.0000
   88          6.0271         21.0000         20.0000          2.0000          0.0000
   90          6.0271         21.0000         18.0000          3.0000          0.0000
   91          6.0271         21.0000         19.0000          3.0000          0.0000
   92          6.0271         21.0000         20.0000          3.0000          0.0000
   94          6.0271         21.0000         18.0000          4.0000          0.0000
   95          6.0271         21.0000         19.0000          4.0000          0.0000
   96          6.0271         21.0000         20.0000          4.0000          0.0000
   82          7.0186         21.0000         18.0000          1.0000          0.0231
   83          7.0186         21.0000         19.0000          1.0000          0.0231
   84          7.0186         21.0000         20.0000          1.0000          0.0253
   86          7.0186         21.0000         18.0000          2.0000          0.0281
   87          7.0186         21.0000         19.0000          2.0000          0.0280
   88          7.0186         21.0000         20.0000          2.0000          0.0300
   90          7.0186         21.0000         18.0000          3.0000          0.0344
   91          7.0186         21.0000         19.0000          3.0000          0.0344
   92          7.0186         21.0000         20.0000          3.0000          0.0359
   94          7.0186         21.0000         18.0000          4.0000          0.0419
   95          7.0186         21.0000         19.0000          4.0000          0.0419
   96          7.0186         21.0000         20.0000          4.0000          0.0431
   82          7.0186         21.0000         18.0000          1.0000          0.0231
   83          7.0186         21.0000         19.0000          1.0000          0.0230
   84          7.0186         21.0000         20.0000          1.0000          0.0252
   86          7.0186         21.0000         18.0000          2.0000          0.0280
   87          7.0186         21.0000         19.0000          2.0000          0.0280
   88          7.0186         21.0000         20.0000          2.0000          0.0300
   90          7.0186         21.0000         18.0000          3.0000          0.0344
   91          7.0186         21.0000         19.0000          3.0000          0.0344
   92          7.0186         21.0000         20.0000          3.0000          0.0359
   94          7.0186         21.0000         18.0000          4.0000          0.0419
   95          7.0186         21.0000         19.0000          4.0000          0.0419
   96          7.0186         21.0000         20.0000          4.0000          0.0431
   82          7.0186         21.0000         18.0000          1.0000          0.0230
   83          7.0186         21.0000         19.0000          1.0000          0.0230
   84          7.0186         21.0000         20.0000          1.0000          0.0252
   86          7.0186         21.0000         18.0000          2.0000          0.0280
   87          7.0186         21.0000         19.0000          2.0000          0.0280
   88          7.0186         21.0000         20.0000          2.0000          0.0300
   90          7.0186         21.0000         18.0000          3.0000          0.0344
   91          7.0186         21.0000         19.0000          3.0000          0.0343
   92          7.0186         21.0000         20.0000          3.0000          0.0359
   94          7.0186         21.0000         18.0000          4.0000          0.0419
   95          7.0186         21.0000         19.0000          4.0000          0.0419
   96          7.0186         21.0000         20.0000          4.0000          0.0431
   82          8.0102         21.0000         18.0000          1.0000          1.2928
   83          8.0102         21.0000         19.0000          1.0000          1.2911
   84          8.0102         21.0000         20.0000          1.0000          1.8355
   86          8.0102         21.0000         18.0000          2.0000          1.5700
   87          8.0102         21.0000         19.0000          2.0000          1.5678
   88          8.0102         21.0000         20.0000          2.0000          2.0992
   90          8.0102         21.0000         18.0000          3.0000          1.9251
   91          8.0102         21.0000         19.0000          3.0000          1.9227
   92          8.0102         21.0000         20.0000          3.0000          2.4295
   94          8.0102         21.0000         18.0000          4.0000          2.7653
   95          8.0102         21.0000         19.0000          4.0000          2.7633
   96          8.0102         21.0000         20.0000          4.0000          3.0429
   82          8.0102         21.0000         18.0000          1.0000          1.2912
   83          8.0102         21.0000         19.0000          1.0000          1.2897
   84          8.0102         21.0000         20.0000          1.0000          1.8342
   86          8.0102         21.0000         18.0000          2.0000          1.5687
   87          8.0102         21.0000         19.0000          2.0000          1.5665
   88          8.0102         21.0000         20.0000          2.0000          2.0980
   90          8.0102         21.0000         18.0000          3.0000          1.9240
   91          8.0102         21.0000         19.0000          3.0000          1.9216
   92          8.0102         21.0000         20.0000          3.0000          2.4285
   94          8.0102         21.0000         18.0000          4.0000          2.7645
   95          8.0102         21.0000         19.0000          4.0000          2.7625
   96          8.0102         21.0000         20.0000          4.0000          3.0422
   82          8.0102         21.0000         18.0000          1.0000          1.2897
   83          8.0102         21.0000         19.0000          1.0000          1.2882
   84          8.0102         21.0000         20.0000          1.0000          1.8329
   86          8.0102         21.0000         18.0000          2.0000          1.5674
   87          8.0102         21.0000         19.0000          2.0000          1.5652
   88          8.0102         21.0000         20.0000          2.0000          2.0969
   90          8.0102         21.0000         18.0000          3.0000          1.9229
   91          8.0102         21.0000         19.0000          3.0000          1.9205
   92          8.0102         21.0000         20.0000          3.0000          2.4275
   94          8.0102         21.0000         18.0000          4.0000          2.7637
   95          8.0102         21.0000         19.0000          4.0000          2.7617
   96          8.0102         21.0000         20.0000          4.0000          3.0414
   82          9.0088         21.0000         18.0000          1.0000          6.4356
   83          9.0088         21.0000         19.0000          1.0000          6.4395
   84          9.0088         21.0000         20.0000          1.0000         20.7247
   86          9.0088         21.0000         18.0000          2.0000          7.8245
   87          9.0088         21.0000         19.0000          2.0000          7.8174
   88          9.0088         21.0000         20.0000          2.0000         21.9844
   90          9.0088         21.0000         18.0000          3.0000         23.1633
   91          9.0088         21.0000         19.0000          3.0000         23.1457
   92          9.0088         21.0000         20.0000          3.0000         30.3765
   94          9.0088         21.0000         18.0000          4.0000         38.8039
   95          9.0088         21.0000         19.0000          4.0000         38.7844
   96          9.0088         21.0000         20.0000          4.0000         39.1275
   82          9.0088         21.0000         18.0000          1.0000          6.4261
   83          9.0088         21.0000         19.0000          1.0000          6.4304
   84          9.0088         21.0000         20.0000          1.0000         20.7165
   86          9.0088         21.0000         18.0000          2.0000          7.8162
   87          9.0088         21.0000         19.0000          2.0000          7.8093
   88          9.0088         21.0000         20.0000          2.0000         21.9771
   90          9.0088         21.0000         18.0000          3.0000         23.1565
   91          9.0088         21.0000         19.0000          3.0000         23.1391
   92          9.0088         21.0000         20.0000          3.0000         30.3704
   94          9.0088         21.0000         18.0000          4.0000         38.7988
   95          9.0088         21.0000         19.0000          4.0000         38.7795
   96          9.0088         21.0000         20.0000          4.0000         39.1229
   82          9.0088         21.0000         18.0000          1.0000          6.4166
   83          9.0088         21.0000         19.0000          1.0000          6.4212
   84          9.0088         21.0000         20.0000          1.0000         20.7084
   86          9.0088         21.0000         18.0000          2.0000          7.8079
   87          9.0088         21.0000         19.0000          2.0000          7.8012
   88          9.0088         21.0000         20.0000          2.0000         21.9698
   90          9.0088         21.0000         18.0000          3.0000         23.1497
   91          9.0088         21.0000         19.0000          3.0000         23.1324
   92          9.0088         21.0000         20.0000          3.0000         30.3643
   94          9.0088         21.0000         18.0000          4.0000         38.7938
   95          9.0088         21.0000         19.0000          4.0000         38.7745
   96          9.0088         21.0000         20.0000          4.0000         39.1183
   82         10.0006         21.0000         18.0000          1.0000         11.0951
   83         10.0006         21.0000         19.0000          1.0000         11.1281
   84         10.0006         21.0000         20.0000          1.0000         36.3947
   86         10.0006         21.0000         18.0000          2.0000         61.4270
   87         10.0006         21.0000         19.0000          2.0000         61.4350
   88         10.0006         21.0000         20.0000          2.0000         62.4702
   90         10.0006         21.0000         18.0000          3.0000         64.4123
   91         10.0006         21.0000         19.0000          3.0000         64.3884
   92         10.0006         21.0000         20.0000          3.0000         65.1588
   94         10.0006         21.0000         18.0000          4.0000         67.8892
   95         10.0006         21.0000         19.0000          4.0000         67.8563
   96         10.0006         21.0000         20.0000          4.0000         68.4582
   82         10.0006         21.0000         18.0000          1.0000         11.0764
   83         10.0006         21.0000         19.0000          1.0000         11.1100
   84         10.0006         21.0000         20.0000          1.0000         36.3784
   86         10.0006         21.0000         18.0000          2.0000         61.4104
   87         10.0006         21.0000         19.0000          2.0000         61.4188
   88         10.0006         21.0000         20.0000          2.0000         62.4555
   90         10.0006         21.0000         18.0000          3.0000         64.3987
   91         10.0006         21.0000         19.0000          3.0000         64.3751
   92         10.0006         21.0000         20.0000          3.0000         65.1466
   94         10.0006         21.0000         18.0000          4.0000         67.8792
   95         10.0006         21.0000         19.0000          4.0000         67.8464
   96         10.0006         21.0000         20.0000          4.0000         68.4490
   82         10.0006         21.0000         18.0000          1.0000         11.0577
   83         10.0006         21.0000         19.0000          1.0000         11.0919
   84         10.0006         21.0000         20.0000          1.0000         36.3621
   86         10.0006         21.0000         18.0000          2.0000         61.3937
   87         10.0006         21.0000         19.0000          2.0000         61.4025
   88         10.0006         21.0000         20.0000          2.0000         62.4409
   90         10.0006         21.0000         18.0000          3.0000         64.3851
   91         10.0006         21.0000         19.0000          3.0000         64.3618
   92         10.0006         21.0000         20.0000          3.0000         65.1343
   94         10.0006         21.0000         18.0000          4.0000         67.8692
   95         10.0006         21.0000         19.0000          4.0000         67.8365
   96         10.0006         21.0000         20.0000          4.0000         68.4399
   82         11.0019         21.0000         18.0000          1.0000         51.6921
   83         11.0019         21.0000         19.0000          1.0000         51.6753
   84         11.0019         21.0000         20.0000          1.0000         53.2202
   86         11.0019         21.0000         18.0000          2.0000         54.7059
   87         11.0019         21.0000         19.0000          2.0000         54.6868
   88         11.0019         21.0000         20.0000          2.0000         56.1156
   90         11.0019         21.0000         18.0000          3.0000         58.9448
   91         11.0019         21.0000         19.0000          3.0000         58.9089
   92         11.0019         21.0000         20.0000          3.0000         60.0133
   94         11.0019         21.0000         18.0000          4.0000         64.0051
   95         11.0019         21.0000         19.0000          4.0000         63.9672
   96         11.0019         21.0000         20.0000          4.0000         64.8443
   82         11.0019         21.0000         18.0000          1.0000         51.6660
   83         11.0019         21.0000         19.0000          1.0000         51.6502
   84         11.0019         21.0000         20.0000          1.0000         53.1979
   86         11.0019         21.0000         18.0000          2.0000         54.6832
   87         11.0019         21.0000         19.0000          2.0000         54.6648
   88         11.0019         21.0000         20.0000          2.0000         56.0957
   90         11.0019         21.0000         18.0000          3.0000         58.9264
   91         11.0019         21.0000         19.0000          3.0000         58.8909
   92         11.0019         21.0000         20.0000          3.0000         59.9968
   94         11.0019         21.0000         18.0000          4.0000         63.9915
   95         11.0019         21.0000         19.0000          4.0000         63.9538
   96         11.0019         21.0000         20.0000          4.0000         64.8320
   82         11.0019         21.0000         18.0000          1.0000         51.6399
   83         11.0019         21.0000         19.0000          1.0000         51.6251
   84         11.0019         21.0000         20.0000          1.0000         53.1757
   86         11.0019         21.0000         18.0000          2.0000         54.6606
   87         11.0019         21.0000         19.0000          2.0000         54.6427
   88         11.0019         21.0000         20.0000          2.0000         56.0759
   90         11.0019         21.0000         18.0000          3.0000         58.9080
   91         11.0019         21.0000         19.0000          3.0000         58.8729
   92         11.0019         21.0000         20.0000          3.0000         59.9803
   94         11.0019         21.0000         18.0000          4.0000         63.9780
   95         11.0019         21.0000         19.0000          4.0000         63.9404
   96         11.0019         21.0000         20.0000          4.0000         64.8196
   82         12.0048         21.0000         18.0000          1.0000         19.0846
   83         12.0048         21.0000         19.0000          1.0000         19.0770
   84         12.0048         21.0000         20.0000          1.0000         20.7453
   86         12.0048         21.0000         18.0000          2.0000         23.3440
   87         12.0048         21.0000         19.0000          2.0000         23.3321
   88         12.0048         21.0000         20.0000          2.0000         24.7380
   90         12.0048         21.0000         18.0000          3.0000         27.9967
   91         12.0048         21.0000         19.0000          3.0000         27.9564
   92         12.0048         21.0000         20.0000          3.0000         28.9523
   94         12.0048         21.0000         18.0000          4.0000         33.1185
   95         12.0048         21.0000         19.0000          4.0000         33.0719
   96         12.0048         21.0000         20.0000          4.0000         33.8328
   82         12.0048         21.0000         18.0000          1.0000         19.0481
   83         12.0048         21.0000         19.0000          1.0000         19.0419
   84         12.0048         21.0000         20.0000          1.0000         20.7145
   86         12.0048         21.0000         18.0000          2.0000         23.3125
   87         12.0048         21.0000         19.0000          2.0000         23.3013
   88         12.0048         21.0000         20.0000          2.0000         24.7106
   90         12.0048         21.0000         18.0000          3.0000         27.9711
   91         12.0048         21.0000         19.0000          3.0000         27.9313
   92         12.0048         21.0000         20.0000          3.0000         28.9294
   94         12.0048         21.0000         18.0000          4.0000         33.0996
   95         12.0048         21.0000         19.0000          4.0000         33.0532
   96         12.0048         21.0000         20.0000          4.0000         33.8158
   82         12.0048         21.0000         18.0000          1.0000         19.0115
   83         12.0048         21.0000         19.0000          1.0000         19.0068
   84         12.0048         21.0000         20.0000          1.0000         20.6836
   86         12.0048         21.0000         18.0000          2.0000         23.2809
   87         12.0048         21.0000         19.0000          2.0000         23.2706
   88         12.0048         21.0000         20.0000          2.0000         24.6831
   90         12.0048         21.0000         18.0000          3.0000         27.9454
   91         12.0048         21.0000         19.0000          3.0000         27.9061
   92         12.0048         21.0000         20.0000          3.0000         28.9066
   94         12.0048         21.0000         18.0000          4.0000         33.0807
   95         12.0048         21.0000         19.0000          4.0000         33.0346
   96         12.0048         21.0000         20.0000          4.0000         33.7987
   82         12.0048         21.0000         18.0000          1.0000         18.9750
   83         12.0048         21.0000         19.0000          1.0000         18.9718
   84         12.0048         21.0000         20.0000          1.0000         20.6528
   86         12.0048         21.0000         18.0000          2.0000         23.2493
   87         12.0048         21.0000         19.0000          2.0000         23.2398
   88         12.0048         21.0000         20.0000          2.0000         24.6557
   90         12.0048         21.0000         18.0000          3.0000         27.9198
   91         12.0048         21.0000         19.0000          3.0000         27.8809
   92         12.0048         21.0000         20.0000          3.0000         28.8837
   94         12.0048         21.0000         18.0000          4.0000         33.0618
   95         12.0048         21.0000         19.0000          4.0000         33.0159
   96         12.0048         21.0000         20.0000          4.0000         33.7816
   82         13.0003         21.0000         18.0000          1.0000         19.0605
   83         13.0003         21.0000         19.0000          1.0000         19.0712
   84         13.0003         21.0000         20.0000          1.0000         20.9161
   86         13.0003         21.0000         18.0000          2.0000         23.4212
   87         13.0003         21.0000         19.0000          2.0000         23.3948
   88         13.0003         21.0000         20.0000          2.0000         24.7632
   90         13.0003         21.0000         18.0000          3.0000         27.7988
   91         13.0003         21.0000         19.0000          3.0000         27.7507
   92         13.0003         21.0000         20.0000          3.0000         28.7492
   94         13.0003         21.0000         18.0000          4.0000         32.7289
   95         13.0003         21.0000         19.0000          4.0000         32.6786
   96         13.0003         21.0000         20.0000          4.0000         33.4595
   82         13.0003         21.0000         18.0000          1.0000         19.0225
   83         13.0003         21.0000         19.0000          1.0000         19.0347
   84         13.0003         21.0000         20.0000          1.0000         20.8839
   86         13.0003         21.0000         18.0000          2.0000         23.3884
   87         13.0003         21.0000         19.0000          2.0000         23.3628
   88         13.0003         21.0000         20.0000          2.0000         24.7346
   90         13.0003         21.0000         18.0000          3.0000         27.7722
   91         13.0003         21.0000         19.0000          3.0000         27.7246
   92         13.0003         21.0000         20.0000          3.0000         28.7254
   94         13.0003         21.0000         18.0000          4.0000         32.7093
   95         13.0003         21.0000         19.0000          4.0000         32.6593
   96         13.0003         21.0000         20.0000          4.0000         33.4417
   82         13.0003         21.0000         18.0000          1.0000         18.9846
   83         13.0003         21.0000         19.0000          1.0000         18.9983
   84         13.0003         21.0000         20.0000          1.0000         20.8518
   86         13.0003         21.0000         18.0000          2.0000         23.3556
   87         13.0003         21.0000         19.0000          2.0000         23.3308
   88         13.0003         21.0000         20.0000          2.0000         24.7060
   90         13.0003         21.0000         18.0000          3.0000         27.7456
   91         13.0003         21.0000         19.0000          3.0000         27.6984
   92         13.0003         21.0000         20.0000          3.0000         28.7017
   94         13.0003         21.0000         18.0000          4.0000         32.6896
   95         13.0003         21.0000         19.0000          4.0000         32.6399
   96         13.0003         21.0000         20.0000          4.0000         33.4239
   82         14.0007         21.0000         18.0000          1.0000         19.8776
   83         14.0007         21.0000         19.0000          1.0000         19.8420
   84         14.0007         21.0000         20.0000          1.0000         21.5440
   86         14.0007         21.0000         18.0000          2.0000         23.8773
   87         14.0007         21.0000         19.0000          2.0000         23.8357
   88         14.0007         21.0000         20.0000          2.0000         25.3374
   90         14.0007         21.0000         18.0000          3.0000         28.6758
   91         14.0007         21.0000         19.0000          3.0000         28.6308
   92         14.0007         21.0000         20.0000          3.0000         29.7867
   94         14.0007         21.0000         18.0000          4.0000         34.2960
   95         14.0007         21.0000         19.0000          4.0000         34.2555
   96         14.0007         21.0000         20.0000          4.0000         35.1790
   82         14.0007         21.0000         18.0000          1.0000         19.8455
   83         14.0007         21.0000         19.0000          1.0000         19.8112
   84         14.0007         21.0000         20.0000          1.0000         21.5170
   86         14.0007         21.0000         18.0000          2.0000         23.8498
   87         14.0007         21.0000         19.0000          2.0000         23.8089
   88         14.0007         21.0000         20.0000          2.0000         25.3134
   90         14.0007         21.0000         18.0000          3.0000         28.6535
   91         14.0007         21.0000         19.0000          3.0000         28.6089
   92         14.0007         21.0000         20.0000          3.0000         29.7668
   94         14.0007         21.0000         18.0000          4.0000         34.2796
   95         14.0007         21.0000         19.0000          4.0000         34.2393
   96         14.0007         21.0000         20.0000          4.0000         35.1641
   82         14.0007         21.0000         18.0000          1.0000         19.8133
   83         14.0007         21.0000         19.0000          1.0000         19.7804
   84         14.0007         21.0000         20.0000          1.0000         21.4899
   86         14.0007         21.0000         18.0000          2.0000         23.8222
   87         14.0007         21.0000         19.0000          2.0000         23.7820
   88         14.0007         21.0000         20.0000          2.0000         25.2894
   90         14.0007         21.0000         18.0000          3.0000         28.6312
   91         14.0007         21.0000         19.0000          3.0000         28.5870
   92         14.0007         21.0000         20.0000          3.0000         29.7468
   94         14.0007         21.0000         18.0000          4.0000         34.2632
   95         14.0007         21.0000         19.0000          4.0000         34.2231
   96         14.0007         21.0000         20.0000          4.0000         35.1491
   82         14.0007         21.0000         18.0000          1.0000         19.7812
   83         14.0007         21.0000         19.0000          1.0000         19.7496
   84         14.0007         21.0000         20.0000          1.0000         21.4628
   86         14.0007         21.0000         18.0000          2.0000         23.7947
   87         14.0007         21.0000         19.0000          2.0000         23.7552
   88         14.0007         21.0000         20.0000          2.0000         25.2654
   90         14.0007         21.0000         18.0000          3.0000         28.6089
   91         14.0007         21.0000         19.0000          3.0000         28.5651
   92         14.0007         21.0000         20.0000          3.0000         29.7269
   94         14.0007         21.0000         18.0000          4.0000         34.2468
   95         14.0007         21.0000         19.0000          4.0000         34.2069
   96         14.0007         21.0000         20.0000          4.0000         35.1342
   82         15.0004         21.0000         18.0000          1.0000         18.2740
   83         15.0004         21.0000         19.0000          1.0000         18.2501
   84         15.0004         21.0000         20.0000          1.0000         19.7653
   86         15.0004         21.0000         18.0000          2.0000         22.3974
   87         15.0004         21.0000         19.0000          2.0000         22.3682
   88         15.0004         21.0000         20.0000          2.0000         23.6169
   90         15.0004         21.0000         18.0000          3.0000         26.6060
   91         15.0004         21.0000         19.0000          3.0000         26.5567
   92         15.0004         21.0000         20.0000          3.0000         27.4383
   94         15.0004         21.0000         18.0000          4.0000         31.2134
   95         15.0004         21.0000         19.0000          4.0000         31.1613
   96         15.0004         21.0000         20.0000          4.0000         31.8355
   82         15.0004         21.0000         18.0000          1.0000         18.2360
   83         15.0004         21.0000         19.0000          1.0000         18.2137
   84         15.0004         21.0000         20.0000          1.0000         19.7333
   86         15.0004         21.0000         18.0000          2.0000         22.3646
   87         15.0004         21.0000         19.0000          2.0000         22.3362
   88         15.0004         21.0000         20.0000          2.0000         23.5884
   90         15.0004         21.0000         18.0000          3.0000         26.5793
   91         15.0004         21.0000         19.0000          3.0000         26.5305
   92         15.0004         21.0000         20.0000          3.0000         27.4146
   94         15.0004         21.0000         18.0000          4.0000         31.1938
   95         15.0004         21.0000         19.0000          4.0000         31.1419
   96         15.0004         21.0000         20.0000          4.0000         31.8177
   82         15.0004         21.0000         18.0000          1.0000         18.1980
   83         15.0004         21.0000         19.0000          1.0000         18.1772
   84         15.0004         21.0000         20.0000          1.0000         19.7012
   86         15.0004         21.0000         18.0000          2.0000         22.3318
   87         15.0004         21.0000         19.0000          2.0000         22.3042
   88         15.0004         21.0000         20.0000          2.0000         23.5599
   90         15.0004         21.0000         18.0000          3.0000         26.5527
   91         15.0004         21.0000         19.0000          3.0000         26.5044
   92         15.0004         21.0000         20.0000          3.0000         27.3909
   94         15.0004         21.0000         18.0000          4.0000         31.1741
   95         15.0004         21.0000         19.0000          4.0000         31.1226
   96         15.0004         21.0000         20.0000          4.0000         31.8000
   82         16.0012         21.0000         18.0000          1.0000         16.1711
   83         16.0012         21.0000         19.0000          1.0000         16.1665
   84         16.0012         21.0000         20.0000          1.0000         17.4491
   86         16.0012         21.0000         18.0000          2.0000         19.6435
   87         16.0012         21.0000         19.0000          2.0000         19.6410
   88         16.0012         21.0000         20.0000          2.0000         20.7067
   90         16.0012         21.0000         18.0000          3.0000         23.3884
   91         16.0012         21.0000         19.0000          3.0000         23.3545
   92         16.0012         21.0000         20.0000          3.0000         24.0665
   94         16.0012         21.0000         18.0000          4.0000         27.3922
   95         16.0012         21.0000         19.0000          4.0000         27.3480
   96         16.0012         21.0000         20.0000          4.0000         27.8738
   82         16.0012         21.0000         18.0000          1.0000         16.1365
   83         16.0012         21.0000         19.0000          1.0000         16.1332
   84         16.0012         21.0000         20.0000          1.0000         17.4200
   86         16.0012         21.0000         18.0000          2.0000         19.6137
   87         16.0012         21.0000         19.0000          2.0000         19.6120
   88         16.0012         21.0000         20.0000          2.0000         20.6809
   90         16.0012         21.0000         18.0000          3.0000         23.3642
   91         16.0012         21.0000         19.0000          3.0000         23.3308
   92         16.0012         21.0000         20.0000          3.0000         24.0451
   94         16.0012         21.0000         18.0000          4.0000         27.3744
   95         16.0012         21.0000         19.0000          4.0000         27.3305
   96         16.0012         21.0000         20.0000          4.0000         27.8578
   82         16.0012         21.0000         18.0000          1.0000         16.1018
   83         16.0012         21.0000         19.0000          1.0000         16.1000
   84         16.0012         21.0000         20.0000          1.0000         17.3909
   86         16.0012         21.0000         18.0000          2.0000         19.5839
   87         16.0012         21.0000         19.0000          2.0000         19.5830
   88         16.0012         21.0000         20.0000          2.0000         20.6551
   90         16.0012         21.0000         18.0000          3.0000         23.3401
   91         16.0012         21.0000         19.0000          3.0000         23.3071
   92         16.0012         21.0000         20.0000          3.0000         24.0237
   94         16.0012         21.0000         18.0000          4.0000         27.3566
   95         16.0012         21.0000         19.0000          4.0000         27.3130
   96         16.0012         21.0000         20.0000          4.0000         27.8418
   82         17.0004         21.0000         18.0000          1.0000         11.9746
   83         17.0004         21.0000         19.0000          1.0000         11.9659
   84         17.0004         21.0000         20.0000          1.0000         13.0263
   86         17.0004         21.0000         18.0000          2.0000         14.5697
   87         17.0004         21.0000         19.0000          2.0000         14.5601
   88         17.0004         21.0000         20.0000          2.0000         15.4840
   90         17.0004         21.0000         18.0000          3.0000         17.7066
   91         17.0004         21.0000         19.0000          3.0000         17.6853
   92         17.0004         21.0000         20.0000          3.0000         18.3633
   94         17.0004         21.0000         18.0000          4.0000         21.2576
   95         17.0004         21.0000         19.0000          4.0000         21.2330
   96         17.0004         21.0000         20.0000          4.0000         21.7586
   82         17.0004         21.0000         18.0000          1.0000         11.9561
   83         17.0004         21.0000         19.0000          1.0000         11.9481
   84         17.0004         21.0000         20.0000          1.0000         13.0106
   86         17.0004         21.0000         18.0000          2.0000         14.5538
   87         17.0004         21.0000         19.0000          2.0000         14.5446
   88         17.0004         21.0000         20.0000          2.0000         15.4701
   90         17.0004         21.0000         18.0000          3.0000         17.6936
   91         17.0004         21.0000         19.0000          3.0000         17.6726
   92         17.0004         21.0000         20.0000          3.0000         18.3517
   94         17.0004         21.0000         18.0000          4.0000         21.2480
   95         17.0004         21.0000         19.0000          4.0000         21.2236
   96         17.0004         21.0000         20.0000          4.0000         21.7500
   82         17.0004         21.0000         18.0000          1.0000         11.9375
   83         17.0004         21.0000         19.0000          1.0000         11.9304
   84         17.0004         21.0000         20.0000          1.0000         12.9950
   86         17.0004         21.0000         18.0000          2.0000         14.5379
   87         17.0004         21.0000         19.0000          2.0000         14.5291
   88         17.0004         21.0000         20.0000          2.0000         15.4563
   90         17.0004         21.0000         18.0000          3.0000         17.6807
   91         17.0004         21.0000         19.0000          3.0000         17.6599
   92         17.0004         21.0000         20.0000          3.0000         18.3402
   94         17.0004         21.0000         18.0000          4.0000         21.2385
   95         17.0004         21.0000         19.0000          4.0000         21.2142
   96         17.0004         21.0000         20.0000          4.0000         21.7414
   82         17.0004         21.0000         18.0000          1.0000         11.9190
   83         17.0004         21.0000         19.0000          1.0000         11.9126
   84         17.0004         21.0000         20.0000          1.0000         12.9794
   86         17.0004         21.0000         18.0000          2.0000         14.5220
   87         17.0004         21.0000         19.0000          2.0000         14.5136
   88         17.0004         21.0000         20.0000          2.0000         15.4424
   90         17.0004         21.0000         18.0000          3.0000         17.6677
   91         17.0004         21.0000         19.0000          3.0000         17.6472
   92         17.0004         21.0000         20.0000          3.0000         18.3287
   94         17.0004         21.0000         18.0000          4.0000         21.2290
   95         17.0004         21.0000         19.0000          4.0000         21.2048
   96         17.0004         21.0000         20.0000          4.0000         21.7327
   82         18.0037         21.0000         18.0000          1.0000          7.4191
   83         18.0037         21.0000         19.0000          1.0000          7.4157
   84         18.0037         21.0000         20.0000          1.0000          8.0888
   86         18.0037         21.0000         18.0000          2.0000          9.0517
   87         18.0037         21.0000         19.0000          2.0000          9.0485
   88         18.0037         21.0000         20.0000          2.0000          9.6361
   90         18.0037         21.0000         18.0000          3.0000         11.0419
   91         18.0037         21.0000         19.0000          3.0000         11.0296
   92         18.0037         21.0000         20.0000          3.0000         11.4560
   94         18.0037         21.0000         18.0000          4.0000         13.2820
   95         18.0037         21.0000         19.0000          4.0000         13.2635
   96         18.0037         21.0000         20.0000          4.0000         13.5850
   82         18.0037         21.0000         18.0000          1.0000          7.4073
   83         18.0037         21.0000         19.0000          1.0000          7.4043
   84         18.0037         21.0000         20.0000          1.0000          8.0788
   86         18.0037         21.0000         18.0000          2.0000          9.0415
   87         18.0037         21.0000         19.0000          2.0000          9.0385
   88         18.0037         21.0000         20.0000          2.0000          9.6272
   90         18.0037         21.0000         18.0000          3.0000         11.0336
   91         18.0037         21.0000         19.0000          3.0000         11.0214
   92         18.0037         21.0000         20.0000          3.0000         11.4486
   94         18.0037         21.0000         18.0000          4.0000         13.2758
   95         18.0037         21.0000         19.0000          4.0000         13.2575
   96         18.0037         21.0000         20.0000          4.0000         13.5795
   82         18.0037         21.0000         18.0000          1.0000          7.3955
   83         18.0037         21.0000         19.0000          1.0000          7.3930
   84         18.0037         21.0000         20.0000          1.0000          8.0688
   86         18.0037         21.0000         18.0000          2.0000          9.0312
   87         18.0037         21.0000         19.0000          2.0000          9.0286
   88         18.0037         21.0000         20.0000          2.0000          9.6183
   90         18.0037         21.0000         18.0000          3.0000         11.0253
   91         18.0037         21.0000         19.0000          3.0000         11.0133
   92         18.0037         21.0000         20.0000          3.0000         11.4412
   94         18.0037         21.0000         18.0000          4.0000         13.2697
   95         18.0037         21.0000         19.0000          4.0000         13.2514
   96         18.0037         21.0000         20.0000          4.0000         13.5739
   82         19.0012         21.0000         18.0000          1.0000          1.9950
   83         19.0012         21.0000         19.0000          1.0000          1.9927
   84         19.0012         21.0000         20.0000          1.0000          2.1796
   86         19.0012         21.0000         18.0000          2.0000          2.4226
   87         19.0012         21.0000         19.0000          2.0000          2.4200
   88         19.0012         21.0000         20.0000          2.0000          2.5877
   90         19.0012         21.0000         18.0000          3.0000          2.9666
   91         19.0012         21.0000         19.0000          3.0000          2.9636
   92         19.0012         21.0000         20.0000          3.0000          3.0933
   94         19.0012         21.0000         18.0000          4.0000          3.6046
   95         19.0012         21.0000         19.0000          4.0000          3.6016
   96         19.0012         21.0000         20.0000          4.0000          3.7050
   82         19.0012         21.0000         18.0000          1.0000          1.9925
   83         19.0012         21.0000         19.0000          1.0000          1.9902
   84         19.0012         21.0000         20.0000          1.0000          2.1775
   86         19.0012         21.0000         18.0000          2.0000          2.4204
   87         19.0012         21.0000         19.0000          2.0000          2.4179
   88         19.0012         21.0000         20.0000          2.0000          2.5858
   90         19.0012         21.0000         18.0000          3.0000          2.9648
   91         19.0012         21.0000         19.0000          3.0000          2.9618
   92         19.0012         21.0000         20.0000          3.0000          3.0917
   94         19.0012         21.0000         18.0000          4.0000          3.6033
   95         19.0012         21.0000         19.0000          4.0000          3.6003
   96         19.0012         21.0000         20.0000          4.0000          3.7038
   82         19.0012         21.0000         18.0000          1.0000          1.9899
   83         19.0012         21.0000         19.0000          1.0000          1.9878
   84         19.0012         21.0000         20.0000          1.0000          2.1753
   86         19.0012         21.0000         18.0000          2.0000          2.4182
   87         19.0012         21.0000         19.0000          2.0000          2.4157
   88         19.0012         21.0000         20.0000          2.0000          2.5839
   90         19.0012         21.0000         18.0000          3.0000          2.9631
   91         19.0012         21.0000         19.0000          3.0000          2.9601
   92         19.0012         21.0000         20.0000          3.0000          3.0901
   94         19.0012         21.0000         18.0000          4.0000          3.6019
   95         19.0012         21.0000         19.0000          4.0000          3.5990
   96         19.0012         21.0000         20.0000          4.0000          3.7027
   82         20.0036         21.0000         18.0000          1.0000          0.0000
   83         20.0036         21.0000         19.0000          1.0000          0.0000
   84         20.0036         21.0000         20.0000          1.0000          0.0000
   86         20.0036         21.0000         18.0000          2.0000          0.0000
   87         20.0036         21.0000         19.0000          2.0000          0.0000
   88         20.0036         21.0000         20.0000          2.0000          0.0000
   90         20.0036         21.0000         18.0000          3.0000          0.0000
   91         20.0036         21.0000         19.0000          3.0000          0.0000
   92         20.0036         21.0000         20.0000          3.0000          0.0000
   94         20.0036         21.0000         18.0000          4.0000          0.0000
   95         20.0036         21.0000         19.0000          4.0000          0.0000
   96         20.0036         21.0000         20.0000          4.0000          0.0000
   82         20.0036         21.0000         18.0000          1.0000          0.0000
   83         20.0036         21.0000         19.0000          1.0000          0.0000
   84         20.0036         21.0000         20.0000          1.0000          0.0000
   86         20.0036         21.0000         18.0000          2.0000          0.0000
   87         20.0036         21.0000         19.0000          2.0000          0.0000
   88         20.0036         21.0000         20.0000          2.0000          0.0000
   90         20.0036         21.0000         18.0000          3.0000          0.0000
   91         20.0036         21.0000         19.0000          3.0000          0.0000
   92         20.0036         21.0000         20.0000          3.0000          0.0000
   94         20.0036         21.0000         18.0000          4.0000          0.0000
   95         20.0036         21.0000         19.0000          4.0000          0.0000
   96         20.0036         21.0000         20.0000          4.0000          0.0000
   82         20.0036         21.0000         18.0000          1.0000          0.0000
   83         20.0036         21.0000         19.0000          1.0000          0.0000
   84         20.0036         21.0000         20.0000          1.0000          0.0000
   86         20.0036         21.0000         18.0000          2.0000          0.0000
   87         20.0036         21.0000         19.0000          2.0000          0.0000
   88         20.0036         21.0000         20.0000          2.0000          0.0000
   90         20.0036         21.0000         18.0000          3.0000          0.0000
   91         20.0036         21.0000         19.0000          3.0000          0.0000
   92         20.0036         21.0000         20.0000          3.0000          0.0000
   94         20.0036         21.0000         18.0000          4.0000          0.0000
   95         20.0036         21.0000         19.0000          4.0000          0.0000
   96         20.0036         21.0000         20.0000          4.0000          0.0000
   82         21.0011         21.0000         18.0000          1.0000          0.0000
   83         21.0011         21.0000         19.0000          1.0000          0.0000
   84         21.0011         21.0000         20.0000          1.0000          0.0000
   86         21.0011         21.0000         18.0000          2.0000          0.0000
   87         21.0011         21.0000         19.0000          2.0000          0.0000
   88         21.0011         21.0000         20.0000          2.0000          0.0000
   90         21.0011         21.0000         18.0000          3.0000          0.0000
   91         21.0011         21.0000         19.0000          3.0000          0.0000
   92         21.0011         21.0000         20.0000          3.0000          0.0000
   94         21.0011         21.0000         18.0000          4.0000          0.0000
   95         21.0011         21.0000         19.0000          4.0000          0.0000
   96         21.0011         21.0000         20.0000          4.0000          0.0000
   82         21.0011         21.0000         18.0000          1.0000          0.0000
   83         21.0011         21.0000         19.0000          1.0000          0.0000
   84         21.0011         21.0000         20.0000          1.0000          0.0000
   86         21.0011         21.0000         18.0000          2.0000          0.0000
   87         21.0011         21.0000         19.0000          2.0000          0.0000
   88         21.0011         21.0000         20.0000          2.0000          0.0000
   90         21.0011         21.0000         18.0000          3.0000          0.0000
   91         21.0011         21.0000         19.0000          3.0000          0.0000
   92         21.0011         21.0000         20.0000          3.0000          0.0000
   94         21.0011         21.0000         18.0000          4.0000          0.0000
   95         21.0011         21.0000         19.0000          4.0000          0.0000
   96         21.0011         21.0000         20.0000          4.0000          0.0000
   82         21.0011         21.0000         18.0000          1.0000          0.0000
   83         21.0011         21.0000         19.0000          1.0000          0.0000
   84         21.0011         21.0000         20.0000          1.0000          0.0000
   86         21.0011         21.0000         18.0000          2.0000          0.0000
   87         21.0011         21.0000         19.0000          2.0000          0.0000
   88         21.0011         21.0000         20.0000          2.0000          0.0000
   90         21.0011         21.0000         18.0000          3.0000          0.0000
   91         21.0011         21.0000         19.0000          3.0000          0.0000
   92         21.0011         21.0000         20.0000          3.0000          0.0000
   94         21.0011         21.0000         18.0000          4.0000          0.0000
   95         21.0011         21.0000         19.0000          4.0000          0.0000
   96         21.0011         21.0000         20.0000          4.0000          0.0000
   82         22.0025         21.0000         18.0000          1.0000          0.0000
   83         22.0025         21.0000         19.0000          1.0000          0.0000
   84         22.0025         21.0000         20.0000          1.0000          0.0000
   86         22.0025         21.0000         18.0000          2.0000          0.0000
   87         22.0025         21.0000         19.0000          2.0000          0.0000
   88         22.0025         21.0000         20.0000          2.0000          0.0000
   90         22.0025         21.0000         18.0000          3.0000          0.0000
   91         22.0025         21.0000         19.0000          3.0000          0.0000
   92         22.0025         21.0000         20.0000          3.0000          0.0000
   94         22.0025         21.0000         18.0000          4.0000          0.0000
   95         22.0025         21.0000         19.0000          4.0000          0.0000
   96         22.0025         21.0000         20.0000          4.0000          0.0000
   82         22.0025         21.0000         18.0000          1.0000          0.0000
   83         22.0025         21.0000         19.0000          1.0000          0.0000
   84         22.0025         21.0000         20.0000          1.0000          0.0000
   86         22.0025         21.0000         18.0000          2.0000          0.0000
   87         22.0025         21.0000         19.0000          2.0000          0.0000
   88         22.0025         21.0000         20.0000          2.0000          0.0000
   90         22.0025         21.0000         18.0000          3.0000          0.0000
   91         22.0025         21.0000         19.0000          3.0000          0.0000
   92         22.0025         21.0000         20.0000          3.0000          0.0000
   94         22.0025         21.0000         18.0000          4.0000          0.0000
   95         22.0025         21.0000         19.0000          4.0000          0.0000
   96         22.0025         21.0000         20.0000          4.0000          0.0000
   82         22.0025         21.0000         18.0000          1.0000          0.0000
   83         22.0025         21.0000         19.0000          1.0000          0.0000
   84         22.0025         21.0000         20.0000          1.0000          0.0000
   86         22.0025         21.0000         18.0000          2.0000          0.0000
   87         22.0025         21.0000         19.0000          2.0000          0.0000
   88         22.0025         21.0000         20.0000          2.0000          0.0000
   90         22.0025         21.0000         18.0000          3.0000          0.0000
   91         22.0025         21.0000         19.0000          3.0000          0.0000
   92         22.0025         21.0000         20.0000          3.0000          0.0000
   94         22.0025         21.0000         18.0000          4.0000          0.0000
   95         22.0025         21.0000         19.0000          4.0000          0.0000
   96         22.0025         21.0000         20.0000          4.0000          0.0000
   82         23.0064         21.0000         18.0000          1.0000          0.0000
   83         23.0064         21.0000         19.0000          1.0000          0.0000
   84         23.0064         21.0000         20.0000          1.0000          0.0000
   86         23.0064         21.0000         18.0000          2.0000          0.0000
   87         23.0064         21.0000         19.0000          2.0000          0.0000
   88         23.0064         21.0000         20.0000          2.0000          0.0000
   90         23.0064         21.0000         18.0000          3.0000          0.0000
   91         23.0064         21.0000         19.0000          3.0000          0.0000
   92         23.0064         21.0000         20.0000          3.0000          0.0000
   94         23.0064         21.0000         18.0000          4.0000          0.0000
   95         23.0064         21.0000         19.0000          4.0000          0.0000
   96         23.0064         21.0000         20.0000          4.0000          0.0000
   82         23.0064         21.0000         18.0000          1.0000          0.0000
   83         23.0064         21.0000         19.0000          1.0000          0.0000
   84         23.0064         21.0000         20.0000          1.0000          0.0000
   86         23.0064         21.0000         18.0000          2.0000          0.0000
   87         23.0064         21.0000         19.0000          2.0000          0.0000
   88         23.0064         21.0000         20.0000          2.0000          0.0000
   90         23.0064         21.0000         18.0000          3.0000          0.0000
   91         23.0064         21.0000         19.0000          3.0000          0.0000
   92         23.0064         21.0000         20.0000          3.0000          0.0000
   94         23.0064         21.0000         18.0000          4.0000          0.0000
   95         23.0064         21.0000         19.0000          4.0000          0.0000
   96         23.0064         21.0000         20.0000          4.0000          0.0000
   82         23.0064         21.0000         18.0000          1.0000          0.0000
   83         23.0064         21.0000         19.0000          1.0000          0.0000
   84         23.0064         21.0000         20.0000          1.0000          0.0000
   86         23.0064         21.0000         18.0000          2.0000          0.0000
   87         23.0064         21.0000         19.0000          2.0000          0.0000
   88         23.0064         21.0000         20.0000          2.0000          0.0000
   90         23.0064         21.0000         18.0000          3.0000          0.0000
   91         23.0064         21.0000         19.0000          3.0000          0.0000
   92         23.0064         21.0000         20.0000          3.0000          0.0000
   94         23.0064         21.0000         18.0000          4.0000          0.0000
   95         23.0064         21.0000         19.0000          4.0000          0.0000
   96         23.0064         21.0000         20.0000          4.0000          0.0000
