  114          1.0013         16.0000         18.0000          1.0000         -2.4097
  115          1.0013         16.0000         19.0000          1.0000         -2.4608
  116          1.0013         16.0000         20.0000          1.0000         -2.6665
  118          1.0013         16.0000         18.0000          2.0000         -3.0403
  119          1.0013         16.0000         19.0000          2.0000         -3.0825
  120          1.0013         16.0000         20.0000          2.0000         -3.2641
  122          1.0013         16.0000         18.0000          3.0000         -3.7763
  123          1.0013         16.0000         19.0000          3.0000         -3.8176
  124          1.0013         16.0000         20.0000          3.0000         -3.9548
  126          1.0013         16.0000         18.0000          4.0000         -4.6531
  127          1.0013         16.0000         19.0000          4.0000         -4.6848
  128          1.0013         16.0000         20.0000          4.0000         -4.7898
  114          1.0013         16.0000         18.0000          1.0000         -2.3894
  115          1.0013         16.0000         19.0000          1.0000         -2.4399
  116          1.0013         16.0000         20.0000          1.0000         -2.6485
  118          1.0013         16.0000         18.0000          2.0000         -3.0214
  119          1.0013         16.0000         19.0000          2.0000         -3.0633
  120          1.0013         16.0000         20.0000          2.0000         -3.2474
  122          1.0013         16.0000         18.0000          3.0000         -3.7603
  123          1.0013         16.0000         19.0000          3.0000         -3.8013
  124          1.0013         16.0000         20.0000          3.0000         -3.9405
  126          1.0013         16.0000         18.0000          4.0000         -4.6411
  127          1.0013         16.0000         19.0000          4.0000         -4.6727
  128          1.0013         16.0000         20.0000          4.0000         -4.7792
  114          1.0013         16.0000         18.0000          1.0000         -2.3792
  115          1.0013         16.0000         19.0000          1.0000         -2.4295
  116          1.0013         16.0000         20.0000          1.0000         -2.6393
  118          1.0013         16.0000         18.0000          2.0000         -3.0114
  119          1.0013         16.0000         19.0000          2.0000         -3.0531
  120          1.0013         16.0000         20.0000          2.0000         -3.2383
  122          1.0013         16.0000         18.0000          3.0000         -3.7513
  123          1.0013         16.0000         19.0000          3.0000         -3.7921
  124          1.0013         16.0000         20.0000          3.0000         -3.9323
  126          1.0013         16.0000         18.0000          4.0000         -4.6339
  127          1.0013         16.0000         19.0000          4.0000         -4.6654
  128          1.0013         16.0000         20.0000          4.0000         -4.7726
  114          1.0085         16.0000         18.0000          1.0000         -2.4120
  115          1.0085         16.0000         19.0000          1.0000         -2.4631
  116          1.0085         16.0000         20.0000          1.0000         -2.6689
  118          1.0085         16.0000         18.0000          2.0000         -3.0423
  119          1.0085         16.0000         19.0000          2.0000         -3.0846
  120          1.0085         16.0000         20.0000          2.0000         -3.2662
  122          1.0085         16.0000         18.0000          3.0000         -3.7779
  123          1.0085         16.0000         19.0000          3.0000         -3.8192
  124          1.0085         16.0000         20.0000          3.0000         -3.9564
  126          1.0085         16.0000         18.0000          4.0000         -4.6544
  127          1.0085         16.0000         19.0000          4.0000         -4.6862
  128          1.0085         16.0000         20.0000          4.0000         -4.7911
  114          1.0085         16.0000         18.0000          1.0000         -2.3936
  115          1.0085         16.0000         19.0000          1.0000         -2.4442
  116          1.0085         16.0000         20.0000          1.0000         -2.6528
  118          1.0085         16.0000         18.0000          2.0000         -3.0259
  119          1.0085         16.0000         19.0000          2.0000         -3.0678
  120          1.0085         16.0000         20.0000          2.0000         -3.2517
  122          1.0085         16.0000         18.0000          3.0000         -3.7647
  123          1.0085         16.0000         19.0000          3.0000         -3.8058
  124          1.0085         16.0000         20.0000          3.0000         -3.9448
  126          1.0085         16.0000         18.0000          4.0000         -4.6455
  127          1.0085         16.0000         19.0000          4.0000         -4.6771
  128          1.0085         16.0000         20.0000          4.0000         -4.7834
  114          1.0085         16.0000         18.0000          1.0000         -2.3830
  115          1.0085         16.0000         19.0000          1.0000         -2.4334
  116          1.0085         16.0000         20.0000          1.0000         -2.6431
  118          1.0085         16.0000         18.0000          2.0000         -3.0155
  119          1.0085         16.0000         19.0000          2.0000         -3.0573
  120          1.0085         16.0000         20.0000          2.0000         -3.2423
  122          1.0085         16.0000         18.0000          3.0000         -3.7554
  123          1.0085         16.0000         19.0000          3.0000         -3.7963
  124          1.0085         16.0000         20.0000          3.0000         -3.9362
  126          1.0085         16.0000         18.0000          4.0000         -4.6380
  127          1.0085         16.0000         19.0000          4.0000         -4.6695
  128          1.0085         16.0000         20.0000          4.0000         -4.7765
  114          2.0075         16.0000         18.0000          1.0000         -2.6228
  115          2.0075         16.0000         19.0000          1.0000         -2.6778
  116          2.0075         16.0000         20.0000          1.0000         -2.9013
  118          2.0075         16.0000         18.0000          2.0000         -3.2570
  119          2.0075         16.0000         19.0000          2.0000         -3.3011
  120          2.0075         16.0000         20.0000          2.0000         -3.4960
  122          2.0075         16.0000         18.0000          3.0000         -4.0029
  123          2.0075         16.0000         19.0000          3.0000         -4.0445
  124          2.0075         16.0000         20.0000          3.0000         -4.1914
  126          2.0075         16.0000         18.0000          4.0000         -4.9307
  127          2.0075         16.0000         19.0000          4.0000         -4.9621
  128          2.0075         16.0000         20.0000          4.0000         -5.0745
  114          2.0075         16.0000         18.0000          1.0000         -2.5970
  115          2.0075         16.0000         19.0000          1.0000         -2.6514
  116          2.0075         16.0000         20.0000          1.0000         -2.8783
  118          2.0075         16.0000         18.0000          2.0000         -3.2339
  119          2.0075         16.0000         19.0000          2.0000         -3.2777
  120          2.0075         16.0000         20.0000          2.0000         -3.4754
  122          2.0075         16.0000         18.0000          3.0000         -3.9840
  123          2.0075         16.0000         19.0000          3.0000         -4.0253
  124          2.0075         16.0000         20.0000          3.0000         -4.1744
  126          2.0075         16.0000         18.0000          4.0000         -4.9170
  127          2.0075         16.0000         19.0000          4.0000         -4.9482
  128          2.0075         16.0000         20.0000          4.0000         -5.0622
  114          2.0075         16.0000         18.0000          1.0000         -2.5873
  115          2.0075         16.0000         19.0000          1.0000         -2.6415
  116          2.0075         16.0000         20.0000          1.0000         -2.8694
  118          2.0075         16.0000         18.0000          2.0000         -3.2243
  119          2.0075         16.0000         19.0000          2.0000         -3.2679
  120          2.0075         16.0000         20.0000          2.0000         -3.4665
  122          2.0075         16.0000         18.0000          3.0000         -3.9752
  123          2.0075         16.0000         19.0000          3.0000         -4.0164
  124          2.0075         16.0000         20.0000          3.0000         -4.1663
  126          2.0075         16.0000         18.0000          4.0000         -4.9098
  127          2.0075         16.0000         19.0000          4.0000         -4.9410
  128          2.0075         16.0000         20.0000          4.0000         -5.0557
  114          3.0133         16.0000         18.0000          1.0000         -2.8902
  115          3.0133         16.0000         19.0000          1.0000         -2.9463
  116          3.0133         16.0000         20.0000          1.0000         -3.1630
  118          3.0133         16.0000         18.0000          2.0000         -3.4659
  119          3.0133         16.0000         19.0000          2.0000         -3.5097
  120          3.0133         16.0000         20.0000          2.0000         -3.6970
  122          3.0133         16.0000         18.0000          3.0000         -4.1365
  123          3.0133         16.0000         19.0000          3.0000         -4.1766
  124          3.0133         16.0000         20.0000          3.0000         -4.3176
  126          3.0133         16.0000         18.0000          4.0000         -4.9181
  127          3.0133         16.0000         19.0000          4.0000         -4.9478
  128          3.0133         16.0000         20.0000          4.0000         -5.0546
  114          3.0133         16.0000         18.0000          1.0000         -2.8694
  115          3.0133         16.0000         19.0000          1.0000         -2.9250
  116          3.0133         16.0000         20.0000          1.0000         -3.1443
  118          3.0133         16.0000         18.0000          2.0000         -3.4470
  119          3.0133         16.0000         19.0000          2.0000         -3.4905
  120          3.0133         16.0000         20.0000          2.0000         -3.6799
  122          3.0133         16.0000         18.0000          3.0000         -4.1207
  123          3.0133         16.0000         19.0000          3.0000         -4.1606
  124          3.0133         16.0000         20.0000          3.0000         -4.3033
  126          3.0133         16.0000         18.0000          4.0000         -4.9066
  127          3.0133         16.0000         19.0000          4.0000         -4.9362
  128          3.0133         16.0000         20.0000          4.0000         -5.0442
  114          3.0133         16.0000         18.0000          1.0000         -2.8571
  115          3.0133         16.0000         19.0000          1.0000         -2.9123
  116          3.0133         16.0000         20.0000          1.0000         -3.1330
  118          3.0133         16.0000         18.0000          2.0000         -3.4351
  119          3.0133         16.0000         19.0000          2.0000         -3.4784
  120          3.0133         16.0000         20.0000          2.0000         -3.6690
  122          3.0133         16.0000         18.0000          3.0000         -4.1101
  123          3.0133         16.0000         19.0000          3.0000         -4.1499
  124          3.0133         16.0000         20.0000          3.0000         -4.2936
  126          3.0133         16.0000         18.0000          4.0000         -4.8982
  127          3.0133         16.0000         19.0000          4.0000         -4.9277
  128          3.0133         16.0000         20.0000          4.0000         -5.0364
  114          4.0157         16.0000         18.0000          1.0000         -2.9435
  115          4.0157         16.0000         19.0000          1.0000         -3.0015
  116          4.0157         16.0000         20.0000          1.0000         -3.2218
  118          4.0157         16.0000         18.0000          2.0000         -3.4964
  119          4.0157         16.0000         19.0000          2.0000         -3.5408
  120          4.0157         16.0000         20.0000          2.0000         -3.7297
  122          4.0157         16.0000         18.0000          3.0000         -4.1420
  123          4.0157         16.0000         19.0000          3.0000         -4.1817
  124          4.0157         16.0000         20.0000          3.0000         -4.3240
  126          4.0157         16.0000         18.0000          4.0000         -4.9003
  127          4.0157         16.0000         19.0000          4.0000         -4.9294
  128          4.0157         16.0000         20.0000          4.0000         -5.0371
  114          4.0157         16.0000         18.0000          1.0000         -2.9247
  115          4.0157         16.0000         19.0000          1.0000         -2.9822
  116          4.0157         16.0000         20.0000          1.0000         -3.2051
  118          4.0157         16.0000         18.0000          2.0000         -3.4796
  119          4.0157         16.0000         19.0000          2.0000         -3.5237
  120          4.0157         16.0000         20.0000          2.0000         -3.7149
  122          4.0157         16.0000         18.0000          3.0000         -4.1284
  123          4.0157         16.0000         19.0000          3.0000         -4.1680
  124          4.0157         16.0000         20.0000          3.0000         -4.3120
  126          4.0157         16.0000         18.0000          4.0000         -4.8911
  127          4.0157         16.0000         19.0000          4.0000         -4.9201
  128          4.0157         16.0000         20.0000          4.0000         -5.0290
  114          4.0157         16.0000         18.0000          1.0000         -2.9128
  115          4.0157         16.0000         19.0000          1.0000         -2.9700
  116          4.0157         16.0000         20.0000          1.0000         -3.1942
  118          4.0157         16.0000         18.0000          2.0000         -3.4682
  119          4.0157         16.0000         19.0000          2.0000         -3.5121
  120          4.0157         16.0000         20.0000          2.0000         -3.7044
  122          4.0157         16.0000         18.0000          3.0000         -4.1183
  123          4.0157         16.0000         19.0000          3.0000         -4.1577
  124          4.0157         16.0000         20.0000          3.0000         -4.3027
  126          4.0157         16.0000         18.0000          4.0000         -4.8830
  127          4.0157         16.0000         19.0000          4.0000         -4.9119
  128          4.0157         16.0000         20.0000          4.0000         -5.0216
  114          5.0182         16.0000         18.0000          1.0000         -2.8505
  115          5.0182         16.0000         19.0000          1.0000         -2.9092
  116          5.0182         16.0000         20.0000          1.0000         -3.1327
  118          5.0182         16.0000         18.0000          2.0000         -3.3868
  119          5.0182         16.0000         19.0000          2.0000         -3.4311
  120          5.0182         16.0000         20.0000          2.0000         -3.6220
  122          5.0182         16.0000         18.0000          3.0000         -4.0155
  123          5.0182         16.0000         19.0000          3.0000         -4.0545
  124          5.0182         16.0000         20.0000          3.0000         -4.1983
  126          5.0182         16.0000         18.0000          4.0000         -4.7577
  127          5.0182         16.0000         19.0000          4.0000         -4.7860
  128          5.0182         16.0000         20.0000          4.0000         -4.8948
  114          5.0182         16.0000         18.0000          1.0000         -2.8309
  115          5.0182         16.0000         19.0000          1.0000         -2.8891
  116          5.0182         16.0000         20.0000          1.0000         -3.1150
  118          5.0182         16.0000         18.0000          2.0000         -3.3691
  119          5.0182         16.0000         19.0000          2.0000         -3.4131
  120          5.0182         16.0000         20.0000          2.0000         -3.6060
  122          5.0182         16.0000         18.0000          3.0000         -4.0008
  123          5.0182         16.0000         19.0000          3.0000         -4.0396
  124          5.0182         16.0000         20.0000          3.0000         -4.1851
  126          5.0182         16.0000         18.0000          4.0000         -4.7471
  127          5.0182         16.0000         19.0000          4.0000         -4.7753
  128          5.0182         16.0000         20.0000          4.0000         -4.8853
  114          5.0182         16.0000         18.0000          1.0000         -2.8188
  115          5.0182         16.0000         19.0000          1.0000         -2.8767
  116          5.0182         16.0000         20.0000          1.0000         -3.1039
  118          5.0182         16.0000         18.0000          2.0000         -3.3575
  119          5.0182         16.0000         19.0000          2.0000         -3.4013
  120          5.0182         16.0000         20.0000          2.0000         -3.5954
  122          5.0182         16.0000         18.0000          3.0000         -3.9905
  123          5.0182         16.0000         19.0000          3.0000         -4.0292
  124          5.0182         16.0000         20.0000          3.0000         -4.1756
  126          5.0182         16.0000         18.0000          4.0000         -4.7389
  127          5.0182         16.0000         19.0000          4.0000         -4.7670
  128          5.0182         16.0000         20.0000          4.0000         -4.8778
  114          6.0271         16.0000         18.0000          1.0000         -3.4690
  115          6.0271         16.0000         19.0000          1.0000         -3.5290
  116          6.0271         16.0000         20.0000          1.0000         -3.7543
  118          6.0271         16.0000         18.0000          2.0000         -3.9826
  119          6.0271         16.0000         19.0000          2.0000         -4.0267
  120          6.0271         16.0000         20.0000          2.0000         -4.2174
  122          6.0271         16.0000         18.0000          3.0000         -4.5826
  123          6.0271         16.0000         19.0000          3.0000         -4.6206
  124          6.0271         16.0000         20.0000          3.0000         -4.7639
  126          6.0271         16.0000         18.0000          4.0000         -5.2914
  127          6.0271         16.0000         19.0000          4.0000         -5.3185
  128          6.0271         16.0000         20.0000          4.0000         -5.4264
  114          6.0271         16.0000         18.0000          1.0000         -3.4470
  115          6.0271         16.0000         19.0000          1.0000         -3.5065
  116          6.0271         16.0000         20.0000          1.0000         -3.7344
  118          6.0271         16.0000         18.0000          2.0000         -3.9626
  119          6.0271         16.0000         19.0000          2.0000         -4.0065
  120          6.0271         16.0000         20.0000          2.0000         -4.1993
  122          6.0271         16.0000         18.0000          3.0000         -4.5660
  123          6.0271         16.0000         19.0000          3.0000         -4.6038
  124          6.0271         16.0000         20.0000          3.0000         -4.7488
  126          6.0271         16.0000         18.0000          4.0000         -5.2791
  127          6.0271         16.0000         19.0000          4.0000         -5.3062
  128          6.0271         16.0000         20.0000          4.0000         -5.4154
  114          6.0271         16.0000         18.0000          1.0000         -3.4343
  115          6.0271         16.0000         19.0000          1.0000         -3.4935
  116          6.0271         16.0000         20.0000          1.0000         -3.7228
  118          6.0271         16.0000         18.0000          2.0000         -3.9505
  119          6.0271         16.0000         19.0000          2.0000         -3.9942
  120          6.0271         16.0000         20.0000          2.0000         -4.1882
  122          6.0271         16.0000         18.0000          3.0000         -4.5553
  123          6.0271         16.0000         19.0000          3.0000         -4.5929
  124          6.0271         16.0000         20.0000          3.0000         -4.7389
  126          6.0271         16.0000         18.0000          4.0000         -5.2706
  127          6.0271         16.0000         19.0000          4.0000         -5.2976
  128          6.0271         16.0000         20.0000          4.0000         -5.4076
  114          7.0186         16.0000         18.0000          1.0000         -3.5072
  115          7.0186         16.0000         19.0000          1.0000         -3.5658
  116          7.0186         16.0000         20.0000          1.0000         -3.7888
  118          7.0186         16.0000         18.0000          2.0000         -3.9943
  119          7.0186         16.0000         19.0000          2.0000         -4.0370
  120          7.0186         16.0000         20.0000          2.0000         -4.2249
  122          7.0186         16.0000         18.0000          3.0000         -4.5653
  123          7.0186         16.0000         19.0000          3.0000         -4.6015
  124          7.0186         16.0000         20.0000          3.0000         -4.7429
  126          7.0186         16.0000         18.0000          4.0000         -5.2424
  127          7.0186         16.0000         19.0000          4.0000         -5.2681
  128          7.0186         16.0000         20.0000          4.0000         -5.3747
  114          7.0186         16.0000         18.0000          1.0000         -3.4703
  115          7.0186         16.0000         19.0000          1.0000         -3.5283
  116          7.0186         16.0000         20.0000          1.0000         -3.7530
  118          7.0186         16.0000         18.0000          2.0000         -3.9572
  119          7.0186         16.0000         19.0000          2.0000         -3.9994
  120          7.0186         16.0000         20.0000          2.0000         -4.1890
  122          7.0186         16.0000         18.0000          3.0000         -4.5292
  123          7.0186         16.0000         19.0000          3.0000         -4.5650
  124          7.0186         16.0000         20.0000          3.0000         -4.7078
  126          7.0186         16.0000         18.0000          4.0000         -5.2083
  127          7.0186         16.0000         19.0000          4.0000         -5.2337
  128          7.0186         16.0000         20.0000          4.0000         -5.3413
  114          7.0186         16.0000         18.0000          1.0000         -3.4547
  115          7.0186         16.0000         19.0000          1.0000         -3.5124
  116          7.0186         16.0000         20.0000          1.0000         -3.7386
  118          7.0186         16.0000         18.0000          2.0000         -3.9423
  119          7.0186         16.0000         19.0000          2.0000         -3.9843
  120          7.0186         16.0000         20.0000          2.0000         -4.1753
  122          7.0186         16.0000         18.0000          3.0000         -4.5160
  123          7.0186         16.0000         19.0000          3.0000         -4.5517
  124          7.0186         16.0000         20.0000          3.0000         -4.6956
  126          7.0186         16.0000         18.0000          4.0000         -5.1978
  127          7.0186         16.0000         19.0000          4.0000         -5.2232
  128          7.0186         16.0000         20.0000          4.0000         -5.3317
  114          8.0102         16.0000         18.0000          1.0000         -0.9070
  115          8.0102         16.0000         19.0000          1.0000         -0.9459
  116          8.0102         16.0000         20.0000          1.0000         -0.9798
  118          8.0102         16.0000         18.0000          2.0000         -0.9153
  119          8.0102         16.0000         19.0000          2.0000         -0.9414
  120          8.0102         16.0000         20.0000          2.0000         -0.9661
  122          8.0102         16.0000         18.0000          3.0000         -0.9108
  123          8.0102         16.0000         19.0000          3.0000         -0.9318
  124          8.0102         16.0000         20.0000          3.0000         -0.9506
  126          8.0102         16.0000         18.0000          4.0000         -0.9174
  127          8.0102         16.0000         19.0000          4.0000         -0.9318
  128          8.0102         16.0000         20.0000          4.0000         -0.9431
  114          8.0102         16.0000         18.0000          1.0000         -0.8412
  115          8.0102         16.0000         19.0000          1.0000         -0.8787
  116          8.0102         16.0000         20.0000          1.0000         -0.9125
  118          8.0102         16.0000         18.0000          2.0000         -0.8454
  119          8.0102         16.0000         19.0000          2.0000         -0.8702
  120          8.0102         16.0000         20.0000          2.0000         -0.8952
  122          8.0102         16.0000         18.0000          3.0000         -0.8390
  123          8.0102         16.0000         19.0000          3.0000         -0.8588
  124          8.0102         16.0000         20.0000          3.0000         -0.8784
  126          8.0102         16.0000         18.0000          4.0000         -0.8455
  127          8.0102         16.0000         19.0000          4.0000         -0.8592
  128          8.0102         16.0000         20.0000          4.0000         -0.8713
  114          8.0102         16.0000         18.0000          1.0000         -0.8212
  115          8.0102         16.0000         19.0000          1.0000         -0.8580
  116          8.0102         16.0000         20.0000          1.0000         -0.8932
  118          8.0102         16.0000         18.0000          2.0000         -0.8261
  119          8.0102         16.0000         19.0000          2.0000         -0.8504
  120          8.0102         16.0000         20.0000          2.0000         -0.8767
  122          8.0102         16.0000         18.0000          3.0000         -0.8217
  123          8.0102         16.0000         19.0000          3.0000         -0.8411
  124          8.0102         16.0000         20.0000          3.0000         -0.8618
  126          8.0102         16.0000         18.0000          4.0000         -0.8312
  127          8.0102         16.0000         19.0000          4.0000         -0.8447
  128          8.0102         16.0000         20.0000          4.0000         -0.8578
  114          9.0088         16.0000         18.0000          1.0000         12.8344
  115          9.0088         16.0000         19.0000          1.0000         12.8485
  116          9.0088         16.0000         20.0000          1.0000         13.8030
  118          9.0088         16.0000         18.0000          2.0000         15.7829
  119          9.0088         16.0000         19.0000          2.0000         15.8333
  120          9.0088         16.0000         20.0000          2.0000         16.6136
  122          9.0088         16.0000         18.0000          3.0000         19.1029
  123          9.0088         16.0000         19.0000          3.0000         19.1316
  124          9.0088         16.0000         20.0000          3.0000         19.6046
  126          9.0088         16.0000         18.0000          4.0000         22.6255
  127          9.0088         16.0000         19.0000          4.0000         22.6175
  128          9.0088         16.0000         20.0000          4.0000         22.9174
  114          9.0088         16.0000         18.0000          1.0000         12.9403
  115          9.0088         16.0000         19.0000          1.0000         12.9560
  116          9.0088         16.0000         20.0000          1.0000         13.9097
  118          9.0088         16.0000         18.0000          2.0000         15.8950
  119          9.0088         16.0000         19.0000          2.0000         15.9470
  120          9.0088         16.0000         20.0000          2.0000         16.7260
  122          9.0088         16.0000         18.0000          3.0000         19.2168
  123          9.0088         16.0000         19.0000          3.0000         19.2467
  124          9.0088         16.0000         20.0000          3.0000         19.7175
  126          9.0088         16.0000         18.0000          4.0000         22.7367
  127          9.0088         16.0000         19.0000          4.0000         22.7293
  128          9.0088         16.0000         20.0000          4.0000         23.0269
  114          9.0088         16.0000         18.0000          1.0000         12.9693
  115          9.0088         16.0000         19.0000          1.0000         12.9856
  116          9.0088         16.0000         20.0000          1.0000         13.9371
  118          9.0088         16.0000         18.0000          2.0000         15.9235
  119          9.0088         16.0000         19.0000          2.0000         15.9760
  120          9.0088         16.0000         20.0000          2.0000         16.7529
  122          9.0088         16.0000         18.0000          3.0000         19.2428
  123          9.0088         16.0000         19.0000          3.0000         19.2730
  124          9.0088         16.0000         20.0000          3.0000         19.7418
  126          9.0088         16.0000         18.0000          4.0000         22.7579
  127          9.0088         16.0000         19.0000          4.0000         22.7507
  128          9.0088         16.0000         20.0000          4.0000         23.0467
  114         10.0006         16.0000         18.0000          1.0000         39.5023
  115         10.0006         16.0000         19.0000          1.0000         39.6706
  116         10.0006         16.0000         20.0000          1.0000         42.1135
  118         10.0006         16.0000         18.0000          2.0000         47.6411
  119         10.0006         16.0000         19.0000          2.0000         47.8777
  120         10.0006         16.0000         20.0000          2.0000         49.7113
  122         10.0006         16.0000         18.0000          3.0000         55.8699
  123         10.0006         16.0000         19.0000          3.0000         55.9983
  124         10.0006         16.0000         20.0000          3.0000         56.9322
  126         10.0006         16.0000         18.0000          4.0000         64.3471
  127         10.0006         16.0000         19.0000          4.0000         64.3584
  128         10.0006         16.0000         20.0000          4.0000         64.8597
  114         10.0006         16.0000         18.0000          1.0000         39.6273
  115         10.0006         16.0000         19.0000          1.0000         39.8020
  116         10.0006         16.0000         20.0000          1.0000         42.2411
  118         10.0006         16.0000         18.0000          2.0000         47.7655
  119         10.0006         16.0000         19.0000          2.0000         48.0085
  120         10.0006         16.0000         20.0000          2.0000         49.8391
  122         10.0006         16.0000         18.0000          3.0000         55.9875
  123         10.0006         16.0000         19.0000          3.0000         56.1219
  124         10.0006         16.0000         20.0000          3.0000         57.0534
  126         10.0006         16.0000         18.0000          4.0000         64.4528
  127         10.0006         16.0000         19.0000          4.0000         64.4695
  128         10.0006         16.0000         20.0000          4.0000         64.9690
  114         10.0006         16.0000         18.0000          1.0000         39.6615
  115         10.0006         16.0000         19.0000          1.0000         39.8366
  116         10.0006         16.0000         20.0000          1.0000         42.2735
  118         10.0006         16.0000         18.0000          2.0000         47.7993
  119         10.0006         16.0000         19.0000          2.0000         48.0427
  120         10.0006         16.0000         20.0000          2.0000         49.8710
  122         10.0006         16.0000         18.0000          3.0000         56.0185
  123         10.0006         16.0000         19.0000          3.0000         56.1532
  124         10.0006         16.0000         20.0000          3.0000         57.0826
  126         10.0006         16.0000         18.0000          4.0000         64.4785
  127         10.0006         16.0000         19.0000          4.0000         64.4955
  128         10.0006         16.0000         20.0000          4.0000         64.9932
  114         11.0019         16.0000         18.0000          1.0000         65.2706
  115         11.0019         16.0000         19.0000          1.0000         65.5508
  116         11.0019         16.0000         20.0000          1.0000         69.6802
  118         11.0019         16.0000         18.0000          2.0000         77.9554
  119         11.0019         16.0000         19.0000          2.0000         78.2899
  120         11.0019         16.0000         20.0000          2.0000         81.4938
  122         11.0019         16.0000         18.0000          3.0000         90.7771
  123         11.0019         16.0000         19.0000          3.0000         90.9664
  124         11.0019         16.0000         20.0000          3.0000         92.8364
  126         11.0019         16.0000         18.0000          4.0000        104.6626
  127         11.0019         16.0000         19.0000          4.0000        104.7190
  128         11.0019         16.0000         20.0000          4.0000        105.9459
  114         11.0019         16.0000         18.0000          1.0000         65.3748
  115         11.0019         16.0000         19.0000          1.0000         65.6566
  116         11.0019         16.0000         20.0000          1.0000         69.7782
  118         11.0019         16.0000         18.0000          2.0000         78.0524
  119         11.0019         16.0000         19.0000          2.0000         78.3879
  120         11.0019         16.0000         20.0000          2.0000         81.5855
  122         11.0019         16.0000         18.0000          3.0000         90.8622
  123         11.0019         16.0000         19.0000          3.0000         91.0521
  124         11.0019         16.0000         20.0000          3.0000         92.9173
  126         11.0019         16.0000         18.0000          4.0000        104.7329
  127         11.0019         16.0000         19.0000          4.0000        104.7896
  128         11.0019         16.0000         20.0000          4.0000        106.0129
  114         11.0019         16.0000         18.0000          1.0000         65.4050
  115         11.0019         16.0000         19.0000          1.0000         65.6868
  116         11.0019         16.0000         20.0000          1.0000         69.8057
  118         11.0019         16.0000         18.0000          2.0000         78.0813
  119         11.0019         16.0000         19.0000          2.0000         78.4169
  120         11.0019         16.0000         20.0000          2.0000         81.6119
  122         11.0019         16.0000         18.0000          3.0000         90.8879
  123         11.0019         16.0000         19.0000          3.0000         91.0779
  124         11.0019         16.0000         20.0000          3.0000         92.9409
  126         11.0019         16.0000         18.0000          4.0000        104.7535
  127         11.0019         16.0000         19.0000          4.0000        104.8103
  128         11.0019         16.0000         20.0000          4.0000        106.0319
  114         12.0048         16.0000         18.0000          1.0000        102.3204
  115         12.0048         16.0000         19.0000          1.0000        102.6227
  116         12.0048         16.0000         20.0000          1.0000        107.6910
  118         12.0048         16.0000         18.0000          2.0000        114.9700
  119         12.0048         16.0000         19.0000          2.0000        115.2959
  120         12.0048         16.0000         20.0000          2.0000        119.4457
  122         12.0048         16.0000         18.0000          3.0000        128.4363
  123         12.0048         16.0000         19.0000          3.0000        128.5930
  124         12.0048         16.0000         20.0000          3.0000        131.3093
  126         12.0048         16.0000         18.0000          4.0000        144.1477
  127         12.0048         16.0000         19.0000          4.0000        144.1597
  128         12.0048         16.0000         20.0000          4.0000        146.0902
  114         12.0048         16.0000         18.0000          1.0000        107.0025
  115         12.0048         16.0000         19.0000          1.0000        107.2156
  116         12.0048         16.0000         20.0000          1.0000        111.8260
  118         12.0048         16.0000         18.0000          2.0000        116.4171
  119         12.0048         16.0000         19.0000          2.0000        116.6521
  120         12.0048         16.0000         20.0000          2.0000        120.7437
  122         12.0048         16.0000         18.0000          3.0000        128.8231
  123         12.0048         16.0000         19.0000          3.0000        128.9422
  124         12.0048         16.0000         20.0000          3.0000        131.8785
  126         12.0048         16.0000         18.0000          4.0000        144.4855
  127         12.0048         16.0000         19.0000          4.0000        144.4811
  128         12.0048         16.0000         20.0000          4.0000        146.6756
  114         12.0048         16.0000         18.0000          1.0000        107.2360
  115         12.0048         16.0000         19.0000          1.0000        107.4503
  116         12.0048         16.0000         20.0000          1.0000        111.9868
  118         12.0048         16.0000         18.0000          2.0000        116.3571
  119         12.0048         16.0000         19.0000          2.0000        116.5898
  120         12.0048         16.0000         20.0000          2.0000        120.6500
  122         12.0048         16.0000         18.0000          3.0000        128.6710
  123         12.0048         16.0000         19.0000          3.0000        128.7909
  124         12.0048         16.0000         20.0000          3.0000        131.7199
  126         12.0048         16.0000         18.0000          4.0000        144.3249
  127         12.0048         16.0000         19.0000          4.0000        144.3219
  128         12.0048         16.0000         20.0000          4.0000        146.5148
  114         12.0048         16.0000         18.0000          1.0000        107.2432
  115         12.0048         16.0000         19.0000          1.0000        107.4573
  116         12.0048         16.0000         20.0000          1.0000        111.9937
  118         12.0048         16.0000         18.0000          2.0000        116.3723
  119         12.0048         16.0000         19.0000          2.0000        116.6052
  120         12.0048         16.0000         20.0000          2.0000        120.6661
  122         12.0048         16.0000         18.0000          3.0000        128.6910
  123         12.0048         16.0000         19.0000          3.0000        128.8109
  124         12.0048         16.0000         20.0000          3.0000        131.7395
  126         12.0048         16.0000         18.0000          4.0000        144.3442
  127         12.0048         16.0000         19.0000          4.0000        144.3411
  128         12.0048         16.0000         20.0000          4.0000        146.5333
  114         13.0003         16.0000         18.0000          1.0000        100.1369
  115         13.0003         16.0000         19.0000          1.0000        100.3205
  116         13.0003         16.0000         20.0000          1.0000        104.9683
  118         13.0003         16.0000         18.0000          2.0000        109.7986
  119         13.0003         16.0000         19.0000          2.0000        109.9424
  120         13.0003         16.0000         20.0000          2.0000        113.9342
  122         13.0003         16.0000         18.0000          3.0000        121.4407
  123         13.0003         16.0000         19.0000          3.0000        121.4777
  124         13.0003         16.0000         20.0000          3.0000        124.3777
  126         13.0003         16.0000         18.0000          4.0000        136.4286
  127         13.0003         16.0000         19.0000          4.0000        136.3641
  128         13.0003         16.0000         20.0000          4.0000        138.5479
  114         13.0003         16.0000         18.0000          1.0000        100.2004
  115         13.0003         16.0000         19.0000          1.0000        100.3851
  116         13.0003         16.0000         20.0000          1.0000        105.0223
  118         13.0003         16.0000         18.0000          2.0000        109.8478
  119         13.0003         16.0000         19.0000          2.0000        109.9921
  120         13.0003         16.0000         20.0000          2.0000        113.9758
  122         13.0003         16.0000         18.0000          3.0000        121.4725
  123         13.0003         16.0000         19.0000          3.0000        121.5096
  124         13.0003         16.0000         20.0000          3.0000        124.4040
  126         13.0003         16.0000         18.0000          4.0000        136.4422
  127         13.0003         16.0000         19.0000          4.0000        136.3776
  128         13.0003         16.0000         20.0000          4.0000        138.5577
  114         13.0003         16.0000         18.0000          1.0000        100.2268
  115         13.0003         16.0000         19.0000          1.0000        100.4112
  116         13.0003         16.0000         20.0000          1.0000        105.0457
  118         13.0003         16.0000         18.0000          2.0000        109.8725
  119         13.0003         16.0000         19.0000          2.0000        110.0167
  120         13.0003         16.0000         20.0000          2.0000        113.9981
  122         13.0003         16.0000         18.0000          3.0000        121.4942
  123         13.0003         16.0000         19.0000          3.0000        121.5313
  124         13.0003         16.0000         20.0000          3.0000        124.4238
  126         13.0003         16.0000         18.0000          4.0000        136.4595
  127         13.0003         16.0000         19.0000          4.0000        136.3949
  128         13.0003         16.0000         20.0000          4.0000        138.5736
  114         14.0007         16.0000         18.0000          1.0000        103.0451
  115         14.0007         16.0000         19.0000          1.0000        103.1861
  116         14.0007         16.0000         20.0000          1.0000        108.5500
  118         14.0007         16.0000         18.0000          2.0000        114.6025
  119         14.0007         16.0000         19.0000          2.0000        114.6951
  120         14.0007         16.0000         20.0000          2.0000        119.3640
  122         14.0007         16.0000         18.0000          3.0000        129.0752
  123         14.0007         16.0000         19.0000          3.0000        129.1063
  124         14.0007         16.0000         20.0000          3.0000        132.6036
  126         14.0007         16.0000         18.0000          4.0000        147.3903
  127         14.0007         16.0000         19.0000          4.0000        147.3542
  128         14.0007         16.0000         20.0000          4.0000        150.0676
  114         14.0007         16.0000         18.0000          1.0000        103.9789
  115         14.0007         16.0000         19.0000          1.0000        104.1255
  116         14.0007         16.0000         20.0000          1.0000        109.4943
  118         14.0007         16.0000         18.0000          2.0000        115.5779
  119         14.0007         16.0000         19.0000          2.0000        115.6764
  120         14.0007         16.0000         20.0000          2.0000        120.3377
  122         14.0007         16.0000         18.0000          3.0000        130.0602
  123         14.0007         16.0000         19.0000          3.0000        130.0969
  124         14.0007         16.0000         20.0000          3.0000        133.5817
  126         14.0007         16.0000         18.0000          4.0000        148.3602
  127         14.0007         16.0000         19.0000          4.0000        148.3284
  128         14.0007         16.0000         20.0000          4.0000        151.0282
  114         14.0007         16.0000         18.0000          1.0000        104.1305
  115         14.0007         16.0000         19.0000          1.0000        104.2793
  116         14.0007         16.0000         20.0000          1.0000        109.6384
  118         14.0007         16.0000         18.0000          2.0000        115.7242
  119         14.0007         16.0000         19.0000          2.0000        115.8243
  120         14.0007         16.0000         20.0000          2.0000        120.4759
  122         14.0007         16.0000         18.0000          3.0000        130.1925
  123         14.0007         16.0000         19.0000          3.0000        130.2304
  124         14.0007         16.0000         20.0000          3.0000        133.7065
  126         14.0007         16.0000         18.0000          4.0000        148.4701
  127         14.0007         16.0000         19.0000          4.0000        148.4391
  128         14.0007         16.0000         20.0000          4.0000        151.1314
  114         14.0007         16.0000         18.0000          1.0000        104.1591
  115         14.0007         16.0000         19.0000          1.0000        104.3079
  116         14.0007         16.0000         20.0000          1.0000        109.6642
  118         14.0007         16.0000         18.0000          2.0000        115.7501
  119         14.0007         16.0000         19.0000          2.0000        115.8501
  120         14.0007         16.0000         20.0000          2.0000        120.4997
  122         14.0007         16.0000         18.0000          3.0000        130.2154
  123         14.0007         16.0000         19.0000          3.0000        130.2533
  124         14.0007         16.0000         20.0000          3.0000        133.7279
  126         14.0007         16.0000         18.0000          4.0000        148.4894
  127         14.0007         16.0000         19.0000          4.0000        148.4584
  128         14.0007         16.0000         20.0000          4.0000        151.1496
  114         15.0004         16.0000         18.0000          1.0000        107.0415
  115         15.0004         16.0000         19.0000          1.0000        107.1809
  116         15.0004         16.0000         20.0000          1.0000        110.9571
  118         15.0004         16.0000         18.0000          2.0000        113.1344
  119         15.0004         16.0000         19.0000          2.0000        113.2322
  120         15.0004         16.0000         20.0000          2.0000        116.7091
  122         15.0004         16.0000         18.0000          3.0000        122.3933
  123         15.0004         16.0000         19.0000          3.0000        122.4136
  124         15.0004         16.0000         20.0000          3.0000        125.0802
  126         15.0004         16.0000         18.0000          4.0000        134.9289
  127         15.0004         16.0000         19.0000          4.0000        134.8609
  128         15.0004         16.0000         20.0000          4.0000        136.9041
  114         15.0004         16.0000         18.0000          1.0000        106.1950
  115         15.0004         16.0000         19.0000          1.0000        106.3315
  116         15.0004         16.0000         20.0000          1.0000        110.0689
  118         15.0004         16.0000         18.0000          2.0000        112.2035
  119         15.0004         16.0000         19.0000          2.0000        112.2970
  120         15.0004         16.0000         20.0000          2.0000        115.7535
  122         15.0004         16.0000         18.0000          3.0000        121.3989
  123         15.0004         16.0000         19.0000          3.0000        121.4144
  124         15.0004         16.0000         20.0000          3.0000        124.0728
  126         15.0004         16.0000         18.0000          4.0000        133.8890
  127         15.0004         16.0000         19.0000          4.0000        133.8174
  128         15.0004         16.0000         20.0000          4.0000        135.8592
  114         15.0004         16.0000         18.0000          1.0000        106.0762
  115         15.0004         16.0000         19.0000          1.0000        106.2098
  116         15.0004         16.0000         20.0000          1.0000        109.9529
  118         15.0004         16.0000         18.0000          2.0000        112.0883
  119         15.0004         16.0000         19.0000          2.0000        112.1799
  120         15.0004         16.0000         20.0000          2.0000        115.6432
  122         15.0004         16.0000         18.0000          3.0000        121.2959
  123         15.0004         16.0000         19.0000          3.0000        121.3101
  124         15.0004         16.0000         20.0000          3.0000        123.9752
  126         15.0004         16.0000         18.0000          4.0000        133.8060
  127         15.0004         16.0000         19.0000          4.0000        133.7336
  128         15.0004         16.0000         20.0000          4.0000        135.7815
  114         16.0012         16.0000         18.0000          1.0000        124.9161
  115         16.0012         16.0000         19.0000          1.0000        125.2522
  116         16.0012         16.0000         20.0000          1.0000        129.1714
  118         16.0012         16.0000         18.0000          2.0000        129.3037
  119         16.0012         16.0000         19.0000          2.0000        129.6336
  120         16.0012         16.0000         20.0000          2.0000        133.4215
  122         16.0012         16.0000         18.0000          3.0000        138.5225
  123         16.0012         16.0000         19.0000          3.0000        138.6445
  124         16.0012         16.0000         20.0000          3.0000        141.3621
  126         16.0012         16.0000         18.0000          4.0000        151.0513
  127         16.0012         16.0000         19.0000          4.0000        151.0162
  128         16.0012         16.0000         20.0000          4.0000        153.0008
  114         16.0012         16.0000         18.0000          1.0000        124.9889
  115         16.0012         16.0000         19.0000          1.0000        125.3272
  116         16.0012         16.0000         20.0000          1.0000        129.2357
  118         16.0012         16.0000         18.0000          2.0000        129.3670
  119         16.0012         16.0000         19.0000          2.0000        129.6985
  120         16.0012         16.0000         20.0000          2.0000        133.4777
  122         16.0012         16.0000         18.0000          3.0000        138.5712
  123         16.0012         16.0000         19.0000          3.0000        138.6946
  124         16.0012         16.0000         20.0000          3.0000        141.4062
  126         16.0012         16.0000         18.0000          4.0000        151.0834
  127         16.0012         16.0000         19.0000          4.0000        151.0496
  128         16.0012         16.0000         20.0000          4.0000        153.0303
  114         16.0012         16.0000         18.0000          1.0000        125.0149
  115         16.0012         16.0000         19.0000          1.0000        125.3531
  116         16.0012         16.0000         20.0000          1.0000        129.2588
  118         16.0012         16.0000         18.0000          2.0000        129.3915
  119         16.0012         16.0000         19.0000          2.0000        129.7229
  120         16.0012         16.0000         20.0000          2.0000        133.4997
  122         16.0012         16.0000         18.0000          3.0000        138.5925
  123         16.0012         16.0000         19.0000          3.0000        138.7160
  124         16.0012         16.0000         20.0000          3.0000        141.4257
  126         16.0012         16.0000         18.0000          4.0000        151.1004
  127         16.0012         16.0000         19.0000          4.0000        151.0666
  128         16.0012         16.0000         20.0000          4.0000        153.0458
  114         17.0004         16.0000         18.0000          1.0000         67.1790
  115         17.0004         16.0000         19.0000          1.0000         67.5584
  116         17.0004         16.0000         20.0000          1.0000         81.3043
  118         17.0004         16.0000         18.0000          2.0000         93.5004
  119         17.0004         16.0000         19.0000          2.0000         93.7980
  120         17.0004         16.0000         20.0000          2.0000         96.9647
  122         17.0004         16.0000         18.0000          3.0000        102.5273
  123         17.0004         16.0000         19.0000          3.0000        102.6532
  124         17.0004         16.0000         20.0000          3.0000        104.8529
  126         17.0004         16.0000         18.0000          4.0000        114.0078
  127         17.0004         16.0000         19.0000          4.0000        114.0226
  128         17.0004         16.0000         20.0000          4.0000        115.6471
  114         17.0004         16.0000         18.0000          1.0000         67.8520
  115         17.0004         16.0000         19.0000          1.0000         68.2359
  116         17.0004         16.0000         20.0000          1.0000         81.9838
  118         17.0004         16.0000         18.0000          2.0000         94.2048
  119         17.0004         16.0000         19.0000          2.0000         94.5072
  120         17.0004         16.0000         20.0000          2.0000         97.6667
  122         17.0004         16.0000         18.0000          3.0000        103.2368
  123         17.0004         16.0000         19.0000          3.0000        103.3675
  124         17.0004         16.0000         20.0000          3.0000        105.5572
  126         17.0004         16.0000         18.0000          4.0000        114.7036
  127         17.0004         16.0000         19.0000          4.0000        114.7224
  128         17.0004         16.0000         20.0000          4.0000        116.3365
  114         17.0004         16.0000         18.0000          1.0000         67.9617
  115         17.0004         16.0000         19.0000          1.0000         68.3472
  116         17.0004         16.0000         20.0000          1.0000         82.0899
  118         17.0004         16.0000         18.0000          2.0000         94.3145
  119         17.0004         16.0000         19.0000          2.0000         94.6181
  120         17.0004         16.0000         20.0000          2.0000         97.7702
  122         17.0004         16.0000         18.0000          3.0000        103.3359
  123         17.0004         16.0000         19.0000          3.0000        103.4675
  124         17.0004         16.0000         20.0000          3.0000        105.6507
  126         17.0004         16.0000         18.0000          4.0000        114.7860
  127         17.0004         16.0000         19.0000          4.0000        114.8053
  128         17.0004         16.0000         20.0000          4.0000        116.4137
  114         17.0004         16.0000         18.0000          1.0000         67.9805
  115         17.0004         16.0000         19.0000          1.0000         68.3663
  116         17.0004         16.0000         20.0000          1.0000         82.1074
  118         17.0004         16.0000         18.0000          2.0000         94.3321
  119         17.0004         16.0000         19.0000          2.0000         94.6357
  120         17.0004         16.0000         20.0000          2.0000         97.7865
  122         17.0004         16.0000         18.0000          3.0000        103.3517
  123         17.0004         16.0000         19.0000          3.0000        103.4833
  124         17.0004         16.0000         20.0000          3.0000        105.6655
  126         17.0004         16.0000         18.0000          4.0000        114.7994
  127         17.0004         16.0000         19.0000          4.0000        114.8187
  128         17.0004         16.0000         20.0000          4.0000        116.4264
  114         18.0037         16.0000         18.0000          1.0000         38.1275
  115         18.0037         16.0000         19.0000          1.0000         38.4047
  116         18.0037         16.0000         20.0000          1.0000         54.1293
  118         18.0037         16.0000         18.0000          2.0000         45.4663
  119         18.0037         16.0000         19.0000          2.0000         45.6456
  120         18.0037         16.0000         20.0000          2.0000         59.0700
  122         18.0037         16.0000         18.0000          3.0000         62.1972
  123         18.0037         16.0000         19.0000          3.0000         62.2505
  124         18.0037         16.0000         20.0000          3.0000         69.3441
  126         18.0037         16.0000         18.0000          4.0000         80.8451
  127         18.0037         16.0000         19.0000          4.0000         80.8258
  128         18.0037         16.0000         20.0000          4.0000         81.6882
  114         18.0037         16.0000         18.0000          1.0000         37.7158
  115         18.0037         16.0000         19.0000          1.0000         37.9910
  116         18.0037         16.0000         20.0000          1.0000         53.6766
  118         18.0037         16.0000         18.0000          2.0000         45.0118
  119         18.0037         16.0000         19.0000          2.0000         45.1881
  120         18.0037         16.0000         20.0000          2.0000         58.5867
  122         18.0037         16.0000         18.0000          3.0000         61.7017
  123         18.0037         16.0000         19.0000          3.0000         61.7520
  124         18.0037         16.0000         20.0000          3.0000         68.8355
  126         18.0037         16.0000         18.0000          4.0000         80.3236
  127         18.0037         16.0000         19.0000          4.0000         80.3020
  128         18.0037         16.0000         20.0000          4.0000         81.1666
  114         18.0037         16.0000         18.0000          1.0000         37.6557
  115         18.0037         16.0000         19.0000          1.0000         37.9294
  116         18.0037         16.0000         20.0000          1.0000         53.6154
  118         18.0037         16.0000         18.0000          2.0000         44.9523
  119         18.0037         16.0000         19.0000          2.0000         45.1277
  120         18.0037         16.0000         20.0000          2.0000         58.5278
  122         18.0037         16.0000         18.0000          3.0000         61.6455
  123         18.0037         16.0000         19.0000          3.0000         61.6953
  124         18.0037         16.0000         20.0000          3.0000         68.7812
  126         18.0037         16.0000         18.0000          4.0000         80.2751
  127         18.0037         16.0000         19.0000          4.0000         80.2531
  128         18.0037         16.0000         20.0000          4.0000         81.1203
  114         19.0012         16.0000         18.0000          1.0000         14.2165
  115         19.0012         16.0000         19.0000          1.0000         14.3109
  116         19.0012         16.0000         20.0000          1.0000         18.3395
  118         19.0012         16.0000         18.0000          2.0000         15.5053
  119         19.0012         16.0000         19.0000          2.0000         15.5567
  120         19.0012         16.0000         20.0000          2.0000         19.0671
  122         19.0012         16.0000         18.0000          3.0000         18.2815
  123         19.0012         16.0000         19.0000          3.0000         18.2840
  124         19.0012         16.0000         20.0000          3.0000         20.6907
  126         19.0012         16.0000         18.0000          4.0000         22.6184
  127         19.0012         16.0000         19.0000          4.0000         22.5988
  128         19.0012         16.0000         20.0000          4.0000         23.3952
  114         19.0012         16.0000         18.0000          1.0000         14.2614
  115         19.0012         16.0000         19.0000          1.0000         14.3566
  116         19.0012         16.0000         20.0000          1.0000         18.3727
  118         19.0012         16.0000         18.0000          2.0000         15.5402
  119         19.0012         16.0000         19.0000          2.0000         15.5918
  120         19.0012         16.0000         20.0000          2.0000         19.0925
  122         19.0012         16.0000         18.0000          3.0000         18.3050
  123         19.0012         16.0000         19.0000          3.0000         18.3075
  124         19.0012         16.0000         20.0000          3.0000         20.7068
  126         19.0012         16.0000         18.0000          4.0000         22.6273
  127         19.0012         16.0000         19.0000          4.0000         22.6077
  128         19.0012         16.0000         20.0000          4.0000         23.3995
  114         19.0012         16.0000         18.0000          1.0000         14.2678
  115         19.0012         16.0000         19.0000          1.0000         14.3630
  116         19.0012         16.0000         20.0000          1.0000         18.3785
  118         19.0012         16.0000         18.0000          2.0000         15.5467
  119         19.0012         16.0000         19.0000          2.0000         15.5982
  120         19.0012         16.0000         20.0000          2.0000         19.0984
  122         19.0012         16.0000         18.0000          3.0000         18.3109
  123         19.0012         16.0000         19.0000          3.0000         18.3135
  124         19.0012         16.0000         20.0000          3.0000         20.7123
  126         19.0012         16.0000         18.0000          4.0000         22.6322
  127         19.0012         16.0000         19.0000          4.0000         22.6127
  128         19.0012         16.0000         20.0000          4.0000         23.4040
  114         20.0036         16.0000         18.0000          1.0000          1.0286
  115         20.0036         16.0000         19.0000          1.0000          1.0397
  116         20.0036         16.0000         20.0000          1.0000          1.4265
  118         20.0036         16.0000         18.0000          2.0000          0.4329
  119         20.0036         16.0000         19.0000          2.0000          0.4281
  120         20.0036         16.0000         20.0000          2.0000          0.7304
  122         20.0036         16.0000         18.0000          3.0000         -0.0849
  123         20.0036         16.0000         19.0000          3.0000         -0.1064
  124         20.0036         16.0000         20.0000          3.0000          0.0733
  126         20.0036         16.0000         18.0000          4.0000         -0.6334
  127         20.0036         16.0000         19.0000          4.0000         -0.6584
  128         20.0036         16.0000         20.0000          4.0000         -0.6633
  114         20.0036         16.0000         18.0000          1.0000          1.0683
  115         20.0036         16.0000         19.0000          1.0000          1.0801
  116         20.0036         16.0000         20.0000          1.0000          1.4602
  118         20.0036         16.0000         18.0000          2.0000          0.4669
  119         20.0036         16.0000         19.0000          2.0000          0.4624
  120         20.0036         16.0000         20.0000          2.0000          0.7595
  122         20.0036         16.0000         18.0000          3.0000         -0.0579
  123         20.0036         16.0000         19.0000          3.0000         -0.0797
  124         20.0036         16.0000         20.0000          3.0000          0.0971
  126         20.0036         16.0000         18.0000          4.0000         -0.6162
  127         20.0036         16.0000         19.0000          4.0000         -0.6411
  128         20.0036         16.0000         20.0000          4.0000         -0.6484
  114         20.0036         16.0000         18.0000          1.0000          1.0729
  115         20.0036         16.0000         19.0000          1.0000          1.0848
  116         20.0036         16.0000         20.0000          1.0000          1.4644
  118         20.0036         16.0000         18.0000          2.0000          0.4710
  119         20.0036         16.0000         19.0000          2.0000          0.4666
  120         20.0036         16.0000         20.0000          2.0000          0.7635
  122         20.0036         16.0000         18.0000          3.0000         -0.0544
  123         20.0036         16.0000         19.0000          3.0000         -0.0762
  124         20.0036         16.0000         20.0000          3.0000          0.1003
  126         20.0036         16.0000         18.0000          4.0000         -0.6127
  127         20.0036         16.0000         19.0000          4.0000         -0.6376
  128         20.0036         16.0000         20.0000          4.0000         -0.6452
  114         21.0011         16.0000         18.0000          1.0000         -1.7192
  115         21.0011         16.0000         19.0000          1.0000         -1.7378
  116         21.0011         16.0000         20.0000          1.0000         -1.8334
  118         21.0011         16.0000         18.0000          2.0000         -2.6210
  119         21.0011         16.0000         19.0000          2.0000         -2.6484
  120         21.0011         16.0000         20.0000          2.0000         -2.7487
  122         21.0011         16.0000         18.0000          3.0000         -3.6517
  123         21.0011         16.0000         19.0000          3.0000         -3.6915
  124         21.0011         16.0000         20.0000          3.0000         -3.7768
  126         21.0011         16.0000         18.0000          4.0000         -4.9251
  127         21.0011         16.0000         19.0000          4.0000         -4.9609
  128         21.0011         16.0000         20.0000          4.0000         -5.0681
  114         21.0011         16.0000         18.0000          1.0000         -1.6859
  115         21.0011         16.0000         19.0000          1.0000         -1.7038
  116         21.0011         16.0000         20.0000          1.0000         -1.8058
  118         21.0011         16.0000         18.0000          2.0000         -2.5943
  119         21.0011         16.0000         19.0000          2.0000         -2.6214
  120         21.0011         16.0000         20.0000          2.0000         -2.7267
  122         21.0011         16.0000         18.0000          3.0000         -3.6332
  123         21.0011         16.0000         19.0000          3.0000         -3.6728
  124         21.0011         16.0000         20.0000          3.0000         -3.7618
  126         21.0011         16.0000         18.0000          4.0000         -4.9157
  127         21.0011         16.0000         19.0000          4.0000         -4.9515
  128         21.0011         16.0000         20.0000          4.0000         -5.0611
  114         21.0011         16.0000         18.0000          1.0000         -1.6817
  115         21.0011         16.0000         19.0000          1.0000         -1.6995
  116         21.0011         16.0000         20.0000          1.0000         -1.8020
  118         21.0011         16.0000         18.0000          2.0000         -2.5896
  119         21.0011         16.0000         19.0000          2.0000         -2.6166
  120         21.0011         16.0000         20.0000          2.0000         -2.7224
  122         21.0011         16.0000         18.0000          3.0000         -3.6285
  123         21.0011         16.0000         19.0000          3.0000         -3.6681
  124         21.0011         16.0000         20.0000          3.0000         -3.7576
  126         21.0011         16.0000         18.0000          4.0000         -4.9117
  127         21.0011         16.0000         19.0000          4.0000         -4.9475
  128         21.0011         16.0000         20.0000          4.0000         -5.0575
  114         22.0025         16.0000         18.0000          1.0000         -1.5583
  115         22.0025         16.0000         19.0000          1.0000         -1.5869
  116         22.0025         16.0000         20.0000          1.0000         -1.7457
  118         22.0025         16.0000         18.0000          2.0000         -2.2715
  119         22.0025         16.0000         19.0000          2.0000         -2.3029
  120         22.0025         16.0000         20.0000          2.0000         -2.4539
  122         22.0025         16.0000         18.0000          3.0000         -3.1155
  123         22.0025         16.0000         19.0000          3.0000         -3.1536
  124         22.0025         16.0000         20.0000          3.0000         -3.2707
  126         22.0025         16.0000         18.0000          4.0000         -4.1222
  127         22.0025         16.0000         19.0000          4.0000         -4.1544
  128         22.0025         16.0000         20.0000          4.0000         -4.2530
  114         22.0025         16.0000         18.0000          1.0000         -1.5368
  115         22.0025         16.0000         19.0000          1.0000         -1.5650
  116         22.0025         16.0000         20.0000          1.0000         -1.7273
  118         22.0025         16.0000         18.0000          2.0000         -2.2530
  119         22.0025         16.0000         19.0000          2.0000         -2.2841
  120         22.0025         16.0000         20.0000          2.0000         -2.4381
  122         22.0025         16.0000         18.0000          3.0000         -3.1014
  123         22.0025         16.0000         19.0000          3.0000         -3.1393
  124         22.0025         16.0000         20.0000          3.0000         -3.2587
  126         22.0025         16.0000         18.0000          4.0000         -4.1136
  127         22.0025         16.0000         19.0000          4.0000         -4.1458
  128         22.0025         16.0000         20.0000          4.0000         -4.2459
  114         22.0025         16.0000         18.0000          1.0000         -1.5288
  115         22.0025         16.0000         19.0000          1.0000         -1.5568
  116         22.0025         16.0000         20.0000          1.0000         -1.7200
  118         22.0025         16.0000         18.0000          2.0000         -2.2446
  119         22.0025         16.0000         19.0000          2.0000         -2.2756
  120         22.0025         16.0000         20.0000          2.0000         -2.4304
  122         22.0025         16.0000         18.0000          3.0000         -3.0935
  123         22.0025         16.0000         19.0000          3.0000         -3.1313
  124         22.0025         16.0000         20.0000          3.0000         -3.2515
  126         22.0025         16.0000         18.0000          4.0000         -4.1070
  127         22.0025         16.0000         19.0000          4.0000         -4.1392
  128         22.0025         16.0000         20.0000          4.0000         -4.2399
  114         23.0064         16.0000         18.0000          1.0000         -1.9320
  115         23.0064         16.0000         19.0000          1.0000         -1.9694
  116         23.0064         16.0000         20.0000          1.0000         -2.1477
  118         23.0064         16.0000         18.0000          2.0000         -2.6069
  119         23.0064         16.0000         19.0000          2.0000         -2.6431
  120         23.0064         16.0000         20.0000          2.0000         -2.8071
  122         23.0064         16.0000         18.0000          3.0000         -3.3991
  123         23.0064         16.0000         19.0000          3.0000         -3.4392
  124         23.0064         16.0000         20.0000          3.0000         -3.5639
  126         23.0064         16.0000         18.0000          4.0000         -4.3139
  127         23.0064         16.0000         19.0000          4.0000         -4.3465
  128         23.0064         16.0000         20.0000          4.0000         -4.4440
  114         23.0064         16.0000         18.0000          1.0000         -1.9163
  115         23.0064         16.0000         19.0000          1.0000         -1.9533
  116         23.0064         16.0000         20.0000          1.0000         -2.1340
  118         23.0064         16.0000         18.0000          2.0000         -2.5925
  119         23.0064         16.0000         19.0000          2.0000         -2.6285
  120         23.0064         16.0000         20.0000          2.0000         -2.7945
  122         23.0064         16.0000         18.0000          3.0000         -3.3874
  123         23.0064         16.0000         19.0000          3.0000         -3.4273
  124         23.0064         16.0000         20.0000          3.0000         -3.5537
  126         23.0064         16.0000         18.0000          4.0000         -4.3061
  127         23.0064         16.0000         19.0000          4.0000         -4.3387
  128         23.0064         16.0000         20.0000          4.0000         -4.4373
  114         23.0064         16.0000         18.0000          1.0000         -1.9055
  115         23.0064         16.0000         19.0000          1.0000         -1.9423
  116         23.0064         16.0000         20.0000          1.0000         -2.1242
  118         23.0064         16.0000         18.0000          2.0000         -2.5819
  119         23.0064         16.0000         19.0000          2.0000         -2.6177
  120         23.0064         16.0000         20.0000          2.0000         -2.7849
  122         23.0064         16.0000         18.0000          3.0000         -3.3778
  123         23.0064         16.0000         19.0000          3.0000         -3.4176
  124         23.0064         16.0000         20.0000          3.0000         -3.5449
  126         23.0064         16.0000         18.0000          4.0000         -4.2984
  127         23.0064         16.0000         19.0000          4.0000         -4.3309
  128         23.0064         16.0000         20.0000          4.0000         -4.4303
