  113          1.0013         16.0000         17.0000          1.0000        304.4505
  117          1.0013         16.0000         17.0000          2.0000        304.4885
  121          1.0013         16.0000         17.0000          3.0000        304.4733
  125          1.0013         16.0000         17.0000          4.0000        304.4070
  113          1.0013         16.0000         17.0000          1.0000        304.4533
  117          1.0013         16.0000         17.0000          2.0000        304.4911
  121          1.0013         16.0000         17.0000          3.0000        304.4754
  125          1.0013         16.0000         17.0000          4.0000        304.4085
  113          1.0013         16.0000         17.0000          1.0000        304.4539
  117          1.0013         16.0000         17.0000          2.0000        304.4917
  121          1.0013         16.0000         17.0000          3.0000        304.4760
  125          1.0013         16.0000         17.0000          4.0000        304.4090
  113          1.0085         16.0000         17.0000          1.0000        304.4454
  117          1.0085         16.0000         17.0000          2.0000        304.4833
  121          1.0085         16.0000         17.0000          3.0000        304.4681
  125          1.0085         16.0000         17.0000          4.0000        304.4018
  113          1.0085         16.0000         17.0000          1.0000        304.4484
  117          1.0085         16.0000         17.0000          2.0000        304.4861
  121          1.0085         16.0000         17.0000          3.0000        304.4703
  125          1.0085         16.0000         17.0000          4.0000        304.4033
  113          1.0085         16.0000         17.0000          1.0000        304.4490
  117          1.0085         16.0000         17.0000          2.0000        304.4867
  121          1.0085         16.0000         17.0000          3.0000        304.4709
  125          1.0085         16.0000         17.0000          4.0000        304.4038
  113          2.0075         16.0000         17.0000          1.0000        304.0010
  117          2.0075         16.0000         17.0000          2.0000        304.0204
  121          2.0075         16.0000         17.0000          3.0000        303.9894
  125          2.0075         16.0000         17.0000          4.0000        303.9053
  113          2.0075         16.0000         17.0000          1.0000        304.0043
  117          2.0075         16.0000         17.0000          2.0000        304.0233
  121          2.0075         16.0000         17.0000          3.0000        303.9917
  125          2.0075         16.0000         17.0000          4.0000        303.9069
  113          2.0075         16.0000         17.0000          1.0000        304.0048
  117          2.0075         16.0000         17.0000          2.0000        304.0240
  121          2.0075         16.0000         17.0000          3.0000        303.9923
  125          2.0075         16.0000         17.0000          4.0000        303.9074
  113          3.0133         16.0000         17.0000          1.0000        303.6830
  117          3.0133         16.0000         17.0000          2.0000        303.6873
  121          3.0133         16.0000         17.0000          3.0000        303.6447
  125          3.0133         16.0000         17.0000          4.0000        303.5521
  113          3.0133         16.0000         17.0000          1.0000        303.6865
  117          3.0133         16.0000         17.0000          2.0000        303.6904
  121          3.0133         16.0000         17.0000          3.0000        303.6473
  125          3.0133         16.0000         17.0000          4.0000        303.5539
  113          3.0133         16.0000         17.0000          1.0000        303.6872
  117          3.0133         16.0000         17.0000          2.0000        303.6911
  121          3.0133         16.0000         17.0000          3.0000        303.6480
  125          3.0133         16.0000         17.0000          4.0000        303.5545
  113          4.0157         16.0000         17.0000          1.0000        303.3397
  117          4.0157         16.0000         17.0000          2.0000        303.3290
  121          4.0157         16.0000         17.0000          3.0000        303.2745
  125          4.0157         16.0000         17.0000          4.0000        303.1708
  113          4.0157         16.0000         17.0000          1.0000        303.3430
  117          4.0157         16.0000         17.0000          2.0000        303.3319
  121          4.0157         16.0000         17.0000          3.0000        303.2769
  125          4.0157         16.0000         17.0000          4.0000        303.1725
  113          4.0157         16.0000         17.0000          1.0000        303.3436
  117          4.0157         16.0000         17.0000          2.0000        303.3326
  121          4.0157         16.0000         17.0000          3.0000        303.2775
  125          4.0157         16.0000         17.0000          4.0000        303.1730
  113          5.0182         16.0000         17.0000          1.0000        302.9856
  117          5.0182         16.0000         17.0000          2.0000        302.9599
  121          5.0182         16.0000         17.0000          3.0000        302.8929
  125          5.0182         16.0000         17.0000          4.0000        302.7772
  113          5.0182         16.0000         17.0000          1.0000        302.9890
  117          5.0182         16.0000         17.0000          2.0000        302.9629
  121          5.0182         16.0000         17.0000          3.0000        302.8954
  125          5.0182         16.0000         17.0000          4.0000        302.7789
  113          5.0182         16.0000         17.0000          1.0000        302.9896
  117          5.0182         16.0000         17.0000          2.0000        302.9636
  121          5.0182         16.0000         17.0000          3.0000        302.8961
  125          5.0182         16.0000         17.0000          4.0000        302.7795
  113          6.0271         16.0000         17.0000          1.0000        302.7258
  117          6.0271         16.0000         17.0000          2.0000        302.6914
  121          6.0271         16.0000         17.0000          3.0000        302.6183
  125          6.0271         16.0000         17.0000          4.0000        302.4971
  113          6.0271         16.0000         17.0000          1.0000        302.7293
  117          6.0271         16.0000         17.0000          2.0000        302.6946
  121          6.0271         16.0000         17.0000          3.0000        302.6209
  125          6.0271         16.0000         17.0000          4.0000        302.4990
  113          6.0271         16.0000         17.0000          1.0000        302.7300
  117          6.0271         16.0000         17.0000          2.0000        302.6953
  121          6.0271         16.0000         17.0000          3.0000        302.6216
  125          6.0271         16.0000         17.0000          4.0000        302.4996
  113          7.0186         16.0000         17.0000          1.0000        302.4576
  117          7.0186         16.0000         17.0000          2.0000        302.4133
  121          7.0186         16.0000         17.0000          3.0000        302.3322
  125          7.0186         16.0000         17.0000          4.0000        302.2033
  113          7.0186         16.0000         17.0000          1.0000        302.4629
  117          7.0186         16.0000         17.0000          2.0000        302.4182
  121          7.0186         16.0000         17.0000          3.0000        302.3364
  125          7.0186         16.0000         17.0000          4.0000        302.2065
  113          7.0186         16.0000         17.0000          1.0000        302.4637
  117          7.0186         16.0000         17.0000          2.0000        302.4191
  121          7.0186         16.0000         17.0000          3.0000        302.3373
  125          7.0186         16.0000         17.0000          4.0000        302.2073
  113          8.0102         16.0000         17.0000          1.0000        302.5483
  117          8.0102         16.0000         17.0000          2.0000        302.5383
  121          8.0102         16.0000         17.0000          3.0000        302.4975
  125          8.0102         16.0000         17.0000          4.0000        302.4155
  113          8.0102         16.0000         17.0000          1.0000        302.5599
  117          8.0102         16.0000         17.0000          2.0000        302.5497
  121          8.0102         16.0000         17.0000          3.0000        302.5081
  125          8.0102         16.0000         17.0000          4.0000        302.4246
  113          8.0102         16.0000         17.0000          1.0000        302.5617
  117          8.0102         16.0000         17.0000          2.0000        302.5516
  121          8.0102         16.0000         17.0000          3.0000        302.5098
  125          8.0102         16.0000         17.0000          4.0000        302.4261
  113          9.0088         16.0000         17.0000          1.0000        303.9969
  117          9.0088         16.0000         17.0000          2.0000        304.1970
  121          9.0088         16.0000         17.0000          3.0000        304.3604
  125          9.0088         16.0000         17.0000          4.0000        304.4770
  113          9.0088         16.0000         17.0000          1.0000        304.0079
  117          9.0088         16.0000         17.0000          2.0000        304.2078
  121          9.0088         16.0000         17.0000          3.0000        304.3702
  125          9.0088         16.0000         17.0000          4.0000        304.4851
  113          9.0088         16.0000         17.0000          1.0000        304.0099
  117          9.0088         16.0000         17.0000          2.0000        304.2097
  121          9.0088         16.0000         17.0000          3.0000        304.3720
  125          9.0088         16.0000         17.0000          4.0000        304.4866
  113         10.0006         16.0000         17.0000          1.0000        306.0483
  117         10.0006         16.0000         17.0000          2.0000        306.5052
  121         10.0006         16.0000         17.0000          3.0000        306.8665
  125         10.0006         16.0000         17.0000          4.0000        307.1293
  113         10.0006         16.0000         17.0000          1.0000        306.0586
  117         10.0006         16.0000         17.0000          2.0000        306.5150
  121         10.0006         16.0000         17.0000          3.0000        306.8753
  125         10.0006         16.0000         17.0000          4.0000        307.1366
  113         10.0006         16.0000         17.0000          1.0000        306.0614
  117         10.0006         16.0000         17.0000          2.0000        306.5177
  121         10.0006         16.0000         17.0000          3.0000        306.8778
  125         10.0006         16.0000         17.0000          4.0000        307.1386
  113         11.0019         16.0000         17.0000          1.0000        308.2910
  117         11.0019         16.0000         17.0000          2.0000        308.9707
  121         11.0019         16.0000         17.0000          3.0000        309.5086
  125         11.0019         16.0000         17.0000          4.0000        309.9403
  113         11.0019         16.0000         17.0000          1.0000        308.2985
  117         11.0019         16.0000         17.0000          2.0000        308.9775
  121         11.0019         16.0000         17.0000          3.0000        309.5144
  125         11.0019         16.0000         17.0000          4.0000        309.9448
  113         11.0019         16.0000         17.0000          1.0000        308.3012
  117         11.0019         16.0000         17.0000          2.0000        308.9800
  121         11.0019         16.0000         17.0000          3.0000        309.5166
  125         11.0019         16.0000         17.0000          4.0000        309.9465
  113         12.0048         16.0000         17.0000          1.0000        312.6203
  117         12.0048         16.0000         17.0000          2.0000        313.3388
  121         12.0048         16.0000         17.0000          3.0000        313.8987
  125         12.0048         16.0000         17.0000          4.0000        314.3491
  113         12.0048         16.0000         17.0000          1.0000        312.7943
  117         12.0048         16.0000         17.0000          2.0000        313.2466
  121         12.0048         16.0000         17.0000          3.0000        313.7221
  125         12.0048         16.0000         17.0000          4.0000        314.1713
  113         12.0048         16.0000         17.0000          1.0000        312.8033
  117         12.0048         16.0000         17.0000          2.0000        313.2591
  121         12.0048         16.0000         17.0000          3.0000        313.7367
  125         12.0048         16.0000         17.0000          4.0000        314.1854
  113         12.0048         16.0000         17.0000          1.0000        312.8041
  117         12.0048         16.0000         17.0000          2.0000        313.2591
  121         12.0048         16.0000         17.0000          3.0000        313.7363
  125         12.0048         16.0000         17.0000          4.0000        314.1847
  113         13.0003         16.0000         17.0000          1.0000        312.6932
  117         13.0003         16.0000         17.0000          2.0000        313.2422
  121         13.0003         16.0000         17.0000          3.0000        313.7048
  125         13.0003         16.0000         17.0000          4.0000        314.1017
  113         13.0003         16.0000         17.0000          1.0000        312.6983
  117         13.0003         16.0000         17.0000          2.0000        313.2464
  121         13.0003         16.0000         17.0000          3.0000        313.7081
  125         13.0003         16.0000         17.0000          4.0000        314.1039
  113         13.0003         16.0000         17.0000          1.0000        312.7008
  117         13.0003         16.0000         17.0000          2.0000        313.2487
  121         13.0003         16.0000         17.0000          3.0000        313.7100
  125         13.0003         16.0000         17.0000          4.0000        314.1054
  113         14.0007         16.0000         17.0000          1.0000        312.7866
  117         14.0007         16.0000         17.0000          2.0000        313.3874
  121         14.0007         16.0000         17.0000          3.0000        313.9689
  125         14.0007         16.0000         17.0000          4.0000        314.5287
  113         14.0007         16.0000         17.0000          1.0000        312.8482
  117         14.0007         16.0000         17.0000          2.0000        313.4471
  121         14.0007         16.0000         17.0000          3.0000        314.0233
  125         14.0007         16.0000         17.0000          4.0000        314.5750
  113         14.0007         16.0000         17.0000          1.0000        312.8569
  117         14.0007         16.0000         17.0000          2.0000        313.4554
  121         14.0007         16.0000         17.0000          3.0000        314.0309
  125         14.0007         16.0000         17.0000          4.0000        314.5814
  113         14.0007         16.0000         17.0000          1.0000        312.8596
  117         14.0007         16.0000         17.0000          2.0000        313.4577
  121         14.0007         16.0000         17.0000          3.0000        314.0329
  125         14.0007         16.0000         17.0000          4.0000        314.5830
  113         15.0004         16.0000         17.0000          1.0000        316.1025
  117         15.0004         16.0000         17.0000          2.0000        316.4461
  121         15.0004         16.0000         17.0000          3.0000        316.8197
  125         15.0004         16.0000         17.0000          4.0000        317.1790
  113         15.0004         16.0000         17.0000          1.0000        316.0414
  117         15.0004         16.0000         17.0000          2.0000        316.3862
  121         15.0004         16.0000         17.0000          3.0000        316.7651
  125         15.0004         16.0000         17.0000          4.0000        317.1321
  113         15.0004         16.0000         17.0000          1.0000        316.0378
  117         15.0004         16.0000         17.0000          2.0000        316.3824
  121         15.0004         16.0000         17.0000          3.0000        316.7613
  125         15.0004         16.0000         17.0000          4.0000        317.1286
  113         16.0012         16.0000         17.0000          1.0000        317.4547
  117         16.0012         16.0000         17.0000          2.0000        317.6809
  121         16.0012         16.0000         17.0000          3.0000        318.0493
  125         16.0012         16.0000         17.0000          4.0000        318.3738
  113         16.0012         16.0000         17.0000          1.0000        317.4589
  117         16.0012         16.0000         17.0000          2.0000        317.6847
  121         16.0012         16.0000         17.0000          3.0000        318.0522
  125         16.0012         16.0000         17.0000          4.0000        318.3758
  113         16.0012         16.0000         17.0000          1.0000        317.4612
  117         16.0012         16.0000         17.0000          2.0000        317.6868
  121         16.0012         16.0000         17.0000          3.0000        318.0540
  125         16.0012         16.0000         17.0000          4.0000        318.3772
  113         17.0004         16.0000         17.0000          1.0000        312.8825
  117         17.0004         16.0000         17.0000          2.0000        315.0475
  121         17.0004         16.0000         17.0000          3.0000        315.4624
  125         17.0004         16.0000         17.0000          4.0000        315.8088
  113         17.0004         16.0000         17.0000          1.0000        312.9291
  117         17.0004         16.0000         17.0000          2.0000        315.0920
  121         17.0004         16.0000         17.0000          3.0000        315.5026
  125         17.0004         16.0000         17.0000          4.0000        315.8429
  113         17.0004         16.0000         17.0000          1.0000        312.9355
  117         17.0004         16.0000         17.0000          2.0000        315.0981
  121         17.0004         16.0000         17.0000          3.0000        315.5082
  125         17.0004         16.0000         17.0000          4.0000        315.8477
  113         17.0004         16.0000         17.0000          1.0000        312.9371
  117         17.0004         16.0000         17.0000          2.0000        315.0996
  121         17.0004         16.0000         17.0000          3.0000        315.5095
  125         17.0004         16.0000         17.0000          4.0000        315.8487
  113         18.0037         16.0000         17.0000          1.0000        310.4406
  117         18.0037         16.0000         17.0000          2.0000        311.2358
  121         18.0037         16.0000         17.0000          3.0000        312.5913
  125         18.0037         16.0000         17.0000          4.0000        313.8296
  113         18.0037         16.0000         17.0000          1.0000        310.4069
  117         18.0037         16.0000         17.0000          2.0000        311.2026
  121         18.0037         16.0000         17.0000          3.0000        312.5607
  125         18.0037         16.0000         17.0000          4.0000        313.8032
  113         18.0037         16.0000         17.0000          1.0000        310.4036
  117         18.0037         16.0000         17.0000          2.0000        311.1993
  121         18.0037         16.0000         17.0000          3.0000        312.5577
  125         18.0037         16.0000         17.0000          4.0000        313.8005
  113         19.0012         16.0000         17.0000          1.0000        308.3327
  117         19.0012         16.0000         17.0000          2.0000        308.7412
  121         19.0012         16.0000         17.0000          3.0000        309.1709
  125         19.0012         16.0000         17.0000          4.0000        309.6211
  113         19.0012         16.0000         17.0000          1.0000        308.3342
  117         19.0012         16.0000         17.0000          2.0000        308.7424
  121         19.0012         16.0000         17.0000          3.0000        309.1716
  125         19.0012         16.0000         17.0000          4.0000        309.6212
  113         19.0012         16.0000         17.0000          1.0000        308.3346
  117         19.0012         16.0000         17.0000          2.0000        308.7428
  121         19.0012         16.0000         17.0000          3.0000        309.1720
  125         19.0012         16.0000         17.0000          4.0000        309.6216
  113         20.0036         16.0000         17.0000          1.0000        307.0584
  117         20.0036         16.0000         17.0000          2.0000        307.2921
  121         20.0036         16.0000         17.0000          3.0000        307.4700
  125         20.0036         16.0000         17.0000          4.0000        307.5969
  113         20.0036         16.0000         17.0000          1.0000        307.0605
  117         20.0036         16.0000         17.0000          2.0000        307.2939
  121         20.0036         16.0000         17.0000          3.0000        307.4713
  125         20.0036         16.0000         17.0000          4.0000        307.5976
  113         20.0036         16.0000         17.0000          1.0000        307.0609
  117         20.0036         16.0000         17.0000          2.0000        307.2943
  121         20.0036         16.0000         17.0000          3.0000        307.4718
  125         20.0036         16.0000         17.0000          4.0000        307.5980
  113         21.0011         16.0000         17.0000          1.0000        306.2510
  117         21.0011         16.0000         17.0000          2.0000        306.4094
  121         21.0011         16.0000         17.0000          3.0000        306.5004
  125         21.0011         16.0000         17.0000          4.0000        306.5292
  113         21.0011         16.0000         17.0000          1.0000        306.2524
  117         21.0011         16.0000         17.0000          2.0000        306.4105
  121         21.0011         16.0000         17.0000          3.0000        306.5011
  125         21.0011         16.0000         17.0000          4.0000        306.5295
  113         21.0011         16.0000         17.0000          1.0000        306.2527
  117         21.0011         16.0000         17.0000          2.0000        306.4109
  121         21.0011         16.0000         17.0000          3.0000        306.5015
  125         21.0011         16.0000         17.0000          4.0000        306.5298
  113         22.0025         16.0000         17.0000          1.0000        305.7420
  117         22.0025         16.0000         17.0000          2.0000        305.8581
  121         22.0025         16.0000         17.0000          3.0000        305.9067
  125         22.0025         16.0000         17.0000          4.0000        305.8991
  113         22.0025         16.0000         17.0000          1.0000        305.7447
  117         22.0025         16.0000         17.0000          2.0000        305.8605
  121         22.0025         16.0000         17.0000          3.0000        305.9086
  125         22.0025         16.0000         17.0000          4.0000        305.9004
  113         22.0025         16.0000         17.0000          1.0000        305.7453
  117         22.0025         16.0000         17.0000          2.0000        305.8611
  121         22.0025         16.0000         17.0000          3.0000        305.9092
  125         22.0025         16.0000         17.0000          4.0000        305.9009
  113         23.0064         16.0000         17.0000          1.0000        305.3197
  117         23.0064         16.0000         17.0000          2.0000        305.4066
  121         23.0064         16.0000         17.0000          3.0000        305.4296
  125         23.0064         16.0000         17.0000          4.0000        305.4010
  113         23.0064         16.0000         17.0000          1.0000        305.3227
  117         23.0064         16.0000         17.0000          2.0000        305.4093
  121         23.0064         16.0000         17.0000          3.0000        305.4317
  125         23.0064         16.0000         17.0000          4.0000        305.4024
  113         23.0064         16.0000         17.0000          1.0000        305.3233
  117         23.0064         16.0000         17.0000          2.0000        305.4099
  121         23.0064         16.0000         17.0000          3.0000        305.4324
  125         23.0064         16.0000         17.0000          4.0000        305.4030
