  114          1.0013         16.0000         18.0000          1.0000        300.6088
  115          1.0013         16.0000         19.0000          1.0000        300.5841
  116          1.0013         16.0000         20.0000          1.0000        300.4868
  118          1.0013         16.0000         18.0000          2.0000        300.3138
  119          1.0013         16.0000         19.0000          2.0000        300.2945
  120          1.0013         16.0000         20.0000          2.0000        300.2129
  122          1.0013         16.0000         18.0000          3.0000        299.9894
  123          1.0013         16.0000         19.0000          3.0000        299.9716
  124          1.0013         16.0000         20.0000          3.0000        299.9129
  126          1.0013         16.0000         18.0000          4.0000        299.6346
  127          1.0013         16.0000         19.0000          4.0000        299.6216
  128          1.0013         16.0000         20.0000          4.0000        299.5789
  114          1.0013         16.0000         18.0000          1.0000        300.6275
  115          1.0013         16.0000         19.0000          1.0000        300.6031
  116          1.0013         16.0000         20.0000          1.0000        300.5031
  118          1.0013         16.0000         18.0000          2.0000        300.3303
  119          1.0013         16.0000         19.0000          2.0000        300.3113
  120          1.0013         16.0000         20.0000          2.0000        300.2275
  122          1.0013         16.0000         18.0000          3.0000        300.0029
  123          1.0013         16.0000         19.0000          3.0000        299.9852
  124          1.0013         16.0000         20.0000          3.0000        299.9249
  126          1.0013         16.0000         18.0000          4.0000        299.6442
  127          1.0013         16.0000         19.0000          4.0000        299.6312
  128          1.0013         16.0000         20.0000          4.0000        299.5874
  114          1.0013         16.0000         18.0000          1.0000        300.6284
  115          1.0013         16.0000         19.0000          1.0000        300.6041
  116          1.0013         16.0000         20.0000          1.0000        300.5040
  118          1.0013         16.0000         18.0000          2.0000        300.3314
  119          1.0013         16.0000         19.0000          2.0000        300.3123
  120          1.0013         16.0000         20.0000          2.0000        300.2285
  122          1.0013         16.0000         18.0000          3.0000        300.0040
  123          1.0013         16.0000         19.0000          3.0000        299.9863
  124          1.0013         16.0000         20.0000          3.0000        299.9259
  126          1.0013         16.0000         18.0000          4.0000        299.6452
  127          1.0013         16.0000         19.0000          4.0000        299.6323
  128          1.0013         16.0000         20.0000          4.0000        299.5884
  114          1.0085         16.0000         18.0000          1.0000        300.5922
  115          1.0085         16.0000         19.0000          1.0000        300.5675
  116          1.0085         16.0000         20.0000          1.0000        300.4702
  118          1.0085         16.0000         18.0000          2.0000        300.2975
  119          1.0085         16.0000         19.0000          2.0000        300.2782
  120          1.0085         16.0000         20.0000          2.0000        300.1967
  122          1.0085         16.0000         18.0000          3.0000        299.9735
  123          1.0085         16.0000         19.0000          3.0000        299.9557
  124          1.0085         16.0000         20.0000          3.0000        299.8970
  126          1.0085         16.0000         18.0000          4.0000        299.6192
  127          1.0085         16.0000         19.0000          4.0000        299.6061
  128          1.0085         16.0000         20.0000          4.0000        299.5635
  114          1.0085         16.0000         18.0000          1.0000        300.6119
  115          1.0085         16.0000         19.0000          1.0000        300.5875
  116          1.0085         16.0000         20.0000          1.0000        300.4877
  118          1.0085         16.0000         18.0000          2.0000        300.3148
  119          1.0085         16.0000         19.0000          2.0000        300.2957
  120          1.0085         16.0000         20.0000          2.0000        300.2121
  122          1.0085         16.0000         18.0000          3.0000        299.9875
  123          1.0085         16.0000         19.0000          3.0000        299.9698
  124          1.0085         16.0000         20.0000          3.0000        299.9097
  126          1.0085         16.0000         18.0000          4.0000        299.6291
  127          1.0085         16.0000         19.0000          4.0000        299.6162
  128          1.0085         16.0000         20.0000          4.0000        299.5725
  114          1.0085         16.0000         18.0000          1.0000        300.6128
  115          1.0085         16.0000         19.0000          1.0000        300.5884
  116          1.0085         16.0000         20.0000          1.0000        300.4885
  118          1.0085         16.0000         18.0000          2.0000        300.3158
  119          1.0085         16.0000         19.0000          2.0000        300.2968
  120          1.0085         16.0000         20.0000          2.0000        300.2130
  122          1.0085         16.0000         18.0000          3.0000        299.9886
  123          1.0085         16.0000         19.0000          3.0000        299.9709
  124          1.0085         16.0000         20.0000          3.0000        299.9106
  126          1.0085         16.0000         18.0000          4.0000        299.6302
  127          1.0085         16.0000         19.0000          4.0000        299.6172
  128          1.0085         16.0000         20.0000          4.0000        299.5734
  114          2.0075         16.0000         18.0000          1.0000        300.2787
  115          2.0075         16.0000         19.0000          1.0000        300.2539
  116          2.0075         16.0000         20.0000          1.0000        300.1552
  118          2.0075         16.0000         18.0000          2.0000        300.0013
  119          2.0075         16.0000         19.0000          2.0000        299.9824
  120          2.0075         16.0000         20.0000          2.0000        299.8999
  122          2.0075         16.0000         18.0000          3.0000        299.6940
  123          2.0075         16.0000         19.0000          3.0000        299.6770
  124          2.0075         16.0000         20.0000          3.0000        299.6175
  126          2.0075         16.0000         18.0000          4.0000        299.3604
  127          2.0075         16.0000         19.0000          4.0000        299.3482
  128          2.0075         16.0000         20.0000          4.0000        299.3049
  114          2.0075         16.0000         18.0000          1.0000        300.2984
  115          2.0075         16.0000         19.0000          1.0000        300.2740
  116          2.0075         16.0000         20.0000          1.0000        300.1727
  118          2.0075         16.0000         18.0000          2.0000        300.0187
  119          2.0075         16.0000         19.0000          2.0000        300.0000
  120          2.0075         16.0000         20.0000          2.0000        299.9155
  122          2.0075         16.0000         18.0000          3.0000        299.7081
  123          2.0075         16.0000         19.0000          3.0000        299.6912
  124          2.0075         16.0000         20.0000          3.0000        299.6302
  126          2.0075         16.0000         18.0000          4.0000        299.3705
  127          2.0075         16.0000         19.0000          4.0000        299.3583
  128          2.0075         16.0000         20.0000          4.0000        299.3141
  114          2.0075         16.0000         18.0000          1.0000        300.2994
  115          2.0075         16.0000         19.0000          1.0000        300.2751
  116          2.0075         16.0000         20.0000          1.0000        300.1737
  118          2.0075         16.0000         18.0000          2.0000        300.0199
  119          2.0075         16.0000         19.0000          2.0000        300.0011
  120          2.0075         16.0000         20.0000          2.0000        299.9165
  122          2.0075         16.0000         18.0000          3.0000        299.7093
  123          2.0075         16.0000         19.0000          3.0000        299.6924
  124          2.0075         16.0000         20.0000          3.0000        299.6313
  126          2.0075         16.0000         18.0000          4.0000        299.3715
  127          2.0075         16.0000         19.0000          4.0000        299.3594
  128          2.0075         16.0000         20.0000          4.0000        299.3150
  114          3.0133         16.0000         18.0000          1.0000        300.0619
  115          3.0133         16.0000         19.0000          1.0000        300.0356
  116          3.0133         16.0000         20.0000          1.0000        299.9362
  118          3.0133         16.0000         18.0000          2.0000        299.7993
  119          3.0133         16.0000         19.0000          2.0000        299.7797
  120          3.0133         16.0000         20.0000          2.0000        299.6973
  122          3.0133         16.0000         18.0000          3.0000        299.5072
  123          3.0133         16.0000         19.0000          3.0000        299.4900
  124          3.0133         16.0000         20.0000          3.0000        299.4304
  126          3.0133         16.0000         18.0000          4.0000        299.1833
  127          3.0133         16.0000         19.0000          4.0000        299.1711
  128          3.0133         16.0000         20.0000          4.0000        299.1278
  114          3.0133         16.0000         18.0000          1.0000        300.0826
  115          3.0133         16.0000         19.0000          1.0000        300.0567
  116          3.0133         16.0000         20.0000          1.0000        299.9547
  118          3.0133         16.0000         18.0000          2.0000        299.8175
  119          3.0133         16.0000         19.0000          2.0000        299.7981
  120          3.0133         16.0000         20.0000          2.0000        299.7136
  122          3.0133         16.0000         18.0000          3.0000        299.5220
  123          3.0133         16.0000         19.0000          3.0000        299.5049
  124          3.0133         16.0000         20.0000          3.0000        299.4438
  126          3.0133         16.0000         18.0000          4.0000        299.1939
  127          3.0133         16.0000         19.0000          4.0000        299.1818
  128          3.0133         16.0000         20.0000          4.0000        299.1375
  114          3.0133         16.0000         18.0000          1.0000        300.0836
  115          3.0133         16.0000         19.0000          1.0000        300.0577
  116          3.0133         16.0000         20.0000          1.0000        299.9556
  118          3.0133         16.0000         18.0000          2.0000        299.8187
  119          3.0133         16.0000         19.0000          2.0000        299.7993
  120          3.0133         16.0000         20.0000          2.0000        299.7147
  122          3.0133         16.0000         18.0000          3.0000        299.5232
  123          3.0133         16.0000         19.0000          3.0000        299.5061
  124          3.0133         16.0000         20.0000          3.0000        299.4449
  126          3.0133         16.0000         18.0000          4.0000        299.1951
  127          3.0133         16.0000         19.0000          4.0000        299.1830
  128          3.0133         16.0000         20.0000          4.0000        299.1385
  114          4.0157         16.0000         18.0000          1.0000        299.8373
  115          4.0157         16.0000         19.0000          1.0000        299.8102
  116          4.0157         16.0000         20.0000          1.0000        299.7096
  118          4.0157         16.0000         18.0000          2.0000        299.5859
  119          4.0157         16.0000         19.0000          2.0000        299.5660
  120          4.0157         16.0000         20.0000          2.0000        299.4830
  122          4.0157         16.0000         18.0000          3.0000        299.3049
  123          4.0157         16.0000         19.0000          3.0000        299.2879
  124          4.0157         16.0000         20.0000          3.0000        299.2278
  126          4.0157         16.0000         18.0000          4.0000        298.9907
  127          4.0157         16.0000         19.0000          4.0000        298.9787
  128          4.0157         16.0000         20.0000          4.0000        298.9350
  114          4.0157         16.0000         18.0000          1.0000        299.8573
  115          4.0157         16.0000         19.0000          1.0000        299.8306
  116          4.0157         16.0000         20.0000          1.0000        299.7274
  118          4.0157         16.0000         18.0000          2.0000        299.6035
  119          4.0157         16.0000         19.0000          2.0000        299.5839
  120          4.0157         16.0000         20.0000          2.0000        299.4988
  122          4.0157         16.0000         18.0000          3.0000        299.3192
  123          4.0157         16.0000         19.0000          3.0000        299.3024
  124          4.0157         16.0000         20.0000          3.0000        299.2407
  126          4.0157         16.0000         18.0000          4.0000        299.0009
  127          4.0157         16.0000         19.0000          4.0000        298.9890
  128          4.0157         16.0000         20.0000          4.0000        298.9443
  114          4.0157         16.0000         18.0000          1.0000        299.8582
  115          4.0157         16.0000         19.0000          1.0000        299.8315
  116          4.0157         16.0000         20.0000          1.0000        299.7283
  118          4.0157         16.0000         18.0000          2.0000        299.6046
  119          4.0157         16.0000         19.0000          2.0000        299.5850
  120          4.0157         16.0000         20.0000          2.0000        299.4998
  122          4.0157         16.0000         18.0000          3.0000        299.3204
  123          4.0157         16.0000         19.0000          3.0000        299.3035
  124          4.0157         16.0000         20.0000          3.0000        299.2418
  126          4.0157         16.0000         18.0000          4.0000        299.0020
  127          4.0157         16.0000         19.0000          4.0000        298.9901
  128          4.0157         16.0000         20.0000          4.0000        298.9453
  114          5.0182         16.0000         18.0000          1.0000        299.5732
  115          5.0182         16.0000         19.0000          1.0000        299.5456
  116          5.0182         16.0000         20.0000          1.0000        299.4428
  118          5.0182         16.0000         18.0000          2.0000        299.3275
  119          5.0182         16.0000         19.0000          2.0000        299.3076
  120          5.0182         16.0000         20.0000          2.0000        299.2231
  122          5.0182         16.0000         18.0000          3.0000        299.0519
  123          5.0182         16.0000         19.0000          3.0000        299.0351
  124          5.0182         16.0000         20.0000          3.0000        298.9739
  126          5.0182         16.0000         18.0000          4.0000        298.7421
  127          5.0182         16.0000         19.0000          4.0000        298.7304
  128          5.0182         16.0000         20.0000          4.0000        298.6859
  114          5.0182         16.0000         18.0000          1.0000        299.5936
  115          5.0182         16.0000         19.0000          1.0000        299.5664
  116          5.0182         16.0000         20.0000          1.0000        299.4611
  118          5.0182         16.0000         18.0000          2.0000        299.3455
  119          5.0182         16.0000         19.0000          2.0000        299.3257
  120          5.0182         16.0000         20.0000          2.0000        299.2392
  122          5.0182         16.0000         18.0000          3.0000        299.0665
  123          5.0182         16.0000         19.0000          3.0000        299.0498
  124          5.0182         16.0000         20.0000          3.0000        298.9870
  126          5.0182         16.0000         18.0000          4.0000        298.7526
  127          5.0182         16.0000         19.0000          4.0000        298.7410
  128          5.0182         16.0000         20.0000          4.0000        298.6954
  114          5.0182         16.0000         18.0000          1.0000        299.5946
  115          5.0182         16.0000         19.0000          1.0000        299.5674
  116          5.0182         16.0000         20.0000          1.0000        299.4619
  118          5.0182         16.0000         18.0000          2.0000        299.3466
  119          5.0182         16.0000         19.0000          2.0000        299.3269
  120          5.0182         16.0000         20.0000          2.0000        299.2402
  122          5.0182         16.0000         18.0000          3.0000        299.0676
  123          5.0182         16.0000         19.0000          3.0000        299.0510
  124          5.0182         16.0000         20.0000          3.0000        298.9881
  126          5.0182         16.0000         18.0000          4.0000        298.7537
  127          5.0182         16.0000         19.0000          4.0000        298.7421
  128          5.0182         16.0000         20.0000          4.0000        298.6964
  114          6.0271         16.0000         18.0000          1.0000        299.5371
  115          6.0271         16.0000         19.0000          1.0000        299.5103
  116          6.0271         16.0000         20.0000          1.0000        299.4114
  118          6.0271         16.0000         18.0000          2.0000        299.3121
  119          6.0271         16.0000         19.0000          2.0000        299.2930
  120          6.0271         16.0000         20.0000          2.0000        299.2118
  122          6.0271         16.0000         18.0000          3.0000        299.0585
  123          6.0271         16.0000         19.0000          3.0000        299.0426
  124          6.0271         16.0000         20.0000          3.0000        298.9836
  126          6.0271         16.0000         18.0000          4.0000        298.7715
  127          6.0271         16.0000         19.0000          4.0000        298.7606
  128          6.0271         16.0000         20.0000          4.0000        298.7176
  114          6.0271         16.0000         18.0000          1.0000        299.5576
  115          6.0271         16.0000         19.0000          1.0000        299.5312
  116          6.0271         16.0000         20.0000          1.0000        299.4297
  118          6.0271         16.0000         18.0000          2.0000        299.3302
  119          6.0271         16.0000         19.0000          2.0000        299.3113
  120          6.0271         16.0000         20.0000          2.0000        299.2280
  122          6.0271         16.0000         18.0000          3.0000        299.0732
  123          6.0271         16.0000         19.0000          3.0000        299.0574
  124          6.0271         16.0000         20.0000          3.0000        298.9969
  126          6.0271         16.0000         18.0000          4.0000        298.7821
  127          6.0271         16.0000         19.0000          4.0000        298.7712
  128          6.0271         16.0000         20.0000          4.0000        298.7272
  114          6.0271         16.0000         18.0000          1.0000        299.5586
  115          6.0271         16.0000         19.0000          1.0000        299.5321
  116          6.0271         16.0000         20.0000          1.0000        299.4305
  118          6.0271         16.0000         18.0000          2.0000        299.3313
  119          6.0271         16.0000         19.0000          2.0000        299.3124
  120          6.0271         16.0000         20.0000          2.0000        299.2291
  122          6.0271         16.0000         18.0000          3.0000        299.0743
  123          6.0271         16.0000         19.0000          3.0000        299.0586
  124          6.0271         16.0000         20.0000          3.0000        298.9979
  126          6.0271         16.0000         18.0000          4.0000        298.7832
  127          6.0271         16.0000         19.0000          4.0000        298.7724
  128          6.0271         16.0000         20.0000          4.0000        298.7282
  114          7.0186         16.0000         18.0000          1.0000        299.4498
  115          7.0186         16.0000         19.0000          1.0000        299.4236
  116          7.0186         16.0000         20.0000          1.0000        299.3264
  118          7.0186         16.0000         18.0000          2.0000        299.2376
  119          7.0186         16.0000         19.0000          2.0000        299.2192
  120          7.0186         16.0000         20.0000          2.0000        299.1396
  122          7.0186         16.0000         18.0000          3.0000        298.9974
  123          7.0186         16.0000         19.0000          3.0000        298.9823
  124          7.0186         16.0000         20.0000          3.0000        298.9242
  126          7.0186         16.0000         18.0000          4.0000        298.7243
  127          7.0186         16.0000         19.0000          4.0000        298.7139
  128          7.0186         16.0000         20.0000          4.0000        298.6716
  114          7.0186         16.0000         18.0000          1.0000        299.4739
  115          7.0186         16.0000         19.0000          1.0000        299.4481
  116          7.0186         16.0000         20.0000          1.0000        299.3481
  118          7.0186         16.0000         18.0000          2.0000        299.2592
  119          7.0186         16.0000         19.0000          2.0000        299.2410
  120          7.0186         16.0000         20.0000          2.0000        299.1590
  122          7.0186         16.0000         18.0000          3.0000        299.0151
  123          7.0186         16.0000         19.0000          3.0000        299.0001
  124          7.0186         16.0000         20.0000          3.0000        298.9403
  126          7.0186         16.0000         18.0000          4.0000        298.7370
  127          7.0186         16.0000         19.0000          4.0000        298.7267
  128          7.0186         16.0000         20.0000          4.0000        298.6831
  114          7.0186         16.0000         18.0000          1.0000        299.4753
  115          7.0186         16.0000         19.0000          1.0000        299.4496
  116          7.0186         16.0000         20.0000          1.0000        299.3495
  118          7.0186         16.0000         18.0000          2.0000        299.2607
  119          7.0186         16.0000         19.0000          2.0000        299.2426
  120          7.0186         16.0000         20.0000          2.0000        299.1605
  122          7.0186         16.0000         18.0000          3.0000        299.0167
  123          7.0186         16.0000         19.0000          3.0000        299.0017
  124          7.0186         16.0000         20.0000          3.0000        298.9418
  126          7.0186         16.0000         18.0000          4.0000        298.7385
  127          7.0186         16.0000         19.0000          4.0000        298.7282
  128          7.0186         16.0000         20.0000          4.0000        298.6845
  114          8.0102         16.0000         18.0000          1.0000        300.6399
  115          8.0102         16.0000         19.0000          1.0000        300.6156
  116          8.0102         16.0000         20.0000          1.0000        300.5968
  118          8.0102         16.0000         18.0000          2.0000        300.6386
  119          8.0102         16.0000         19.0000          2.0000        300.6224
  120          8.0102         16.0000         20.0000          2.0000        300.6089
  122          8.0102         16.0000         18.0000          3.0000        300.6463
  123          8.0102         16.0000         19.0000          3.0000        300.6332
  124          8.0102         16.0000         20.0000          3.0000        300.6228
  126          8.0102         16.0000         18.0000          4.0000        300.6489
  127          8.0102         16.0000         19.0000          4.0000        300.6399
  128          8.0102         16.0000         20.0000          4.0000        300.6339
  114          8.0102         16.0000         18.0000          1.0000        300.6802
  115          8.0102         16.0000         19.0000          1.0000        300.6567
  116          8.0102         16.0000         20.0000          1.0000        300.6349
  118          8.0102         16.0000         18.0000          2.0000        300.6771
  119          8.0102         16.0000         19.0000          2.0000        300.6617
  120          8.0102         16.0000         20.0000          2.0000        300.6453
  122          8.0102         16.0000         18.0000          3.0000        300.6803
  123          8.0102         16.0000         19.0000          3.0000        300.6680
  124          8.0102         16.0000         20.0000          3.0000        300.6551
  126          8.0102         16.0000         18.0000          4.0000        300.6761
  127          8.0102         16.0000         19.0000          4.0000        300.6675
  128          8.0102         16.0000         20.0000          4.0000        300.6594
  114          8.0102         16.0000         18.0000          1.0000        300.6845
  115          8.0102         16.0000         19.0000          1.0000        300.6611
  116          8.0102         16.0000         20.0000          1.0000        300.6389
  118          8.0102         16.0000         18.0000          2.0000        300.6814
  119          8.0102         16.0000         19.0000          2.0000        300.6660
  120          8.0102         16.0000         20.0000          2.0000        300.6493
  122          8.0102         16.0000         18.0000          3.0000        300.6843
  123          8.0102         16.0000         19.0000          3.0000        300.6720
  124          8.0102         16.0000         20.0000          3.0000        300.6588
  126          8.0102         16.0000         18.0000          4.0000        300.6796
  127          8.0102         16.0000         19.0000          4.0000        300.6711
  128          8.0102         16.0000         20.0000          4.0000        300.6627
  114          9.0088         16.0000         18.0000          1.0000        306.5548
  115          9.0088         16.0000         19.0000          1.0000        306.5591
  116          9.0088         16.0000         20.0000          1.0000        306.8520
  118          9.0088         16.0000         18.0000          2.0000        307.4433
  119          9.0088         16.0000         19.0000          2.0000        307.4581
  120          9.0088         16.0000         20.0000          2.0000        307.6872
  122          9.0088         16.0000         18.0000          3.0000        308.3966
  123          9.0088         16.0000         19.0000          3.0000        308.4046
  124          9.0088         16.0000         20.0000          3.0000        308.5381
  126          9.0088         16.0000         18.0000          4.0000        309.3400
  127          9.0088         16.0000         19.0000          4.0000        309.3378
  128          9.0088         16.0000         20.0000          4.0000        309.4193
  114          9.0088         16.0000         18.0000          1.0000        306.5886
  115          9.0088         16.0000         19.0000          1.0000        306.5935
  116          9.0088         16.0000         20.0000          1.0000        306.8837
  118          9.0088         16.0000         18.0000          2.0000        307.4745
  119          9.0088         16.0000         19.0000          2.0000        307.4898
  120          9.0088         16.0000         20.0000          2.0000        307.7166
  122          9.0088         16.0000         18.0000          3.0000        308.4230
  123          9.0088         16.0000         19.0000          3.0000        308.4315
  124          9.0088         16.0000         20.0000          3.0000        308.5629
  126          9.0088         16.0000         18.0000          4.0000        309.3598
  127          9.0088         16.0000         19.0000          4.0000        309.3578
  128          9.0088         16.0000         20.0000          4.0000        309.4377
  114          9.0088         16.0000         18.0000          1.0000        306.5915
  115          9.0088         16.0000         19.0000          1.0000        306.5965
  116          9.0088         16.0000         20.0000          1.0000        306.8863
  118          9.0088         16.0000         18.0000          2.0000        307.4772
  119          9.0088         16.0000         19.0000          2.0000        307.4925
  120          9.0088         16.0000         20.0000          2.0000        307.7190
  122          9.0088         16.0000         18.0000          3.0000        308.4254
  123          9.0088         16.0000         19.0000          3.0000        308.4339
  124          9.0088         16.0000         20.0000          3.0000        308.5652
  126          9.0088         16.0000         18.0000          4.0000        309.3619
  127          9.0088         16.0000         19.0000          4.0000        309.3599
  128          9.0088         16.0000         20.0000          4.0000        309.4397
  114         10.0006         16.0000         18.0000          1.0000        312.9162
  115         10.0006         16.0000         19.0000          1.0000        312.9525
  116         10.0006         16.0000         20.0000          1.0000        313.4776
  118         10.0006         16.0000         18.0000          2.0000        314.6413
  119         10.0006         16.0000         19.0000          2.0000        314.6906
  120         10.0006         16.0000         20.0000          2.0000        315.0718
  122         10.0006         16.0000         18.0000          3.0000        316.3077
  123         10.0006         16.0000         19.0000          3.0000        316.3336
  124         10.0006         16.0000         20.0000          3.0000        316.5223
  126         10.0006         16.0000         18.0000          4.0000        317.8001
  127         10.0006         16.0000         19.0000          4.0000        317.8023
  128         10.0006         16.0000         20.0000          4.0000        317.9002
  114         10.0006         16.0000         18.0000          1.0000        312.9465
  115         10.0006         16.0000         19.0000          1.0000        312.9845
  116         10.0006         16.0000         20.0000          1.0000        313.5075
  118         10.0006         16.0000         18.0000          2.0000        314.6692
  119         10.0006         16.0000         19.0000          2.0000        314.7201
  120         10.0006         16.0000         20.0000          2.0000        315.0997
  122         10.0006         16.0000         18.0000          3.0000        316.3314
  123         10.0006         16.0000         19.0000          3.0000        316.3588
  124         10.0006         16.0000         20.0000          3.0000        316.5463
  126         10.0006         16.0000         18.0000          4.0000        317.8183
  127         10.0006         16.0000         19.0000          4.0000        317.8217
  128         10.0006         16.0000         20.0000          4.0000        317.9189
  114         10.0006         16.0000         18.0000          1.0000        312.9500
  115         10.0006         16.0000         19.0000          1.0000        312.9878
  116         10.0006         16.0000         20.0000          1.0000        313.5105
  118         10.0006         16.0000         18.0000          2.0000        314.6725
  119         10.0006         16.0000         19.0000          2.0000        314.7232
  120         10.0006         16.0000         20.0000          2.0000        315.1025
  122         10.0006         16.0000         18.0000          3.0000        316.3344
  123         10.0006         16.0000         19.0000          3.0000        316.3616
  124         10.0006         16.0000         20.0000          3.0000        316.5488
  126         10.0006         16.0000         18.0000          4.0000        317.8209
  127         10.0006         16.0000         19.0000          4.0000        317.8241
  128         10.0006         16.0000         20.0000          4.0000        317.9210
  114         11.0019         16.0000         18.0000          1.0000        318.4871
  115         11.0019         16.0000         19.0000          1.0000        318.5389
  116         11.0019         16.0000         20.0000          1.0000        319.2992
  118         11.0019         16.0000         18.0000          2.0000        320.7939
  119         11.0019         16.0000         19.0000          2.0000        320.8539
  120         11.0019         16.0000         20.0000          2.0000        321.4267
  122         11.0019         16.0000         18.0000          3.0000        323.0229
  123         11.0019         16.0000         19.0000          3.0000        323.0559
  124         11.0019         16.0000         20.0000          3.0000        323.3815
  126         11.0019         16.0000         18.0000          4.0000        325.0840
  127         11.0019         16.0000         19.0000          4.0000        325.0934
  128         11.0019         16.0000         20.0000          4.0000        325.2998
  114         11.0019         16.0000         18.0000          1.0000        318.5103
  115         11.0019         16.0000         19.0000          1.0000        318.5625
  116         11.0019         16.0000         20.0000          1.0000        319.3204
  118         11.0019         16.0000         18.0000          2.0000        320.8144
  119         11.0019         16.0000         19.0000          2.0000        320.8746
  120         11.0019         16.0000         20.0000          2.0000        321.4455
  122         11.0019         16.0000         18.0000          3.0000        323.0395
  123         11.0019         16.0000         19.0000          3.0000        323.0726
  124         11.0019         16.0000         20.0000          3.0000        323.3968
  126         11.0019         16.0000         18.0000          4.0000        325.0959
  127         11.0019         16.0000         19.0000          4.0000        325.1055
  128         11.0019         16.0000         20.0000          4.0000        325.3108
  114         11.0019         16.0000         18.0000          1.0000        318.5133
  115         11.0019         16.0000         19.0000          1.0000        318.5654
  116         11.0019         16.0000         20.0000          1.0000        319.3229
  118         11.0019         16.0000         18.0000          2.0000        320.8172
  119         11.0019         16.0000         19.0000          2.0000        320.8774
  120         11.0019         16.0000         20.0000          2.0000        321.4479
  122         11.0019         16.0000         18.0000          3.0000        323.0420
  123         11.0019         16.0000         19.0000          3.0000        323.0751
  124         11.0019         16.0000         20.0000          3.0000        323.3990
  126         11.0019         16.0000         18.0000          4.0000        325.0980
  127         11.0019         16.0000         19.0000          4.0000        325.1076
  128         11.0019         16.0000         20.0000          4.0000        325.3127
  114         12.0048         16.0000         18.0000          1.0000        325.8623
  115         12.0048         16.0000         19.0000          1.0000        325.9098
  116         12.0048         16.0000         20.0000          1.0000        326.7467
  118         12.0048         16.0000         18.0000          2.0000        327.8429
  119         12.0048         16.0000         19.0000          2.0000        327.8934
  120         12.0048         16.0000         20.0000          2.0000        328.5766
  122         12.0048         16.0000         18.0000          3.0000        329.9358
  123         12.0048         16.0000         19.0000          3.0000        329.9596
  124         12.0048         16.0000         20.0000          3.0000        330.4083
  126         12.0048         16.0000         18.0000          4.0000        331.9863
  127         12.0048         16.0000         19.0000          4.0000        331.9875
  128         12.0048         16.0000         20.0000          4.0000        332.3009
  114         12.0048         16.0000         18.0000          1.0000        326.0261
  115         12.0048         16.0000         19.0000          1.0000        326.0594
  116         12.0048         16.0000         20.0000          1.0000        326.8062
  118         12.0048         16.0000         18.0000          2.0000        327.4939
  119         12.0048         16.0000         19.0000          2.0000        327.5302
  120         12.0048         16.0000         20.0000          2.0000        328.1903
  122         12.0048         16.0000         18.0000          3.0000        329.4170
  123         12.0048         16.0000         19.0000          3.0000        329.4352
  124         12.0048         16.0000         20.0000          3.0000        329.9055
  126         12.0048         16.0000         18.0000          4.0000        331.4659
  127         12.0048         16.0000         19.0000          4.0000        331.4649
  128         12.0048         16.0000         20.0000          4.0000        331.8078
  114         12.0048         16.0000         18.0000          1.0000        326.0452
  115         12.0048         16.0000         19.0000          1.0000        326.0809
  116         12.0048         16.0000         20.0000          1.0000        326.8273
  118         12.0048         16.0000         18.0000          2.0000        327.5379
  119         12.0048         16.0000         19.0000          2.0000        327.5760
  120         12.0048         16.0000         20.0000          2.0000        328.2346
  122         12.0048         16.0000         18.0000          3.0000        329.4729
  123         12.0048         16.0000         19.0000          3.0000        329.4922
  124         12.0048         16.0000         20.0000          3.0000        329.9582
  126         12.0048         16.0000         18.0000          4.0000        331.5206
  127         12.0048         16.0000         19.0000          4.0000        331.5202
  128         12.0048         16.0000         20.0000          4.0000        331.8585
  114         12.0048         16.0000         18.0000          1.0000        326.0436
  115         12.0048         16.0000         19.0000          1.0000        326.0789
  116         12.0048         16.0000         20.0000          1.0000        326.8253
  118         12.0048         16.0000         18.0000          2.0000        327.5338
  119         12.0048         16.0000         19.0000          2.0000        327.5716
  120         12.0048         16.0000         20.0000          2.0000        328.2305
  122         12.0048         16.0000         18.0000          3.0000        329.4675
  123         12.0048         16.0000         19.0000          3.0000        329.4866
  124         12.0048         16.0000         20.0000          3.0000        329.9532
  126         12.0048         16.0000         18.0000          4.0000        331.5152
  127         12.0048         16.0000         19.0000          4.0000        331.5147
  128         12.0048         16.0000         20.0000          4.0000        331.8536
  114         13.0003         16.0000         18.0000          1.0000        324.7841
  115         13.0003         16.0000         19.0000          1.0000        324.8142
  116         13.0003         16.0000         20.0000          1.0000        325.5758
  118         13.0003         16.0000         18.0000          2.0000        326.3516
  119         13.0003         16.0000         19.0000          2.0000        326.3749
  120         13.0003         16.0000         20.0000          2.0000        327.0193
  122         13.0003         16.0000         18.0000          3.0000        328.1520
  123         13.0003         16.0000         19.0000          3.0000        328.1578
  124         13.0003         16.0000         20.0000          3.0000        328.6176
  126         13.0003         16.0000         18.0000          4.0000        330.0103
  127         13.0003         16.0000         19.0000          4.0000        330.0004
  128         13.0003         16.0000         20.0000          4.0000        330.3354
  114         13.0003         16.0000         18.0000          1.0000        324.8033
  115         13.0003         16.0000         19.0000          1.0000        324.8337
  116         13.0003         16.0000         20.0000          1.0000        325.5931
  118         13.0003         16.0000         18.0000          2.0000        326.3683
  119         13.0003         16.0000         19.0000          2.0000        326.3917
  120         13.0003         16.0000         20.0000          2.0000        327.0344
  122         13.0003         16.0000         18.0000          3.0000        328.1655
  123         13.0003         16.0000         19.0000          3.0000        328.1714
  124         13.0003         16.0000         20.0000          3.0000        328.6300
  126         13.0003         16.0000         18.0000          4.0000        330.0203
  127         13.0003         16.0000         19.0000          4.0000        330.0103
  128         13.0003         16.0000         20.0000          4.0000        330.3447
  114         13.0003         16.0000         18.0000          1.0000        324.8055
  115         13.0003         16.0000         19.0000          1.0000        324.8359
  116         13.0003         16.0000         20.0000          1.0000        325.5950
  118         13.0003         16.0000         18.0000          2.0000        326.3705
  119         13.0003         16.0000         19.0000          2.0000        326.3938
  120         13.0003         16.0000         20.0000          2.0000        327.0363
  122         13.0003         16.0000         18.0000          3.0000        328.1674
  123         13.0003         16.0000         19.0000          3.0000        328.1733
  124         13.0003         16.0000         20.0000          3.0000        328.6318
  126         13.0003         16.0000         18.0000          4.0000        330.0218
  127         13.0003         16.0000         19.0000          4.0000        330.0119
  128         13.0003         16.0000         20.0000          4.0000        330.3461
  114         14.0007         16.0000         18.0000          1.0000        323.7407
  115         14.0007         16.0000         19.0000          1.0000        323.7621
  116         14.0007         16.0000         20.0000          1.0000        324.5804
  118         14.0007         16.0000         18.0000          2.0000        325.4927
  119         14.0007         16.0000         19.0000          2.0000        325.5066
  120         14.0007         16.0000         20.0000          2.0000        326.2091
  122         14.0007         16.0000         18.0000          3.0000        327.6125
  123         14.0007         16.0000         19.0000          3.0000        327.6171
  124         14.0007         16.0000         20.0000          3.0000        328.1344
  126         14.0007         16.0000         18.0000          4.0000        329.8707
  127         14.0007         16.0000         19.0000          4.0000        329.8655
  128         14.0007         16.0000         20.0000          4.0000        330.2544
  114         14.0007         16.0000         18.0000          1.0000        323.8556
  115         14.0007         16.0000         19.0000          1.0000        323.8779
  116         14.0007         16.0000         20.0000          1.0000        324.6907
  118         14.0007         16.0000         18.0000          2.0000        325.6003
  119         14.0007         16.0000         19.0000          2.0000        325.6152
  120         14.0007         16.0000         20.0000          2.0000        326.3105
  122         14.0007         16.0000         18.0000          3.0000        327.7028
  123         14.0007         16.0000         19.0000          3.0000        327.7083
  124         14.0007         16.0000         20.0000          3.0000        328.2188
  126         14.0007         16.0000         18.0000          4.0000        329.9371
  127         14.0007         16.0000         19.0000          4.0000        329.9326
  128         14.0007         16.0000         20.0000          4.0000        330.3157
  114         14.0007         16.0000         18.0000          1.0000        323.8685
  115         14.0007         16.0000         19.0000          1.0000        323.8912
  116         14.0007         16.0000         20.0000          1.0000        324.7025
  118         14.0007         16.0000         18.0000          2.0000        325.6124
  119         14.0007         16.0000         19.0000          2.0000        325.6274
  120         14.0007         16.0000         20.0000          2.0000        326.3217
  122         14.0007         16.0000         18.0000          3.0000        327.7138
  123         14.0007         16.0000         19.0000          3.0000        327.7194
  124         14.0007         16.0000         20.0000          3.0000        328.2291
  126         14.0007         16.0000         18.0000          4.0000        329.9467
  127         14.0007         16.0000         19.0000          4.0000        329.9423
  128         14.0007         16.0000         20.0000          4.0000        330.3248
  114         14.0007         16.0000         18.0000          1.0000        323.8719
  115         14.0007         16.0000         19.0000          1.0000        323.8945
  116         14.0007         16.0000         20.0000          1.0000        324.7055
  118         14.0007         16.0000         18.0000          2.0000        325.6153
  119         14.0007         16.0000         19.0000          2.0000        325.6303
  120         14.0007         16.0000         20.0000          2.0000        326.3243
  122         14.0007         16.0000         18.0000          3.0000        327.7163
  123         14.0007         16.0000         19.0000          3.0000        327.7219
  124         14.0007         16.0000         20.0000          3.0000        328.2314
  126         14.0007         16.0000         18.0000          4.0000        329.9486
  127         14.0007         16.0000         19.0000          4.0000        329.9442
  128         14.0007         16.0000         20.0000          4.0000        330.3266
  114         15.0004         16.0000         18.0000          1.0000        329.2596
  115         15.0004         16.0000         19.0000          1.0000        329.2838
  116         15.0004         16.0000         20.0000          1.0000        329.9324
  118         15.0004         16.0000         18.0000          2.0000        330.2907
  119         15.0004         16.0000         19.0000          2.0000        330.3075
  120         15.0004         16.0000         20.0000          2.0000        330.8981
  122         15.0004         16.0000         18.0000          3.0000        331.7964
  123         15.0004         16.0000         19.0000          3.0000        331.7998
  124         15.0004         16.0000         20.0000          3.0000        332.2453
  126         15.0004         16.0000         18.0000          4.0000        333.4956
  127         15.0004         16.0000         19.0000          4.0000        333.4843
  128         15.0004         16.0000         20.0000          4.0000        333.8164
  114         15.0004         16.0000         18.0000          1.0000        329.1686
  115         15.0004         16.0000         19.0000          1.0000        329.1923
  116         15.0004         16.0000         20.0000          1.0000        329.8420
  118         15.0004         16.0000         18.0000          2.0000        330.2034
  119         15.0004         16.0000         19.0000          2.0000        330.2193
  120         15.0004         16.0000         20.0000          2.0000        330.8143
  122         15.0004         16.0000         18.0000          3.0000        331.7238
  123         15.0004         16.0000         19.0000          3.0000        331.7263
  124         15.0004         16.0000         20.0000          3.0000        332.1768
  126         15.0004         16.0000         18.0000          4.0000        333.4439
  127         15.0004         16.0000         19.0000          4.0000        333.4320
  128         15.0004         16.0000         20.0000          4.0000        333.7689
  114         15.0004         16.0000         18.0000          1.0000        329.1616
  115         15.0004         16.0000         19.0000          1.0000        329.1848
  116         15.0004         16.0000         20.0000          1.0000        329.8357
  118         15.0004         16.0000         18.0000          2.0000        330.1968
  119         15.0004         16.0000         19.0000          2.0000        330.2126
  120         15.0004         16.0000         20.0000          2.0000        330.8083
  122         15.0004         16.0000         18.0000          3.0000        331.7174
  123         15.0004         16.0000         19.0000          3.0000        331.7198
  124         15.0004         16.0000         20.0000          3.0000        332.1707
  126         15.0004         16.0000         18.0000          4.0000        333.4377
  127         15.0004         16.0000         19.0000          4.0000        333.4257
  128         15.0004         16.0000         20.0000          4.0000        333.7630
  114         16.0012         16.0000         18.0000          1.0000        329.6417
  115         16.0012         16.0000         19.0000          1.0000        329.6945
  116         16.0012         16.0000         20.0000          1.0000        330.3089
  118         16.0012         16.0000         18.0000          2.0000        330.3220
  119         16.0012         16.0000         19.0000          2.0000        330.3735
  120         16.0012         16.0000         20.0000          2.0000        330.9638
  122         16.0012         16.0000         18.0000          3.0000        331.6943
  123         16.0012         16.0000         19.0000          3.0000        331.7131
  124         16.0012         16.0000         20.0000          3.0000        332.1314
  126         16.0012         16.0000         18.0000          4.0000        333.1421
  127         16.0012         16.0000         19.0000          4.0000        333.1368
  128         16.0012         16.0000         20.0000          4.0000        333.4345
  114         16.0012         16.0000         18.0000          1.0000        329.6587
  115         16.0012         16.0000         19.0000          1.0000        329.7119
  116         16.0012         16.0000         20.0000          1.0000        330.3242
  118         16.0012         16.0000         18.0000          2.0000        330.3371
  119         16.0012         16.0000         19.0000          2.0000        330.3889
  120         16.0012         16.0000         20.0000          2.0000        330.9774
  122         16.0012         16.0000         18.0000          3.0000        331.7064
  123         16.0012         16.0000         19.0000          3.0000        331.7255
  124         16.0012         16.0000         20.0000          3.0000        332.1426
  126         16.0012         16.0000         18.0000          4.0000        333.1508
  127         16.0012         16.0000         19.0000          4.0000        333.1457
  128         16.0012         16.0000         20.0000          4.0000        333.4426
  114         16.0012         16.0000         18.0000          1.0000        329.6609
  115         16.0012         16.0000         19.0000          1.0000        329.7140
  116         16.0012         16.0000         20.0000          1.0000        330.3260
  118         16.0012         16.0000         18.0000          2.0000        330.3392
  119         16.0012         16.0000         19.0000          2.0000        330.3910
  120         16.0012         16.0000         20.0000          2.0000        330.9793
  122         16.0012         16.0000         18.0000          3.0000        331.7084
  123         16.0012         16.0000         19.0000          3.0000        331.7274
  124         16.0012         16.0000         20.0000          3.0000        332.1443
  126         16.0012         16.0000         18.0000          4.0000        333.1524
  127         16.0012         16.0000         19.0000          4.0000        333.1473
  128         16.0012         16.0000         20.0000          4.0000        333.4440
  114         17.0004         16.0000         18.0000          1.0000        319.0194
  115         17.0004         16.0000         19.0000          1.0000        319.0834
  116         17.0004         16.0000         20.0000          1.0000        321.3755
  118         17.0004         16.0000         18.0000          2.0000        323.3570
  119         17.0004         16.0000         19.0000          2.0000        323.4049
  120         17.0004         16.0000         20.0000          2.0000        323.9167
  122         17.0004         16.0000         18.0000          3.0000        324.7576
  123         17.0004         16.0000         19.0000          3.0000        324.7776
  124         17.0004         16.0000         20.0000          3.0000        325.1282
  126         17.0004         16.0000         18.0000          4.0000        326.1487
  127         17.0004         16.0000         19.0000          4.0000        326.1510
  128         17.0004         16.0000         20.0000          4.0000        326.4023
  114         17.0004         16.0000         18.0000          1.0000        319.1137
  115         17.0004         16.0000         19.0000          1.0000        319.1785
  116         17.0004         16.0000         20.0000          1.0000        321.4642
  118         17.0004         16.0000         18.0000          2.0000        323.4430
  119         17.0004         16.0000         19.0000          2.0000        323.4917
  120         17.0004         16.0000         20.0000          2.0000        323.9977
  122         17.0004         16.0000         18.0000          3.0000        324.8302
  123         17.0004         16.0000         19.0000          3.0000        324.8509
  124         17.0004         16.0000         20.0000          3.0000        325.1962
  126         17.0004         16.0000         18.0000          4.0000        326.2028
  127         17.0004         16.0000         19.0000          4.0000        326.2057
  128         17.0004         16.0000         20.0000          4.0000        326.4525
  114         17.0004         16.0000         18.0000          1.0000        319.1239
  115         17.0004         16.0000         19.0000          1.0000        319.1889
  116         17.0004         16.0000         20.0000          1.0000        321.4732
  118         17.0004         16.0000         18.0000          2.0000        323.4522
  119         17.0004         16.0000         19.0000          2.0000        323.5010
  120         17.0004         16.0000         20.0000          2.0000        324.0062
  122         17.0004         16.0000         18.0000          3.0000        324.8387
  123         17.0004         16.0000         19.0000          3.0000        324.8595
  124         17.0004         16.0000         20.0000          3.0000        325.2042
  126         17.0004         16.0000         18.0000          4.0000        326.2103
  127         17.0004         16.0000         19.0000          4.0000        326.2132
  128         17.0004         16.0000         20.0000          4.0000        326.4596
  114         17.0004         16.0000         18.0000          1.0000        319.1264
  115         17.0004         16.0000         19.0000          1.0000        319.1913
  116         17.0004         16.0000         20.0000          1.0000        321.4754
  118         17.0004         16.0000         18.0000          2.0000        323.4543
  119         17.0004         16.0000         19.0000          2.0000        323.5031
  120         17.0004         16.0000         20.0000          2.0000        324.0080
  122         17.0004         16.0000         18.0000          3.0000        324.8404
  123         17.0004         16.0000         19.0000          3.0000        324.8612
  124         17.0004         16.0000         20.0000          3.0000        325.2058
  126         17.0004         16.0000         18.0000          4.0000        326.2117
  127         17.0004         16.0000         19.0000          4.0000        326.2146
  128         17.0004         16.0000         20.0000          4.0000        326.4609
  114         18.0037         16.0000         18.0000          1.0000        313.0080
  115         18.0037         16.0000         19.0000          1.0000        313.0594
  116         18.0037         16.0000         20.0000          1.0000        315.9071
  118         18.0037         16.0000         18.0000          2.0000        314.3426
  119         18.0037         16.0000         19.0000          2.0000        314.3751
  120         18.0037         16.0000         20.0000          2.0000        316.7646
  122         18.0037         16.0000         18.0000          3.0000        317.2500
  123         18.0037         16.0000         19.0000          3.0000        317.2592
  124         18.0037         16.0000         20.0000          3.0000        318.4774
  126         18.0037         16.0000         18.0000          4.0000        319.9938
  127         18.0037         16.0000         19.0000          4.0000        319.9906
  128         18.0037         16.0000         20.0000          4.0000        320.1301
  114         18.0037         16.0000         18.0000          1.0000        312.9534
  115         18.0037         16.0000         19.0000          1.0000        313.0045
  116         18.0037         16.0000         20.0000          1.0000        315.8543
  118         18.0037         16.0000         18.0000          2.0000        314.2889
  119         18.0037         16.0000         19.0000          2.0000        314.3210
  120         18.0037         16.0000         20.0000          2.0000        316.7143
  122         18.0037         16.0000         18.0000          3.0000        317.2046
  123         18.0037         16.0000         19.0000          3.0000        317.2133
  124         18.0037         16.0000         20.0000          3.0000        318.4348
  126         18.0037         16.0000         18.0000          4.0000        319.9598
  127         18.0037         16.0000         19.0000          4.0000        319.9562
  128         18.0037         16.0000         20.0000          4.0000        320.0980
  114         18.0037         16.0000         18.0000          1.0000        312.9461
  115         18.0037         16.0000         19.0000          1.0000        312.9970
  116         18.0037         16.0000         20.0000          1.0000        315.8479
  118         18.0037         16.0000         18.0000          2.0000        314.2823
  119         18.0037         16.0000         19.0000          2.0000        314.3142
  120         18.0037         16.0000         20.0000          2.0000        316.7084
  122         18.0037         16.0000         18.0000          3.0000        317.1988
  123         18.0037         16.0000         19.0000          3.0000        317.2074
  124         18.0037         16.0000         20.0000          3.0000        318.4294
  126         18.0037         16.0000         18.0000          4.0000        319.9548
  127         18.0037         16.0000         19.0000          4.0000        319.9512
  128         18.0037         16.0000         20.0000          4.0000        320.0932
  114         19.0012         16.0000         18.0000          1.0000        307.3562
  115         19.0012         16.0000         19.0000          1.0000        307.3765
  116         19.0012         16.0000         20.0000          1.0000        308.2326
  118         19.0012         16.0000         18.0000          2.0000        307.6294
  119         19.0012         16.0000         19.0000          2.0000        307.6403
  120         19.0012         16.0000         20.0000          2.0000        308.3813
  122         19.0012         16.0000         18.0000          3.0000        308.1940
  123         19.0012         16.0000         19.0000          3.0000        308.1945
  124         19.0012         16.0000         20.0000          3.0000        308.6939
  126         19.0012         16.0000         18.0000          4.0000        308.9178
  127         19.0012         16.0000         19.0000          4.0000        308.9139
  128         19.0012         16.0000         20.0000          4.0000        309.0715
  114         19.0012         16.0000         18.0000          1.0000        307.3694
  115         19.0012         16.0000         19.0000          1.0000        307.3899
  116         19.0012         16.0000         20.0000          1.0000        308.2441
  118         19.0012         16.0000         18.0000          2.0000        307.6406
  119         19.0012         16.0000         19.0000          2.0000        307.6516
  120         19.0012         16.0000         20.0000          2.0000        308.3913
  122         19.0012         16.0000         18.0000          3.0000        308.2028
  123         19.0012         16.0000         19.0000          3.0000        308.2033
  124         19.0012         16.0000         20.0000          3.0000        308.7018
  126         19.0012         16.0000         18.0000          4.0000        308.9239
  127         19.0012         16.0000         19.0000          4.0000        308.9200
  128         19.0012         16.0000         20.0000          4.0000        309.0771
  114         19.0012         16.0000         18.0000          1.0000        307.3700
  115         19.0012         16.0000         19.0000          1.0000        307.3905
  116         19.0012         16.0000         20.0000          1.0000        308.2445
  118         19.0012         16.0000         18.0000          2.0000        307.6413
  119         19.0012         16.0000         19.0000          2.0000        307.6523
  120         19.0012         16.0000         20.0000          2.0000        308.3919
  122         19.0012         16.0000         18.0000          3.0000        308.2035
  123         19.0012         16.0000         19.0000          3.0000        308.2040
  124         19.0012         16.0000         20.0000          3.0000        308.7024
  126         19.0012         16.0000         18.0000          4.0000        308.9245
  127         19.0012         16.0000         19.0000          4.0000        308.9206
  128         19.0012         16.0000         20.0000          4.0000        309.0776
  114         20.0036         16.0000         18.0000          1.0000        304.0034
  115         20.0036         16.0000         19.0000          1.0000        304.0072
  116         20.0036         16.0000         20.0000          1.0000        304.1388
  118         20.0036         16.0000         18.0000          2.0000        303.7948
  119         20.0036         16.0000         19.0000          2.0000        303.7931
  120         20.0036         16.0000         20.0000          2.0000        303.8998
  122         20.0036         16.0000         18.0000          3.0000        303.6053
  123         20.0036         16.0000         19.0000          3.0000        303.5971
  124         20.0036         16.0000         20.0000          3.0000        303.6642
  126         20.0036         16.0000         18.0000          4.0000        303.4168
  127         20.0036         16.0000         19.0000          4.0000        303.4084
  128         20.0036         16.0000         20.0000          4.0000        303.4067
  114         20.0036         16.0000         18.0000          1.0000        304.0190
  115         20.0036         16.0000         19.0000          1.0000        304.0231
  116         20.0036         16.0000         20.0000          1.0000        304.1523
  118         20.0036         16.0000         18.0000          2.0000        303.8080
  119         20.0036         16.0000         19.0000          2.0000        303.8064
  120         20.0036         16.0000         20.0000          2.0000        303.9114
  122         20.0036         16.0000         18.0000          3.0000        303.6156
  123         20.0036         16.0000         19.0000          3.0000        303.6075
  124         20.0036         16.0000         20.0000          3.0000        303.6733
  126         20.0036         16.0000         18.0000          4.0000        303.4238
  127         20.0036         16.0000         19.0000          4.0000        303.4154
  128         20.0036         16.0000         20.0000          4.0000        303.4129
  114         20.0036         16.0000         18.0000          1.0000        304.0200
  115         20.0036         16.0000         19.0000          1.0000        304.0241
  116         20.0036         16.0000         20.0000          1.0000        304.1532
  118         20.0036         16.0000         18.0000          2.0000        303.8092
  119         20.0036         16.0000         19.0000          2.0000        303.8077
  120         20.0036         16.0000         20.0000          2.0000        303.9125
  122         20.0036         16.0000         18.0000          3.0000        303.6168
  123         20.0036         16.0000         19.0000          3.0000        303.6088
  124         20.0036         16.0000         20.0000          3.0000        303.6744
  126         20.0036         16.0000         18.0000          4.0000        303.4248
  127         20.0036         16.0000         19.0000          4.0000        303.4164
  128         20.0036         16.0000         20.0000          4.0000        303.4138
  114         21.0011         16.0000         18.0000          1.0000        302.6427
  115         21.0011         16.0000         19.0000          1.0000        302.6364
  116         21.0011         16.0000         20.0000          1.0000        302.6041
  118         21.0011         16.0000         18.0000          2.0000        302.3431
  119         21.0011         16.0000         19.0000          2.0000        302.3341
  120         21.0011         16.0000         20.0000          2.0000        302.3013
  122         21.0011         16.0000         18.0000          3.0000        302.0184
  123         21.0011         16.0000         19.0000          3.0000        302.0059
  124         21.0011         16.0000         20.0000          3.0000        301.9791
  126         21.0011         16.0000         18.0000          4.0000        301.6790
  127         21.0011         16.0000         19.0000          4.0000        301.6684
  128         21.0011         16.0000         20.0000          4.0000        301.6367
  114         21.0011         16.0000         18.0000          1.0000        302.6566
  115         21.0011         16.0000         19.0000          1.0000        302.6506
  116         21.0011         16.0000         20.0000          1.0000        302.6160
  118         21.0011         16.0000         18.0000          2.0000        302.3549
  119         21.0011         16.0000         19.0000          2.0000        302.3461
  120         21.0011         16.0000         20.0000          2.0000        302.3117
  122         21.0011         16.0000         18.0000          3.0000        302.0278
  123         21.0011         16.0000         19.0000          3.0000        302.0153
  124         21.0011         16.0000         20.0000          3.0000        301.9873
  126         21.0011         16.0000         18.0000          4.0000        301.6853
  127         21.0011         16.0000         19.0000          4.0000        301.6747
  128         21.0011         16.0000         20.0000          4.0000        301.6422
  114         21.0011         16.0000         18.0000          1.0000        302.6575
  115         21.0011         16.0000         19.0000          1.0000        302.6514
  116         21.0011         16.0000         20.0000          1.0000        302.6167
  118         21.0011         16.0000         18.0000          2.0000        302.3558
  119         21.0011         16.0000         19.0000          2.0000        302.3470
  120         21.0011         16.0000         20.0000          2.0000        302.3125
  122         21.0011         16.0000         18.0000          3.0000        302.0287
  123         21.0011         16.0000         19.0000          3.0000        302.0162
  124         21.0011         16.0000         20.0000          3.0000        301.9881
  126         21.0011         16.0000         18.0000          4.0000        301.6861
  127         21.0011         16.0000         19.0000          4.0000        301.6755
  128         21.0011         16.0000         20.0000          4.0000        301.6429
  114         22.0025         16.0000         18.0000          1.0000        301.7550
  115         22.0025         16.0000         19.0000          1.0000        301.7407
  116         22.0025         16.0000         20.0000          1.0000        301.6631
  118         22.0025         16.0000         18.0000          2.0000        301.4146
  119         22.0025         16.0000         19.0000          2.0000        301.4002
  120         22.0025         16.0000         20.0000          2.0000        301.3315
  122         22.0025         16.0000         18.0000          3.0000        301.0425
  123         22.0025         16.0000         19.0000          3.0000        301.0261
  124         22.0025         16.0000         20.0000          3.0000        300.9762
  126         22.0025         16.0000         18.0000          4.0000        300.6465
  127         22.0025         16.0000         19.0000          4.0000        300.6335
  128         22.0025         16.0000         20.0000          4.0000        300.5941
  114         22.0025         16.0000         18.0000          1.0000        301.7737
  115         22.0025         16.0000         19.0000          1.0000        301.7597
  116         22.0025         16.0000         20.0000          1.0000        301.6795
  118         22.0025         16.0000         18.0000          2.0000        301.4310
  119         22.0025         16.0000         19.0000          2.0000        301.4167
  120         22.0025         16.0000         20.0000          2.0000        301.3460
  122         22.0025         16.0000         18.0000          3.0000        301.0557
  123         22.0025         16.0000         19.0000          3.0000        301.0394
  124         22.0025         16.0000         20.0000          3.0000        300.9880
  126         22.0025         16.0000         18.0000          4.0000        300.6559
  127         22.0025         16.0000         19.0000          4.0000        300.6429
  128         22.0025         16.0000         20.0000          4.0000        300.6025
  114         22.0025         16.0000         18.0000          1.0000        301.7749
  115         22.0025         16.0000         19.0000          1.0000        301.7610
  116         22.0025         16.0000         20.0000          1.0000        301.6806
  118         22.0025         16.0000         18.0000          2.0000        301.4323
  119         22.0025         16.0000         19.0000          2.0000        301.4180
  120         22.0025         16.0000         20.0000          2.0000        301.3472
  122         22.0025         16.0000         18.0000          3.0000        301.0570
  123         22.0025         16.0000         19.0000          3.0000        301.0407
  124         22.0025         16.0000         20.0000          3.0000        300.9892
  126         22.0025         16.0000         18.0000          4.0000        300.6570
  127         22.0025         16.0000         19.0000          4.0000        300.6441
  128         22.0025         16.0000         20.0000          4.0000        300.6036
  114         23.0064         16.0000         18.0000          1.0000        301.2508
  115         23.0064         16.0000         19.0000          1.0000        301.2314
  116         23.0064         16.0000         20.0000          1.0000        301.1413
  118         23.0064         16.0000         18.0000          2.0000        300.9158
  119         23.0064         16.0000         19.0000          2.0000        300.8984
  120         23.0064         16.0000         20.0000          2.0000        300.8210
  122         23.0064         16.0000         18.0000          3.0000        300.5494
  123         23.0064         16.0000         19.0000          3.0000        300.5313
  124         23.0064         16.0000         20.0000          3.0000        300.4761
  126         23.0064         16.0000         18.0000          4.0000        300.1539
  127         23.0064         16.0000         19.0000          4.0000        300.1401
  128         23.0064         16.0000         20.0000          4.0000        300.0993
  114         23.0064         16.0000         18.0000          1.0000        301.2706
  115         23.0064         16.0000         19.0000          1.0000        301.2515
  116         23.0064         16.0000         20.0000          1.0000        301.1587
  118         23.0064         16.0000         18.0000          2.0000        300.9331
  119         23.0064         16.0000         19.0000          2.0000        300.9159
  120         23.0064         16.0000         20.0000          2.0000        300.8364
  122         23.0064         16.0000         18.0000          3.0000        300.5634
  123         23.0064         16.0000         19.0000          3.0000        300.5455
  124         23.0064         16.0000         20.0000          3.0000        300.4887
  126         23.0064         16.0000         18.0000          4.0000        300.1640
  127         23.0064         16.0000         19.0000          4.0000        300.1502
  128         23.0064         16.0000         20.0000          4.0000        300.1083
  114         23.0064         16.0000         18.0000          1.0000        301.2716
  115         23.0064         16.0000         19.0000          1.0000        301.2526
  116         23.0064         16.0000         20.0000          1.0000        301.1597
  118         23.0064         16.0000         18.0000          2.0000        300.9343
  119         23.0064         16.0000         19.0000          2.0000        300.9171
  120         23.0064         16.0000         20.0000          2.0000        300.8375
  122         23.0064         16.0000         18.0000          3.0000        300.5646
  123         23.0064         16.0000         19.0000          3.0000        300.5467
  124         23.0064         16.0000         20.0000          3.0000        300.4898
  126         23.0064         16.0000         18.0000          4.0000        300.1651
  127         23.0064         16.0000         19.0000          4.0000        300.1513
  128         23.0064         16.0000         20.0000          4.0000        300.1093
