   97          1.0013         17.0000         16.0000          1.0000          3.7938
  101          1.0013         17.0000         16.0000          2.0000          3.6515
  105          1.0013         17.0000         16.0000          3.0000          3.3649
  109          1.0013         17.0000         16.0000          4.0000          3.0043
   97          1.0013         17.0000         16.0000          1.0000          3.7936
  101          1.0013         17.0000         16.0000          2.0000          3.6508
  105          1.0013         17.0000         16.0000          3.0000          3.3636
  109          1.0013         17.0000         16.0000          4.0000          3.0022
   97          1.0013         17.0000         16.0000          1.0000          3.7958
  101          1.0013         17.0000         16.0000          2.0000          3.6531
  105          1.0013         17.0000         16.0000          3.0000          3.3655
  109          1.0013         17.0000         16.0000          4.0000          3.0038
   97          1.0085         17.0000         16.0000          1.0000          3.8238
  101          1.0085         17.0000         16.0000          2.0000          3.6810
  105          1.0085         17.0000         16.0000          3.0000          3.3939
  109          1.0085         17.0000         16.0000          4.0000          3.0332
   97          1.0085         17.0000         16.0000          1.0000          3.8252
  101          1.0085         17.0000         16.0000          2.0000          3.6819
  105          1.0085         17.0000         16.0000          3.0000          3.3940
  109          1.0085         17.0000         16.0000          4.0000          3.0324
   97          1.0085         17.0000         16.0000          1.0000          3.8275
  101          1.0085         17.0000         16.0000          2.0000          3.6842
  105          1.0085         17.0000         16.0000          3.0000          3.3960
  109          1.0085         17.0000         16.0000          4.0000          3.0340
   97          2.0075         17.0000         16.0000          1.0000          4.7435
  101          2.0075         17.0000         16.0000          2.0000          4.5482
  105          2.0075         17.0000         16.0000          3.0000          4.1988
  109          2.0075         17.0000         16.0000          4.0000          3.7903
   97          2.0075         17.0000         16.0000          1.0000          4.7488
  101          2.0075         17.0000         16.0000          2.0000          4.5527
  105          2.0075         17.0000         16.0000          3.0000          4.2021
  109          2.0075         17.0000         16.0000          4.0000          3.7924
   97          2.0075         17.0000         16.0000          1.0000          4.7512
  101          2.0075         17.0000         16.0000          2.0000          4.5552
  105          2.0075         17.0000         16.0000          3.0000          4.2043
  109          2.0075         17.0000         16.0000          4.0000          3.7943
   97          3.0133         17.0000         16.0000          1.0000          2.3020
  101          3.0133         17.0000         16.0000          2.0000          2.1425
  105          3.0133         17.0000         16.0000          3.0000          1.8740
  109          3.0133         17.0000         16.0000          4.0000          1.5184
   97          3.0133         17.0000         16.0000          1.0000          2.3039
  101          3.0133         17.0000         16.0000          2.0000          2.1440
  105          3.0133         17.0000         16.0000          3.0000          1.8748
  109          3.0133         17.0000         16.0000          4.0000          1.5184
   97          3.0133         17.0000         16.0000          1.0000          2.3064
  101          3.0133         17.0000         16.0000          2.0000          2.1464
  105          3.0133         17.0000         16.0000          3.0000          1.8768
  109          3.0133         17.0000         16.0000          4.0000          1.5200
   97          4.0157         17.0000         16.0000          1.0000          2.0724
  101          4.0157         17.0000         16.0000          2.0000          1.8996
  105          4.0157         17.0000         16.0000          3.0000          1.6279
  109          4.0157         17.0000         16.0000          4.0000          1.2749
   97          4.0157         17.0000         16.0000          1.0000          2.0732
  101          4.0157         17.0000         16.0000          2.0000          1.9000
  105          4.0157         17.0000         16.0000          3.0000          1.6277
  109          4.0157         17.0000         16.0000          4.0000          1.2741
   97          4.0157         17.0000         16.0000          1.0000          2.0755
  101          4.0157         17.0000         16.0000          2.0000          1.9022
  105          4.0157         17.0000         16.0000          3.0000          1.6296
  109          4.0157         17.0000         16.0000          4.0000          1.2755
   97          5.0182         17.0000         16.0000          1.0000          2.0354
  101          5.0182         17.0000         16.0000          2.0000          1.8455
  105          5.0182         17.0000         16.0000          3.0000          1.5638
  109          5.0182         17.0000         16.0000          4.0000          1.2038
   97          5.0182         17.0000         16.0000          1.0000          2.0367
  101          5.0182         17.0000         16.0000          2.0000          1.8464
  105          5.0182         17.0000         16.0000          3.0000          1.5641
  109          5.0182         17.0000         16.0000          4.0000          1.2034
   97          5.0182         17.0000         16.0000          1.0000          2.0391
  101          5.0182         17.0000         16.0000          2.0000          1.8486
  105          5.0182         17.0000         16.0000          3.0000          1.5660
  109          5.0182         17.0000         16.0000          4.0000          1.2049
   97          6.0271         17.0000         16.0000          1.0000          1.1159
  101          6.0271         17.0000         16.0000          2.0000          0.9446
  105          6.0271         17.0000         16.0000          3.0000          0.7025
  109          6.0271         17.0000         16.0000          4.0000          0.4024
   97          6.0271         17.0000         16.0000          1.0000          1.1173
  101          6.0271         17.0000         16.0000          2.0000          0.9456
  105          6.0271         17.0000         16.0000          3.0000          0.7031
  109          6.0271         17.0000         16.0000          4.0000          0.4026
   97          6.0271         17.0000         16.0000          1.0000          1.1194
  101          6.0271         17.0000         16.0000          2.0000          0.9476
  105          6.0271         17.0000         16.0000          3.0000          0.7047
  109          6.0271         17.0000         16.0000          4.0000          0.4037
   97          7.0186         17.0000         16.0000          1.0000          0.8207
  101          7.0186         17.0000         16.0000          2.0000          0.6526
  105          7.0186         17.0000         16.0000          3.0000          0.4260
  109          7.0186         17.0000         16.0000          4.0000          0.1556
   97          7.0186         17.0000         16.0000          1.0000          0.8258
  101          7.0186         17.0000         16.0000          2.0000          0.6575
  105          7.0186         17.0000         16.0000          3.0000          0.4301
  109          7.0186         17.0000         16.0000          4.0000          0.1589
   97          7.0186         17.0000         16.0000          1.0000          0.8286
  101          7.0186         17.0000         16.0000          2.0000          0.6600
  105          7.0186         17.0000         16.0000          3.0000          0.4322
  109          7.0186         17.0000         16.0000          4.0000          0.1602
   97          8.0102         17.0000         16.0000          1.0000          1.2761
  101          8.0102         17.0000         16.0000          2.0000          1.1597
  105          8.0102         17.0000         16.0000          3.0000          0.9784
  109          8.0102         17.0000         16.0000          4.0000          0.7355
   97          8.0102         17.0000         16.0000          1.0000          1.2947
  101          8.0102         17.0000         16.0000          2.0000          1.1788
  105          8.0102         17.0000         16.0000          3.0000          0.9966
  109          8.0102         17.0000         16.0000          4.0000          0.7518
   97          8.0102         17.0000         16.0000          1.0000          1.3015
  101          8.0102         17.0000         16.0000          2.0000          1.1853
  105          8.0102         17.0000         16.0000          3.0000          1.0024
  109          8.0102         17.0000         16.0000          4.0000          0.7564
   97          9.0088         17.0000         16.0000          1.0000          4.9837
  101          9.0088         17.0000         16.0000          2.0000          5.3922
  105          9.0088         17.0000         16.0000          3.0000          5.6334
  109          9.0088         17.0000         16.0000          4.0000          5.8220
   97          9.0088         17.0000         16.0000          1.0000          5.0128
  101          9.0088         17.0000         16.0000          2.0000          5.4224
  105          9.0088         17.0000         16.0000          3.0000          5.6623
  109          9.0088         17.0000         16.0000          4.0000          5.8482
   97          9.0088         17.0000         16.0000          1.0000          5.0219
  101          9.0088         17.0000         16.0000          2.0000          5.4315
  105          9.0088         17.0000         16.0000          3.0000          5.6705
  109          9.0088         17.0000         16.0000          4.0000          5.8550
   97         10.0006         17.0000         16.0000          1.0000         10.2682
  101         10.0006         17.0000         16.0000          2.0000         11.5188
  105         10.0006         17.0000         16.0000          3.0000         12.4624
  109         10.0006         17.0000         16.0000          4.0000         13.7117
   97         10.0006         17.0000         16.0000          1.0000         10.3177
  101         10.0006         17.0000         16.0000          2.0000         11.5696
  105         10.0006         17.0000         16.0000          3.0000         12.5115
  109         10.0006         17.0000         16.0000          4.0000         13.7563
   97         10.0006         17.0000         16.0000          1.0000         10.3337
  101         10.0006         17.0000         16.0000          2.0000         11.5847
  105         10.0006         17.0000         16.0000          3.0000         12.5251
  109         10.0006         17.0000         16.0000          4.0000         13.7678
   97         11.0019         17.0000         16.0000          1.0000         16.4730
  101         11.0019         17.0000         16.0000          2.0000         19.0233
  105         11.0019         17.0000         16.0000          3.0000         21.1399
  109         11.0019         17.0000         16.0000          4.0000         24.0371
   97         11.0019         17.0000         16.0000          1.0000         16.5103
  101         11.0019         17.0000         16.0000          2.0000         19.0576
  105         11.0019         17.0000         16.0000          3.0000         21.1695
  109         11.0019         17.0000         16.0000          4.0000         24.0612
   97         11.0019         17.0000         16.0000          1.0000         16.5242
  101         11.0019         17.0000         16.0000          2.0000         19.0705
  105         11.0019         17.0000         16.0000          3.0000         21.1808
  109         11.0019         17.0000         16.0000          4.0000         24.0706
   97         12.0048         17.0000         16.0000          1.0000         23.2960
  101         12.0048         17.0000         16.0000          2.0000         26.4528
  105         12.0048         17.0000         16.0000          3.0000         28.9944
  109         12.0048         17.0000         16.0000          4.0000         32.6053
   97         12.0048         17.0000         16.0000          1.0000         23.9296
  101         12.0048         17.0000         16.0000          2.0000         26.5366
  105         12.0048         17.0000         16.0000          3.0000         28.9691
  109         12.0048         17.0000         16.0000          4.0000         32.5520
   97         12.0048         17.0000         16.0000          1.0000         23.9524
  101         12.0048         17.0000         16.0000          2.0000         26.5553
  105         12.0048         17.0000         16.0000          3.0000         28.9860
  109         12.0048         17.0000         16.0000          4.0000         32.5672
   97         12.0048         17.0000         16.0000          1.0000         23.9643
  101         12.0048         17.0000         16.0000          2.0000         26.5643
  105         12.0048         17.0000         16.0000          3.0000         28.9931
  109         12.0048         17.0000         16.0000          4.0000         32.5724
   97         13.0003         17.0000         16.0000          1.0000         29.4425
  101         13.0003         17.0000         16.0000          2.0000         32.8502
  105         13.0003         17.0000         16.0000          3.0000         35.4620
  109         13.0003         17.0000         16.0000          4.0000         39.5237
   97         13.0003         17.0000         16.0000          1.0000         29.4703
  101         13.0003         17.0000         16.0000          2.0000         32.8729
  105         13.0003         17.0000         16.0000          3.0000         35.4788
  109         13.0003         17.0000         16.0000          4.0000         39.5346
   97         13.0003         17.0000         16.0000          1.0000         29.4870
  101         13.0003         17.0000         16.0000          2.0000         32.8876
  105         13.0003         17.0000         16.0000          3.0000         35.4914
  109         13.0003         17.0000         16.0000          4.0000         39.5448
   97         14.0007         17.0000         16.0000          1.0000         39.1260
  101         14.0007         17.0000         16.0000          2.0000         43.9636
  105         14.0007         17.0000         16.0000          3.0000         48.1708
  109         14.0007         17.0000         16.0000          4.0000         54.0986
   97         14.0007         17.0000         16.0000          1.0000         39.5935
  101         14.0007         17.0000         16.0000          2.0000         44.4284
  105         14.0007         17.0000         16.0000          3.0000         48.6101
  109         14.0007         17.0000         16.0000          4.0000         54.4998
   97         14.0007         17.0000         16.0000          1.0000         39.6626
  101         14.0007         17.0000         16.0000          2.0000         44.4957
  105         14.0007         17.0000         16.0000          3.0000         48.6724
  109         14.0007         17.0000         16.0000          4.0000         54.5543
   97         14.0007         17.0000         16.0000          1.0000         39.6832
  101         14.0007         17.0000         16.0000          2.0000         44.5139
  105         14.0007         17.0000         16.0000          3.0000         48.6882
  109         14.0007         17.0000         16.0000          4.0000         54.5673
   97         15.0004         17.0000         16.0000          1.0000         26.9847
  101         15.0004         17.0000         16.0000          2.0000         29.3149
  105         15.0004         17.0000         16.0000          3.0000         31.2603
  109         15.0004         17.0000         16.0000          4.0000         33.9183
   97         15.0004         17.0000         16.0000          1.0000         26.6123
  101         15.0004         17.0000         16.0000          2.0000         28.9248
  105         15.0004         17.0000         16.0000          3.0000         30.8667
  109         15.0004         17.0000         16.0000          4.0000         33.5306
   97         15.0004         17.0000         16.0000          1.0000         26.5756
  101         15.0004         17.0000         16.0000          2.0000         28.8857
  105         15.0004         17.0000         16.0000          3.0000         30.8287
  109         15.0004         17.0000         16.0000          4.0000         33.4965
   97         16.0012         17.0000         16.0000          1.0000         32.1269
  101         16.0012         17.0000         16.0000          2.0000         34.4141
  105         16.0012         17.0000         16.0000          3.0000         36.4494
  109         16.0012         17.0000         16.0000          4.0000         39.7931
   97         16.0012         17.0000         16.0000          1.0000         32.1530
  101         16.0012         17.0000         16.0000          2.0000         34.4370
  105         16.0012         17.0000         16.0000          3.0000         36.4679
  109         16.0012         17.0000         16.0000          4.0000         39.8039
   97         16.0012         17.0000         16.0000          1.0000         32.1696
  101         16.0012         17.0000         16.0000          2.0000         34.4516
  105         16.0012         17.0000         16.0000          3.0000         36.4805
  109         16.0012         17.0000         16.0000          4.0000         39.8143
   97         17.0004         17.0000         16.0000          1.0000         30.5501
  101         17.0004         17.0000         16.0000          2.0000         33.5558
  105         17.0004         17.0000         16.0000          3.0000         35.9898
  109         17.0004         17.0000         16.0000          4.0000         39.3146
   97         17.0004         17.0000         16.0000          1.0000         30.8669
  101         17.0004         17.0000         16.0000          2.0000         33.8702
  105         17.0004         17.0000         16.0000          3.0000         36.2891
  109         17.0004         17.0000         16.0000          4.0000         39.5917
   97         17.0004         17.0000         16.0000          1.0000         30.9143
  101         17.0004         17.0000         16.0000          2.0000         33.9169
  105         17.0004         17.0000         16.0000          3.0000         36.3325
  109         17.0004         17.0000         16.0000          4.0000         39.6296
   97         17.0004         17.0000         16.0000          1.0000         30.9263
  101         17.0004         17.0000         16.0000          2.0000         33.9277
  105         17.0004         17.0000         16.0000          3.0000         36.3420
  109         17.0004         17.0000         16.0000          4.0000         39.6375
   97         18.0037         17.0000         16.0000          1.0000         25.4294
  101         18.0037         17.0000         16.0000          2.0000         27.5580
  105         18.0037         17.0000         16.0000          3.0000         29.0050
  109         18.0037         17.0000         16.0000          4.0000         31.0874
   97         18.0037         17.0000         16.0000          1.0000         25.2051
  101         18.0037         17.0000         16.0000          2.0000         27.3288
  105         18.0037         17.0000         16.0000          3.0000         28.7822
  109         18.0037         17.0000         16.0000          4.0000         30.8777
   97         18.0037         17.0000         16.0000          1.0000         25.1816
  101         18.0037         17.0000         16.0000          2.0000         27.3047
  105         18.0037         17.0000         16.0000          3.0000         28.7593
  109         18.0037         17.0000         16.0000          4.0000         30.8571
   97         19.0012         17.0000         16.0000          1.0000         19.5902
  101         19.0012         17.0000         16.0000          2.0000         20.6200
  105         19.0012         17.0000         16.0000          3.0000         21.1486
  109         19.0012         17.0000         16.0000          4.0000         22.0232
   97         19.0012         17.0000         16.0000          1.0000         19.5967
  101         19.0012         17.0000         16.0000          2.0000         20.6242
  105         19.0012         17.0000         16.0000          3.0000         21.1502
  109         19.0012         17.0000         16.0000          4.0000         22.0221
   97         19.0012         17.0000         16.0000          1.0000         19.5994
  101         19.0012         17.0000         16.0000          2.0000         20.6268
  105         19.0012         17.0000         16.0000          3.0000         21.1526
  109         19.0012         17.0000         16.0000          4.0000         22.0242
   97         20.0036         17.0000         16.0000          1.0000         10.7789
  101         20.0036         17.0000         16.0000          2.0000         11.0585
  105         20.0036         17.0000         16.0000          3.0000         10.9728
  109         20.0036         17.0000         16.0000          4.0000         10.9049
   97         20.0036         17.0000         16.0000          1.0000         10.7848
  101         20.0036         17.0000         16.0000          2.0000         11.0629
  105         20.0036         17.0000         16.0000          3.0000         10.9753
  109         20.0036         17.0000         16.0000          4.0000         10.9055
   97         20.0036         17.0000         16.0000          1.0000         10.7869
  101         20.0036         17.0000         16.0000          2.0000         11.0651
  105         20.0036         17.0000         16.0000          3.0000         10.9774
  109         20.0036         17.0000         16.0000          4.0000         10.9073
   97         21.0011         17.0000         16.0000          1.0000          9.0878
  101         21.0011         17.0000         16.0000          2.0000          9.1829
  105         21.0011         17.0000         16.0000          3.0000          8.9680
  109         21.0011         17.0000         16.0000          4.0000          8.7671
   97         21.0011         17.0000         16.0000          1.0000          9.0902
  101         21.0011         17.0000         16.0000          2.0000          9.1840
  105         21.0011         17.0000         16.0000          3.0000          8.9675
  109         21.0011         17.0000         16.0000          4.0000          8.7651
   97         21.0011         17.0000         16.0000          1.0000          9.0918
  101         21.0011         17.0000         16.0000          2.0000          9.1857
  105         21.0011         17.0000         16.0000          3.0000          8.9691
  109         21.0011         17.0000         16.0000          4.0000          8.7665
   97         22.0025         17.0000         16.0000          1.0000          5.5817
  101         22.0025         17.0000         16.0000          2.0000          5.5651
  105         22.0025         17.0000         16.0000          3.0000          5.3356
  109         22.0025         17.0000         16.0000          4.0000          5.0122
   97         22.0025         17.0000         16.0000          1.0000          5.5835
  101         22.0025         17.0000         16.0000          2.0000          5.5662
  105         22.0025         17.0000         16.0000          3.0000          5.3358
  109         22.0025         17.0000         16.0000          4.0000          5.0114
   97         22.0025         17.0000         16.0000          1.0000          5.5861
  101         22.0025         17.0000         16.0000          2.0000          5.5686
  105         22.0025         17.0000         16.0000          3.0000          5.3380
  109         22.0025         17.0000         16.0000          4.0000          5.0131
   97         23.0064         17.0000         16.0000          1.0000          4.1024
  101         23.0064         17.0000         16.0000          2.0000          4.0423
  105         23.0064         17.0000         16.0000          3.0000          3.8010
  109         23.0064         17.0000         16.0000          4.0000          3.4427
   97         23.0064         17.0000         16.0000          1.0000          4.1026
  101         23.0064         17.0000         16.0000          2.0000          4.0419
  105         23.0064         17.0000         16.0000          3.0000          3.8000
  109         23.0064         17.0000         16.0000          4.0000          3.4408
   97         23.0064         17.0000         16.0000          1.0000          4.1053
  101         23.0064         17.0000         16.0000          2.0000          4.0445
  105         23.0064         17.0000         16.0000          3.0000          3.8022
  109         23.0064         17.0000         16.0000          4.0000          3.4426
