  306          1.0064         32.0000         34.0000          1.0000         -4.8063
  307          1.0064         32.0000         35.0000          1.0000         -4.8480
  308          1.0064         32.0000         36.0000          1.0000         -4.9057
  310          1.0064         32.0000         34.0000          2.0000         -5.1778
  311          1.0064         32.0000         35.0000          2.0000         -5.1905
  312          1.0064         32.0000         36.0000          2.0000         -5.2137
  314          1.0064         32.0000         34.0000          3.0000         -5.4552
  315          1.0064         32.0000         35.0000          3.0000         -5.4595
  316          1.0064         32.0000         36.0000          3.0000         -5.4675
  318          1.0064         32.0000         34.0000          4.0000         -5.7007
  319          1.0064         32.0000         35.0000          4.0000         -5.7030
  320          1.0064         32.0000         36.0000          4.0000         -5.7098
  306          1.0064         32.0000         34.0000          1.0000         -4.8084
  307          1.0064         32.0000         35.0000          1.0000         -4.8498
  308          1.0064         32.0000         36.0000          1.0000         -4.9084
  310          1.0064         32.0000         34.0000          2.0000         -5.1824
  311          1.0064         32.0000         35.0000          2.0000         -5.1951
  312          1.0064         32.0000         36.0000          2.0000         -5.2185
  314          1.0064         32.0000         34.0000          3.0000         -5.4607
  315          1.0064         32.0000         35.0000          3.0000         -5.4650
  316          1.0064         32.0000         36.0000          3.0000         -5.4731
  318          1.0064         32.0000         34.0000          4.0000         -5.7065
  319          1.0064         32.0000         35.0000          4.0000         -5.7088
  320          1.0064         32.0000         36.0000          4.0000         -5.7157
  306          2.0400         32.0000         34.0000          1.0000         -5.2015
  307          2.0400         32.0000         35.0000          1.0000         -5.2450
  308          2.0400         32.0000         36.0000          1.0000         -5.3069
  310          2.0400         32.0000         34.0000          2.0000         -5.5895
  311          2.0400         32.0000         35.0000          2.0000         -5.6031
  312          2.0400         32.0000         36.0000          2.0000         -5.6286
  314          2.0400         32.0000         34.0000          3.0000         -5.8774
  315          2.0400         32.0000         35.0000          3.0000         -5.8822
  316          2.0400         32.0000         36.0000          3.0000         -5.8913
  318          2.0400         32.0000         34.0000          4.0000         -6.1352
  319          2.0400         32.0000         35.0000          4.0000         -6.1377
  320          2.0400         32.0000         36.0000          4.0000         -6.1452
  306          2.0400         32.0000         34.0000          1.0000         -5.2058
  307          2.0400         32.0000         35.0000          1.0000         -5.2490
  308          2.0400         32.0000         36.0000          1.0000         -5.3121
  310          2.0400         32.0000         34.0000          2.0000         -5.5971
  311          2.0400         32.0000         35.0000          2.0000         -5.6107
  312          2.0400         32.0000         36.0000          2.0000         -5.6367
  314          2.0400         32.0000         34.0000          3.0000         -5.8861
  315          2.0400         32.0000         35.0000          3.0000         -5.8909
  316          2.0400         32.0000         36.0000          3.0000         -5.9003
  318          2.0400         32.0000         34.0000          4.0000         -6.1445
  319          2.0400         32.0000         35.0000          4.0000         -6.1470
  320          2.0400         32.0000         36.0000          4.0000         -6.1547
  306          3.0193         32.0000         34.0000          1.0000         -4.3107
  307          3.0193         32.0000         35.0000          1.0000         -4.3523
  308          3.0193         32.0000         36.0000          1.0000         -4.4101
  310          3.0193         32.0000         34.0000          2.0000         -4.6478
  311          3.0193         32.0000         35.0000          2.0000         -4.6612
  312          3.0193         32.0000         36.0000          2.0000         -4.6854
  314          3.0193         32.0000         34.0000          3.0000         -4.8913
  315          3.0193         32.0000         35.0000          3.0000         -4.8961
  316          3.0193         32.0000         36.0000          3.0000         -4.9052
  318          3.0193         32.0000         34.0000          4.0000         -5.0977
  319          3.0193         32.0000         35.0000          4.0000         -5.1002
  320          3.0193         32.0000         36.0000          4.0000         -5.1073
  306          3.0193         32.0000         34.0000          1.0000         -4.3126
  307          3.0193         32.0000         35.0000          1.0000         -4.3540
  308          3.0193         32.0000         36.0000          1.0000         -4.4126
  310          3.0193         32.0000         34.0000          2.0000         -4.6518
  311          3.0193         32.0000         35.0000          2.0000         -4.6651
  312          3.0193         32.0000         36.0000          2.0000         -4.6896
  314          3.0193         32.0000         34.0000          3.0000         -4.8960
  315          3.0193         32.0000         35.0000          3.0000         -4.9007
  316          3.0193         32.0000         36.0000          3.0000         -4.9100
  318          3.0193         32.0000         34.0000          4.0000         -5.1027
  319          3.0193         32.0000         35.0000          4.0000         -5.1052
  320          3.0193         32.0000         36.0000          4.0000         -5.1123
  306          4.0393         32.0000         34.0000          1.0000         -4.5000
  307          4.0393         32.0000         35.0000          1.0000         -4.5440
  308          4.0393         32.0000         36.0000          1.0000         -4.6048
  310          4.0393         32.0000         34.0000          2.0000         -4.8375
  311          4.0393         32.0000         35.0000          2.0000         -4.8518
  312          4.0393         32.0000         36.0000          2.0000         -4.8775
  314          4.0393         32.0000         34.0000          3.0000         -5.0761
  315          4.0393         32.0000         35.0000          3.0000         -5.0813
  316          4.0393         32.0000         36.0000          3.0000         -5.0913
  318          4.0393         32.0000         34.0000          4.0000         -5.2767
  319          4.0393         32.0000         35.0000          4.0000         -5.2794
  320          4.0393         32.0000         36.0000          4.0000         -5.2869
  306          4.0393         32.0000         34.0000          1.0000         -4.5032
  307          4.0393         32.0000         35.0000          1.0000         -4.5470
  308          4.0393         32.0000         36.0000          1.0000         -4.6087
  310          4.0393         32.0000         34.0000          2.0000         -4.8431
  311          4.0393         32.0000         35.0000          2.0000         -4.8573
  312          4.0393         32.0000         36.0000          2.0000         -4.8833
  314          4.0393         32.0000         34.0000          3.0000         -5.0825
  315          4.0393         32.0000         35.0000          3.0000         -5.0877
  316          4.0393         32.0000         36.0000          3.0000         -5.0978
  318          4.0393         32.0000         34.0000          4.0000         -5.2834
  319          4.0393         32.0000         35.0000          4.0000         -5.2861
  320          4.0393         32.0000         36.0000          4.0000         -5.2936
  306          5.0185         32.0000         34.0000          1.0000         -4.5259
  307          5.0185         32.0000         35.0000          1.0000         -4.5710
  308          5.0185         32.0000         36.0000          1.0000         -4.6337
  310          5.0185         32.0000         34.0000          2.0000         -4.8635
  311          5.0185         32.0000         35.0000          2.0000         -4.8783
  312          5.0185         32.0000         36.0000          2.0000         -4.9050
  314          5.0185         32.0000         34.0000          3.0000         -5.0991
  315          5.0185         32.0000         35.0000          3.0000         -5.1045
  316          5.0185         32.0000         36.0000          3.0000         -5.1151
  318          5.0185         32.0000         34.0000          4.0000         -5.2957
  319          5.0185         32.0000         35.0000          4.0000         -5.2985
  320          5.0185         32.0000         36.0000          4.0000         -5.3063
  306          5.0185         32.0000         34.0000          1.0000         -4.5274
  307          5.0185         32.0000         35.0000          1.0000         -4.5723
  308          5.0185         32.0000         36.0000          1.0000         -4.6358
  310          5.0185         32.0000         34.0000          2.0000         -4.8672
  311          5.0185         32.0000         35.0000          2.0000         -4.8819
  312          5.0185         32.0000         36.0000          2.0000         -4.9090
  314          5.0185         32.0000         34.0000          3.0000         -5.1036
  315          5.0185         32.0000         35.0000          3.0000         -5.1090
  316          5.0185         32.0000         36.0000          3.0000         -5.1197
  318          5.0185         32.0000         34.0000          4.0000         -5.3005
  319          5.0185         32.0000         35.0000          4.0000         -5.3033
  320          5.0185         32.0000         36.0000          4.0000         -5.3110
  306          6.0385         32.0000         34.0000          1.0000         -4.1281
  307          6.0385         32.0000         35.0000          1.0000         -4.1723
  308          6.0385         32.0000         36.0000          1.0000         -4.2331
  310          6.0385         32.0000         34.0000          2.0000         -4.4416
  311          6.0385         32.0000         35.0000          2.0000         -4.4562
  312          6.0385         32.0000         36.0000          2.0000         -4.4823
  314          6.0385         32.0000         34.0000          3.0000         -4.6560
  315          6.0385         32.0000         35.0000          3.0000         -4.6613
  316          6.0385         32.0000         36.0000          3.0000         -4.6719
  318          6.0385         32.0000         34.0000          4.0000         -4.8326
  319          6.0385         32.0000         35.0000          4.0000         -4.8354
  320          6.0385         32.0000         36.0000          4.0000         -4.8429
  306          6.0385         32.0000         34.0000          1.0000         -4.1300
  307          6.0385         32.0000         35.0000          1.0000         -4.1740
  308          6.0385         32.0000         36.0000          1.0000         -4.2355
  310          6.0385         32.0000         34.0000          2.0000         -4.4455
  311          6.0385         32.0000         35.0000          2.0000         -4.4601
  312          6.0385         32.0000         36.0000          2.0000         -4.4864
  314          6.0385         32.0000         34.0000          3.0000         -4.6606
  315          6.0385         32.0000         35.0000          3.0000         -4.6660
  316          6.0385         32.0000         36.0000          3.0000         -4.6766
  318          6.0385         32.0000         34.0000          4.0000         -4.8375
  319          6.0385         32.0000         35.0000          4.0000         -4.8403
  320          6.0385         32.0000         36.0000          4.0000         -4.8478
  306          7.0463         32.0000         34.0000          1.0000         -3.7384
  307          7.0463         32.0000         35.0000          1.0000         -3.7816
  308          7.0463         32.0000         36.0000          1.0000         -3.8402
  310          7.0463         32.0000         34.0000          2.0000         -4.0298
  311          7.0463         32.0000         35.0000          2.0000         -4.0441
  312          7.0463         32.0000         36.0000          2.0000         -4.0694
  314          7.0463         32.0000         34.0000          3.0000         -4.2251
  315          7.0463         32.0000         35.0000          3.0000         -4.2304
  316          7.0463         32.0000         36.0000          3.0000         -4.2408
  318          7.0463         32.0000         34.0000          4.0000         -4.3840
  319          7.0463         32.0000         35.0000          4.0000         -4.3868
  320          7.0463         32.0000         36.0000          4.0000         -4.3940
  306          7.0463         32.0000         34.0000          1.0000         -3.6883
  307          7.0463         32.0000         35.0000          1.0000         -3.7311
  308          7.0463         32.0000         36.0000          1.0000         -3.7896
  310          7.0463         32.0000         34.0000          2.0000         -3.9779
  311          7.0463         32.0000         35.0000          2.0000         -3.9921
  312          7.0463         32.0000         36.0000          2.0000         -4.0174
  314          7.0463         32.0000         34.0000          3.0000         -4.1717
  315          7.0463         32.0000         35.0000          3.0000         -4.1770
  316          7.0463         32.0000         36.0000          3.0000         -4.1873
  318          7.0463         32.0000         34.0000          4.0000         -4.3292
  319          7.0463         32.0000         35.0000          4.0000         -4.3319
  320          7.0463         32.0000         36.0000          4.0000         -4.3391
  306          8.0010         32.0000         34.0000          1.0000         -0.2771
  307          8.0010         32.0000         35.0000          1.0000         -0.3004
  308          8.0010         32.0000         36.0000          1.0000         -0.3200
  310          8.0010         32.0000         34.0000          2.0000         -0.3170
  311          8.0010         32.0000         35.0000          2.0000         -0.3247
  312          8.0010         32.0000         36.0000          2.0000         -0.3330
  314          8.0010         32.0000         34.0000          3.0000         -0.3210
  315          8.0010         32.0000         35.0000          3.0000         -0.3238
  316          8.0010         32.0000         36.0000          3.0000         -0.3280
  318          8.0010         32.0000         34.0000          4.0000         -0.3125
  319          8.0010         32.0000         35.0000          4.0000         -0.3139
  320          8.0010         32.0000         36.0000          4.0000         -0.3160
  306          8.0010         32.0000         34.0000          1.0000         -0.2409
  307          8.0010         32.0000         35.0000          1.0000         -0.2632
  308          8.0010         32.0000         36.0000          1.0000         -0.2820
  310          8.0010         32.0000         34.0000          2.0000         -0.2788
  311          8.0010         32.0000         35.0000          2.0000         -0.2861
  312          8.0010         32.0000         36.0000          2.0000         -0.2941
  314          8.0010         32.0000         34.0000          3.0000         -0.2823
  315          8.0010         32.0000         35.0000          3.0000         -0.2849
  316          8.0010         32.0000         36.0000          3.0000         -0.2889
  318          8.0010         32.0000         34.0000          4.0000         -0.2737
  319          8.0010         32.0000         35.0000          4.0000         -0.2750
  320          8.0010         32.0000         36.0000          4.0000         -0.2770
  306          8.0010         32.0000         34.0000          1.0000         -0.2365
  307          8.0010         32.0000         35.0000          1.0000         -0.2585
  308          8.0010         32.0000         36.0000          1.0000         -0.2774
  310          8.0010         32.0000         34.0000          2.0000         -0.2751
  311          8.0010         32.0000         35.0000          2.0000         -0.2823
  312          8.0010         32.0000         36.0000          2.0000         -0.2903
  314          8.0010         32.0000         34.0000          3.0000         -0.2789
  315          8.0010         32.0000         35.0000          3.0000         -0.2815
  316          8.0010         32.0000         36.0000          3.0000         -0.2855
  318          8.0010         32.0000         34.0000          4.0000         -0.2707
  319          8.0010         32.0000         35.0000          4.0000         -0.2719
  320          8.0010         32.0000         36.0000          4.0000         -0.2740
  306          9.0154         32.0000         34.0000          1.0000         20.5995
  307          9.0154         32.0000         35.0000          1.0000         20.6044
  308          9.0154         32.0000         36.0000          1.0000         20.9078
  310          9.0154         32.0000         34.0000          2.0000         22.1438
  311          9.0154         32.0000         35.0000          2.0000         22.1891
  312          9.0154         32.0000         36.0000          2.0000         22.4059
  314          9.0154         32.0000         34.0000          3.0000         23.4172
  315          9.0154         32.0000         35.0000          3.0000         23.4572
  316          9.0154         32.0000         36.0000          3.0000         23.5646
  318          9.0154         32.0000         34.0000          4.0000         24.5440
  319          9.0154         32.0000         35.0000          4.0000         24.5709
  320          9.0154         32.0000         36.0000          4.0000         24.6412
  306          9.0154         32.0000         34.0000          1.0000         20.7445
  307          9.0154         32.0000         35.0000          1.0000         20.7508
  308          9.0154         32.0000         36.0000          1.0000         21.0596
  310          9.0154         32.0000         34.0000          2.0000         22.2998
  311          9.0154         32.0000         35.0000          2.0000         22.3466
  312          9.0154         32.0000         36.0000          2.0000         22.5678
  314          9.0154         32.0000         34.0000          3.0000         23.5799
  315          9.0154         32.0000         35.0000          3.0000         23.6211
  316          9.0154         32.0000         36.0000          3.0000         23.7310
  318          9.0154         32.0000         34.0000          4.0000         24.7106
  319          9.0154         32.0000         35.0000          4.0000         24.7383
  320          9.0154         32.0000         36.0000          4.0000         24.8101
  306          9.0154         32.0000         34.0000          1.0000         20.7575
  307          9.0154         32.0000         35.0000          1.0000         20.7643
  308          9.0154         32.0000         36.0000          1.0000         21.0729
  310          9.0154         32.0000         34.0000          2.0000         22.3107
  311          9.0154         32.0000         35.0000          2.0000         22.3578
  312          9.0154         32.0000         36.0000          2.0000         22.5792
  314          9.0154         32.0000         34.0000          3.0000         23.5898
  315          9.0154         32.0000         35.0000          3.0000         23.6311
  316          9.0154         32.0000         36.0000          3.0000         23.7412
  318          9.0154         32.0000         34.0000          4.0000         24.7197
  319          9.0154         32.0000         35.0000          4.0000         24.7475
  320          9.0154         32.0000         36.0000          4.0000         24.8194
  306         10.0100         32.0000         34.0000          1.0000         59.5466
  307         10.0100         32.0000         35.0000          1.0000         59.7270
  308         10.0100         32.0000         36.0000          1.0000         60.9220
  310         10.0100         32.0000         34.0000          2.0000         64.2184
  311         10.0100         32.0000         35.0000          2.0000         64.4817
  312         10.0100         32.0000         36.0000          2.0000         65.3569
  314         10.0100         32.0000         34.0000          3.0000         67.8351
  315         10.0100         32.0000         35.0000          3.0000         68.0190
  316         10.0100         32.0000         36.0000          3.0000         68.4606
  318         10.0100         32.0000         34.0000          4.0000         70.8911
  319         10.0100         32.0000         35.0000          4.0000         70.9988
  320         10.0100         32.0000         36.0000          4.0000         71.2602
  306         10.0100         32.0000         34.0000          1.0000         59.6896
  307         10.0100         32.0000         35.0000          1.0000         59.8718
  308         10.0100         32.0000         36.0000          1.0000         61.0711
  310         10.0100         32.0000         34.0000          2.0000         64.3680
  311         10.0100         32.0000         35.0000          2.0000         64.6331
  312         10.0100         32.0000         36.0000          2.0000         65.5120
  314         10.0100         32.0000         34.0000          3.0000         67.9887
  315         10.0100         32.0000         35.0000          3.0000         68.1738
  316         10.0100         32.0000         36.0000          3.0000         68.6176
  318         10.0100         32.0000         34.0000          4.0000         71.0464
  319         10.0100         32.0000         35.0000          4.0000         71.1548
  320         10.0100         32.0000         36.0000          4.0000         71.4175
  306         10.0100         32.0000         34.0000          1.0000         59.7024
  307         10.0100         32.0000         35.0000          1.0000         59.8851
  308         10.0100         32.0000         36.0000          1.0000         61.0837
  310         10.0100         32.0000         34.0000          2.0000         64.3782
  311         10.0100         32.0000         35.0000          2.0000         64.6435
  312         10.0100         32.0000         36.0000          2.0000         65.5223
  314         10.0100         32.0000         34.0000          3.0000         67.9977
  315         10.0100         32.0000         35.0000          3.0000         68.1829
  316         10.0100         32.0000         36.0000          3.0000         68.6267
  318         10.0100         32.0000         34.0000          4.0000         71.0546
  319         10.0100         32.0000         35.0000          4.0000         71.1631
  320         10.0100         32.0000         36.0000          4.0000         71.4258
  306         11.0146         32.0000         34.0000          1.0000         99.7627
  307         11.0146         32.0000         35.0000          1.0000        100.0406
  308         11.0146         32.0000         36.0000          1.0000        101.8629
  310         11.0146         32.0000         34.0000          2.0000        107.6867
  311         11.0146         32.0000         35.0000          2.0000        108.0027
  312         11.0146         32.0000         36.0000          2.0000        109.2109
  314         11.0146         32.0000         34.0000          3.0000        113.5626
  315         11.0146         32.0000         35.0000          3.0000        113.7472
  316         11.0146         32.0000         36.0000          3.0000        114.2763
  318         11.0146         32.0000         34.0000          4.0000        118.4153
  319         11.0146         32.0000         35.0000          4.0000        118.5095
  320         11.0146         32.0000         36.0000          4.0000        118.8035
  306         11.0146         32.0000         34.0000          1.0000         99.8533
  307         11.0146         32.0000         35.0000          1.0000        100.1334
  308         11.0146         32.0000         36.0000          1.0000        101.9605
  310         11.0146         32.0000         34.0000          2.0000        107.7853
  311         11.0146         32.0000         35.0000          2.0000        108.1029
  312         11.0146         32.0000         36.0000          2.0000        109.3154
  314         11.0146         32.0000         34.0000          3.0000        113.6651
  315         11.0146         32.0000         35.0000          3.0000        113.8505
  316         11.0146         32.0000         36.0000          3.0000        114.3816
  318         11.0146         32.0000         34.0000          4.0000        118.5181
  319         11.0146         32.0000         35.0000          4.0000        118.6128
  320         11.0146         32.0000         36.0000          4.0000        118.9076
  306         11.0146         32.0000         34.0000          1.0000         99.8636
  307         11.0146         32.0000         35.0000          1.0000        100.1438
  308         11.0146         32.0000         36.0000          1.0000        101.9706
  310         11.0146         32.0000         34.0000          2.0000        107.7941
  311         11.0146         32.0000         35.0000          2.0000        108.1119
  312         11.0146         32.0000         36.0000          2.0000        109.3244
  314         11.0146         32.0000         34.0000          3.0000        113.6734
  315         11.0146         32.0000         35.0000          3.0000        113.8588
  316         11.0146         32.0000         36.0000          3.0000        114.3899
  318         11.0146         32.0000         34.0000          4.0000        118.5259
  319         11.0146         32.0000         35.0000          4.0000        118.6205
  320         11.0146         32.0000         36.0000          4.0000        118.9153
  306         12.0078         32.0000         34.0000          1.0000        147.3677
  307         12.0078         32.0000         35.0000          1.0000        147.6432
  308         12.0078         32.0000         36.0000          1.0000        149.4625
  310         12.0078         32.0000         34.0000          2.0000        155.9486
  311         12.0078         32.0000         35.0000          2.0000        156.2101
  312         12.0078         32.0000         36.0000          2.0000        157.3102
  314         12.0078         32.0000         34.0000          3.0000        161.9543
  315         12.0078         32.0000         35.0000          3.0000        162.0911
  316         12.0078         32.0000         36.0000          3.0000        162.5252
  318         12.0078         32.0000         34.0000          4.0000        166.8864
  319         12.0078         32.0000         35.0000          4.0000        166.9492
  320         12.0078         32.0000         36.0000          4.0000        167.1924
  306         12.0078         32.0000         34.0000          1.0000        153.5395
  307         12.0078         32.0000         35.0000          1.0000        153.7110
  308         12.0078         32.0000         36.0000          1.0000        154.7545
  310         12.0078         32.0000         34.0000          2.0000        159.7290
  311         12.0078         32.0000         35.0000          2.0000        159.8626
  312         12.0078         32.0000         36.0000          2.0000        160.4637
  314         12.0078         32.0000         34.0000          3.0000        164.6258
  315         12.0078         32.0000         35.0000          3.0000        164.7001
  316         12.0078         32.0000         36.0000          3.0000        164.9395
  318         12.0078         32.0000         34.0000          4.0000        169.0816
  319         12.0078         32.0000         35.0000          4.0000        169.1166
  320         12.0078         32.0000         36.0000          4.0000        169.2844
  306         12.0078         32.0000         34.0000          1.0000        153.8975
  307         12.0078         32.0000         35.0000          1.0000        154.0715
  308         12.0078         32.0000         36.0000          1.0000        155.0235
  310         12.0078         32.0000         34.0000          2.0000        159.8159
  311         12.0078         32.0000         35.0000          2.0000        159.9436
  312         12.0078         32.0000         36.0000          2.0000        160.4961
  314         12.0078         32.0000         34.0000          3.0000        164.5942
  315         12.0078         32.0000         35.0000          3.0000        164.6651
  316         12.0078         32.0000         36.0000          3.0000        164.8858
  318         12.0078         32.0000         34.0000          4.0000        168.9978
  319         12.0078         32.0000         35.0000          4.0000        169.0314
  320         12.0078         32.0000         36.0000          4.0000        169.1918
  306         12.0078         32.0000         34.0000          1.0000        153.9135
  307         12.0078         32.0000         35.0000          1.0000        154.0879
  308         12.0078         32.0000         36.0000          1.0000        155.0364
  310         12.0078         32.0000         34.0000          2.0000        159.8244
  311         12.0078         32.0000         35.0000          2.0000        159.9525
  312         12.0078         32.0000         36.0000          2.0000        160.5047
  314         12.0078         32.0000         34.0000          3.0000        164.6012
  315         12.0078         32.0000         35.0000          3.0000        164.6724
  316         12.0078         32.0000         36.0000          3.0000        164.8931
  318         12.0078         32.0000         34.0000          4.0000        169.0044
  319         12.0078         32.0000         35.0000          4.0000        169.0380
  320         12.0078         32.0000         36.0000          4.0000        169.1984
  306         13.0162         32.0000         34.0000          1.0000        146.0738
  307         13.0162         32.0000         35.0000          1.0000        146.2900
  308         13.0162         32.0000         36.0000          1.0000        147.4991
  310         13.0162         32.0000         34.0000          2.0000        152.7295
  311         13.0162         32.0000         35.0000          2.0000        152.8836
  312         13.0162         32.0000         36.0000          2.0000        153.5643
  314         13.0162         32.0000         34.0000          3.0000        157.6641
  315         13.0162         32.0000         35.0000          3.0000        157.7418
  316         13.0162         32.0000         36.0000          3.0000        157.9989
  318         13.0162         32.0000         34.0000          4.0000        162.0289
  319         13.0162         32.0000         35.0000          4.0000        162.0621
  320         13.0162         32.0000         36.0000          4.0000        162.2296
  306         13.0162         32.0000         34.0000          1.0000        146.0369
  307         13.0162         32.0000         35.0000          1.0000        146.2530
  308         13.0162         32.0000         36.0000          1.0000        147.4568
  310         13.0162         32.0000         34.0000          2.0000        152.6789
  311         13.0162         32.0000         35.0000          2.0000        152.8325
  312         13.0162         32.0000         36.0000          2.0000        153.5104
  314         13.0162         32.0000         34.0000          3.0000        157.6085
  315         13.0162         32.0000         35.0000          3.0000        157.6860
  316         13.0162         32.0000         36.0000          3.0000        157.9418
  318         13.0162         32.0000         34.0000          4.0000        161.9720
  319         13.0162         32.0000         35.0000          4.0000        162.0051
  320         13.0162         32.0000         36.0000          4.0000        162.1720
  306         14.0010         32.0000         34.0000          1.0000        157.7156
  307         14.0010         32.0000         35.0000          1.0000        157.8612
  308         14.0010         32.0000         36.0000          1.0000        158.8294
  310         14.0010         32.0000         34.0000          2.0000        164.7606
  311         14.0010         32.0000         35.0000          2.0000        164.8419
  312         14.0010         32.0000         36.0000          2.0000        165.3299
  314         14.0010         32.0000         34.0000          3.0000        170.4703
  315         14.0010         32.0000         35.0000          3.0000        170.5109
  316         14.0010         32.0000         36.0000          3.0000        170.6773
  318         14.0010         32.0000         34.0000          4.0000        175.7357
  319         14.0010         32.0000         35.0000          4.0000        175.7530
  320         14.0010         32.0000         36.0000          4.0000        175.8951
  306         14.0010         32.0000         34.0000          1.0000        158.5109
  307         14.0010         32.0000         35.0000          1.0000        158.6586
  308         14.0010         32.0000         36.0000          1.0000        159.6454
  310         14.0010         32.0000         34.0000          2.0000        165.6022
  311         14.0010         32.0000         35.0000          2.0000        165.6840
  312         14.0010         32.0000         36.0000          2.0000        166.1781
  314         14.0010         32.0000         34.0000          3.0000        171.3216
  315         14.0010         32.0000         35.0000          3.0000        171.3625
  316         14.0010         32.0000         36.0000          3.0000        171.5313
  318         14.0010         32.0000         34.0000          4.0000        176.5844
  319         14.0010         32.0000         35.0000          4.0000        176.6019
  320         14.0010         32.0000         36.0000          4.0000        176.7451
  306         14.0010         32.0000         34.0000          1.0000        158.5715
  307         14.0010         32.0000         35.0000          1.0000        158.7209
  308         14.0010         32.0000         36.0000          1.0000        159.7046
  310         14.0010         32.0000         34.0000          2.0000        165.6517
  311         14.0010         32.0000         35.0000          2.0000        165.7340
  312         14.0010         32.0000         36.0000          2.0000        166.2270
  314         14.0010         32.0000         34.0000          3.0000        171.3653
  315         14.0010         32.0000         35.0000          3.0000        171.4064
  316         14.0010         32.0000         36.0000          3.0000        171.5748
  318         14.0010         32.0000         34.0000          4.0000        176.6239
  319         14.0010         32.0000         35.0000          4.0000        176.6415
  320         14.0010         32.0000         36.0000          4.0000        176.7844
  306         15.0012         32.0000         34.0000          1.0000        146.2280
  307         15.0012         32.0000         35.0000          1.0000        146.3868
  308         15.0012         32.0000         36.0000          1.0000        146.9901
  310         15.0012         32.0000         34.0000          2.0000        150.4961
  311         15.0012         32.0000         35.0000          2.0000        150.5668
  312         15.0012         32.0000         36.0000          2.0000        150.8729
  314         15.0012         32.0000         34.0000          3.0000        153.9448
  315         15.0012         32.0000         35.0000          3.0000        153.9784
  316         15.0012         32.0000         36.0000          3.0000        154.0888
  318         15.0012         32.0000         34.0000          4.0000        157.2334
  319         15.0012         32.0000         35.0000          4.0000        157.2458
  320         15.0012         32.0000         36.0000          4.0000        157.3446
  306         15.0012         32.0000         34.0000          1.0000        145.2903
  307         15.0012         32.0000         35.0000          1.0000        145.4477
  308         15.0012         32.0000         36.0000          1.0000        146.0199
  310         15.0012         32.0000         34.0000          2.0000        149.4700
  311         15.0012         32.0000         35.0000          2.0000        149.5400
  312         15.0012         32.0000         36.0000          2.0000        149.8342
  314         15.0012         32.0000         34.0000          3.0000        152.8883
  315         15.0012         32.0000         35.0000          3.0000        152.9214
  316         15.0012         32.0000         36.0000          3.0000        153.0271
  318         15.0012         32.0000         34.0000          4.0000        156.1676
  319         15.0012         32.0000         35.0000          4.0000        156.1797
  320         15.0012         32.0000         36.0000          4.0000        156.2763
  306         15.0012         32.0000         34.0000          1.0000        145.2292
  307         15.0012         32.0000         35.0000          1.0000        145.3840
  308         15.0012         32.0000         36.0000          1.0000        145.9581
  310         15.0012         32.0000         34.0000          2.0000        149.4176
  311         15.0012         32.0000         35.0000          2.0000        149.4867
  312         15.0012         32.0000         36.0000          2.0000        149.7815
  314         15.0012         32.0000         34.0000          3.0000        152.8417
  315         15.0012         32.0000         35.0000          3.0000        152.8746
  316         15.0012         32.0000         36.0000          3.0000        152.9804
  318         15.0012         32.0000         34.0000          4.0000        156.1261
  319         15.0012         32.0000         35.0000          4.0000        156.1381
  320         15.0012         32.0000         36.0000          4.0000        156.2348
  306         16.0025         32.0000         34.0000          1.0000        166.5573
  307         16.0025         32.0000         35.0000          1.0000        166.6974
  308         16.0025         32.0000         36.0000          1.0000        167.1117
  310         16.0025         32.0000         34.0000          2.0000        170.0845
  311         16.0025         32.0000         35.0000          2.0000        170.1437
  312         16.0025         32.0000         36.0000          2.0000        170.3633
  314         16.0025         32.0000         34.0000          3.0000        173.0996
  315         16.0025         32.0000         35.0000          3.0000        173.1266
  316         16.0025         32.0000         36.0000          3.0000        173.2058
  318         16.0025         32.0000         34.0000          4.0000        176.0951
  319         16.0025         32.0000         35.0000          4.0000        176.1056
  320         16.0025         32.0000         36.0000          4.0000        176.1885
  306         16.0025         32.0000         34.0000          1.0000        166.5114
  307         16.0025         32.0000         35.0000          1.0000        166.6515
  308         16.0025         32.0000         36.0000          1.0000        167.0614
  310         16.0025         32.0000         34.0000          2.0000        170.0283
  311         16.0025         32.0000         35.0000          2.0000        170.0872
  312         16.0025         32.0000         36.0000          2.0000        170.3048
  314         16.0025         32.0000         34.0000          3.0000        173.0405
  315         16.0025         32.0000         35.0000          3.0000        173.0671
  316         16.0025         32.0000         36.0000          3.0000        173.1451
  318         16.0025         32.0000         34.0000          4.0000        176.0356
  319         16.0025         32.0000         35.0000          4.0000        176.0456
  320         16.0025         32.0000         36.0000          4.0000        176.1278
  306         16.0025         32.0000         34.0000          1.0000        166.5104
  307         16.0025         32.0000         35.0000          1.0000        166.6501
  308         16.0025         32.0000         36.0000          1.0000        167.0595
  310         16.0025         32.0000         34.0000          2.0000        170.0257
  311         16.0025         32.0000         35.0000          2.0000        170.0845
  312         16.0025         32.0000         36.0000          2.0000        170.3019
  314         16.0025         32.0000         34.0000          3.0000        173.0375
  315         16.0025         32.0000         35.0000          3.0000        173.0640
  316         16.0025         32.0000         36.0000          3.0000        173.1420
  318         16.0025         32.0000         34.0000          4.0000        176.0324
  319         16.0025         32.0000         35.0000          4.0000        176.0424
  320         16.0025         32.0000         36.0000          4.0000        176.1245
  306         17.0138         32.0000         34.0000          1.0000        123.1664
  307         17.0138         32.0000         35.0000          1.0000        123.2579
  308         17.0138         32.0000         36.0000          1.0000        123.6421
  310         17.0138         32.0000         34.0000          2.0000        126.6781
  311         17.0138         32.0000         35.0000          2.0000        126.7191
  312         17.0138         32.0000         36.0000          2.0000        126.9148
  314         17.0138         32.0000         34.0000          3.0000        129.7100
  315         17.0138         32.0000         35.0000          3.0000        129.7302
  316         17.0138         32.0000         36.0000          3.0000        129.7967
  318         17.0138         32.0000         34.0000          4.0000        132.6936
  319         17.0138         32.0000         35.0000          4.0000        132.7038
  320         17.0138         32.0000         36.0000          4.0000        132.7774
  306         17.0138         32.0000         34.0000          1.0000        123.7188
  307         17.0138         32.0000         35.0000          1.0000        123.8129
  308         17.0138         32.0000         36.0000          1.0000        124.2113
  310         17.0138         32.0000         34.0000          2.0000        127.2633
  311         17.0138         32.0000         35.0000          2.0000        127.3056
  312         17.0138         32.0000         36.0000          2.0000        127.5070
  314         17.0138         32.0000         34.0000          3.0000        130.3020
  315         17.0138         32.0000         35.0000          3.0000        130.3231
  316         17.0138         32.0000         36.0000          3.0000        130.3922
  318         17.0138         32.0000         34.0000          4.0000        133.2829
  319         17.0138         32.0000         35.0000          4.0000        133.2938
  320         17.0138         32.0000         36.0000          4.0000        133.3688
  306         17.0138         32.0000         34.0000          1.0000        123.7622
  307         17.0138         32.0000         35.0000          1.0000        123.8574
  308         17.0138         32.0000         36.0000          1.0000        124.2539
  310         17.0138         32.0000         34.0000          2.0000        127.2997
  311         17.0138         32.0000         35.0000          2.0000        127.3424
  312         17.0138         32.0000         36.0000          2.0000        127.5431
  314         17.0138         32.0000         34.0000          3.0000        130.3347
  315         17.0138         32.0000         35.0000          3.0000        130.3559
  316         17.0138         32.0000         36.0000          3.0000        130.4247
  318         17.0138         32.0000         34.0000          4.0000        133.3129
  319         17.0138         32.0000         35.0000          4.0000        133.3238
  320         17.0138         32.0000         36.0000          4.0000        133.3987
  306         18.0179         32.0000         34.0000          1.0000         87.3790
  307         18.0179         32.0000         35.0000          1.0000         87.4488
  308         18.0179         32.0000         36.0000          1.0000         87.6612
  310         18.0179         32.0000         34.0000          2.0000         89.1034
  311         18.0179         32.0000         35.0000          2.0000         89.1565
  312         18.0179         32.0000         36.0000          2.0000         89.3019
  314         18.0179         32.0000         34.0000          3.0000         90.6849
  315         18.0179         32.0000         35.0000          3.0000         90.7248
  316         18.0179         32.0000         36.0000          3.0000         90.8047
  318         18.0179         32.0000         34.0000          4.0000         92.3829
  319         18.0179         32.0000         35.0000          4.0000         92.4105
  320         18.0179         32.0000         36.0000          4.0000         92.4863
  306         18.0179         32.0000         34.0000          1.0000         86.8114
  307         18.0179         32.0000         35.0000          1.0000         86.8806
  308         18.0179         32.0000         36.0000          1.0000         87.0756
  310         18.0179         32.0000         34.0000          2.0000         88.4959
  311         18.0179         32.0000         35.0000          2.0000         88.5483
  312         18.0179         32.0000         36.0000          2.0000         88.6870
  314         18.0179         32.0000         34.0000          3.0000         90.0697
  315         18.0179         32.0000         35.0000          3.0000         90.1091
  316         18.0179         32.0000         36.0000          3.0000         90.1860
  318         18.0179         32.0000         34.0000          4.0000         91.7713
  319         18.0179         32.0000         35.0000          4.0000         91.7985
  320         18.0179         32.0000         36.0000          4.0000         91.8729
  306         18.0179         32.0000         34.0000          1.0000         86.7696
  307         18.0179         32.0000         35.0000          1.0000         86.8370
  308         18.0179         32.0000         36.0000          1.0000         87.0341
  310         18.0179         32.0000         34.0000          2.0000         88.4612
  311         18.0179         32.0000         35.0000          2.0000         88.5131
  312         18.0179         32.0000         36.0000          2.0000         88.6524
  314         18.0179         32.0000         34.0000          3.0000         90.0387
  315         18.0179         32.0000         35.0000          3.0000         90.0779
  316         18.0179         32.0000         36.0000          3.0000         90.1551
  318         18.0179         32.0000         34.0000          4.0000         91.7430
  319         18.0179         32.0000         35.0000          4.0000         91.7701
  320         18.0179         32.0000         36.0000          4.0000         91.8447
  306         19.0133         32.0000         34.0000          1.0000         22.4734
  307         19.0133         32.0000         35.0000          1.0000         23.9098
  308         19.0133         32.0000         36.0000          1.0000         25.3819
  310         19.0133         32.0000         34.0000          2.0000         22.8214
  311         19.0133         32.0000         35.0000          2.0000         24.2351
  312         19.0133         32.0000         36.0000          2.0000         25.6765
  314         19.0133         32.0000         34.0000          3.0000         23.1099
  315         19.0133         32.0000         35.0000          3.0000         24.5134
  316         19.0133         32.0000         36.0000          3.0000         25.9314
  318         19.0133         32.0000         34.0000          4.0000         26.1922
  319         19.0133         32.0000         35.0000          4.0000         26.2029
  320         19.0133         32.0000         36.0000          4.0000         26.2257
  306         19.0133         32.0000         34.0000          1.0000         22.4314
  307         19.0133         32.0000         35.0000          1.0000         23.8640
  308         19.0133         32.0000         36.0000          1.0000         25.3282
  310         19.0133         32.0000         34.0000          2.0000         22.7703
  311         19.0133         32.0000         35.0000          2.0000         24.1805
  312         19.0133         32.0000         36.0000          2.0000         25.6169
  314         19.0133         32.0000         34.0000          3.0000         23.0562
  315         19.0133         32.0000         35.0000          3.0000         24.4564
  316         19.0133         32.0000         36.0000          3.0000         25.8705
  318         19.0133         32.0000         34.0000          4.0000         26.1323
  319         19.0133         32.0000         35.0000          4.0000         26.1427
  320         19.0133         32.0000         36.0000          4.0000         26.1650
  306         20.0143         32.0000         34.0000          1.0000         -1.0565
  307         20.0143         32.0000         35.0000          1.0000         -0.8642
  308         20.0143         32.0000         36.0000          1.0000         -0.6933
  310         20.0143         32.0000         34.0000          2.0000         -1.4063
  311         20.0143         32.0000         35.0000          2.0000         -1.2099
  312         20.0143         32.0000         36.0000          2.0000         -1.0207
  314         20.0143         32.0000         34.0000          3.0000         -1.7174
  315         20.0143         32.0000         35.0000          3.0000         -1.5212
  316         20.0143         32.0000         36.0000          3.0000         -1.3252
  318         20.0143         32.0000         34.0000          4.0000         -1.6385
  319         20.0143         32.0000         35.0000          4.0000         -1.6361
  320         20.0143         32.0000         36.0000          4.0000         -1.6355
  306         20.0143         32.0000         34.0000          1.0000         -1.0759
  307         20.0143         32.0000         35.0000          1.0000         -0.8829
  308         20.0143         32.0000         36.0000          1.0000         -0.7139
  310         20.0143         32.0000         34.0000          2.0000         -1.4320
  311         20.0143         32.0000         35.0000          2.0000         -1.2353
  312         20.0143         32.0000         36.0000          2.0000         -1.0466
  314         20.0143         32.0000         34.0000          3.0000         -1.7451
  315         20.0143         32.0000         35.0000          3.0000         -1.5487
  316         20.0143         32.0000         36.0000          3.0000         -1.3528
  318         20.0143         32.0000         34.0000          4.0000         -1.6665
  319         20.0143         32.0000         35.0000          4.0000         -1.6642
  320         20.0143         32.0000         36.0000          4.0000         -1.6637
  306         21.0154         32.0000         34.0000          1.0000         -5.3247
  307         21.0154         32.0000         35.0000          1.0000         -5.2959
  308         21.0154         32.0000         36.0000          1.0000         -5.2920
  310         21.0154         32.0000         34.0000          2.0000         -5.8020
  311         21.0154         32.0000         35.0000          2.0000         -5.7594
  312         21.0154         32.0000         36.0000          2.0000         -5.7269
  314         21.0154         32.0000         34.0000          3.0000         -6.2119
  315         21.0154         32.0000         35.0000          3.0000         -6.1668
  316         21.0154         32.0000         36.0000          3.0000         -6.1225
  318         21.0154         32.0000         34.0000          4.0000         -6.5218
  319         21.0154         32.0000         35.0000          4.0000         -6.5217
  320         21.0154         32.0000         36.0000          4.0000         -6.5255
  306         21.0154         32.0000         34.0000          1.0000         -5.3381
  307         21.0154         32.0000         35.0000          1.0000         -5.3090
  308         21.0154         32.0000         36.0000          1.0000         -5.3075
  310         21.0154         32.0000         34.0000          2.0000         -5.8220
  311         21.0154         32.0000         35.0000          2.0000         -5.7793
  312         21.0154         32.0000         36.0000          2.0000         -5.7477
  314         21.0154         32.0000         34.0000          3.0000         -6.2340
  315         21.0154         32.0000         35.0000          3.0000         -6.1889
  316         21.0154         32.0000         36.0000          3.0000         -6.1449
  318         21.0154         32.0000         34.0000          4.0000         -6.5447
  319         21.0154         32.0000         35.0000          4.0000         -6.5446
  320         21.0154         32.0000         36.0000          4.0000         -6.5485
  306         22.0091         32.0000         34.0000          1.0000         -3.9679
  307         22.0091         32.0000         35.0000          1.0000         -3.9840
  308         22.0091         32.0000         36.0000          1.0000         -4.0169
  310         22.0091         32.0000         34.0000          2.0000         -4.3424
  311         22.0091         32.0000         35.0000          2.0000         -4.3409
  312         22.0091         32.0000         36.0000          2.0000         -4.3476
  314         22.0091         32.0000         34.0000          3.0000         -4.6529
  315         22.0091         32.0000         35.0000          3.0000         -4.6472
  316         22.0091         32.0000         36.0000          3.0000         -4.6428
  318         22.0091         32.0000         34.0000          4.0000         -4.9291
  319         22.0091         32.0000         35.0000          4.0000         -4.9300
  320         22.0091         32.0000         36.0000          4.0000         -4.9343
  306         22.0091         32.0000         34.0000          1.0000         -3.9811
  307         22.0091         32.0000         35.0000          1.0000         -3.9972
  308         22.0091         32.0000         36.0000          1.0000         -4.0315
  310         22.0091         32.0000         34.0000          2.0000         -4.3594
  311         22.0091         32.0000         35.0000          2.0000         -4.3580
  312         22.0091         32.0000         36.0000          2.0000         -4.3653
  314         22.0091         32.0000         34.0000          3.0000         -4.6714
  315         22.0091         32.0000         35.0000          3.0000         -4.6657
  316         22.0091         32.0000         36.0000          3.0000         -4.6615
  318         22.0091         32.0000         34.0000          4.0000         -4.9483
  319         22.0091         32.0000         35.0000          4.0000         -4.9492
  320         22.0091         32.0000         36.0000          4.0000         -4.9536
  306         23.0248         32.0000         34.0000          1.0000         -4.0335
  307         23.0248         32.0000         35.0000          1.0000         -4.0627
  308         23.0248         32.0000         36.0000          1.0000         -4.1064
  310         23.0248         32.0000         34.0000          2.0000         -4.3950
  311         23.0248         32.0000         35.0000          2.0000         -4.4019
  312         23.0248         32.0000         36.0000          2.0000         -4.4169
  314         23.0248         32.0000         34.0000          3.0000         -4.6825
  315         23.0248         32.0000         35.0000          3.0000         -4.6834
  316         23.0248         32.0000         36.0000          3.0000         -4.6864
  318         23.0248         32.0000         34.0000          4.0000         -4.9368
  319         23.0248         32.0000         35.0000          4.0000         -4.9383
  320         23.0248         32.0000         36.0000          4.0000         -4.9433
  306         23.0248         32.0000         34.0000          1.0000         -4.0386
  307         23.0248         32.0000         35.0000          1.0000         -4.0678
  308         23.0248         32.0000         36.0000          1.0000         -4.1124
  310         23.0248         32.0000         34.0000          2.0000         -4.4026
  311         23.0248         32.0000         35.0000          2.0000         -4.4094
  312         23.0248         32.0000         36.0000          2.0000         -4.4248
  314         23.0248         32.0000         34.0000          3.0000         -4.6909
  315         23.0248         32.0000         35.0000          3.0000         -4.6918
  316         23.0248         32.0000         36.0000          3.0000         -4.6949
  318         23.0248         32.0000         34.0000          4.0000         -4.9454
  319         23.0248         32.0000         35.0000          4.0000         -4.9469
  320         23.0248         32.0000         36.0000          4.0000         -4.9520
