  257          1.0064         33.0000         37.0000          1.0000          2.9714
  261          1.0064         33.0000         37.0000          2.0000          2.8354
  265          1.0064         33.0000         37.0000          3.0000          2.7373
  269          1.0064         33.0000         37.0000          4.0000          2.6450
  257          1.0064         33.0000         37.0000          1.0000          2.9659
  261          1.0064         33.0000         37.0000          2.0000          2.8295
  265          1.0064         33.0000         37.0000          3.0000          2.7314
  269          1.0064         33.0000         37.0000          4.0000          2.6391
  257          2.0400         33.0000         37.0000          1.0000          4.0600
  261          2.0400         33.0000         37.0000          2.0000          3.8814
  265          2.0400         33.0000         37.0000          3.0000          3.7541
  269          2.0400         33.0000         37.0000          4.0000          3.6397
  257          2.0400         33.0000         37.0000          1.0000          4.0532
  261          2.0400         33.0000         37.0000          2.0000          3.8741
  265          2.0400         33.0000         37.0000          3.0000          3.7468
  269          2.0400         33.0000         37.0000          4.0000          3.6325
  257          3.0193         33.0000         37.0000          1.0000          2.2001
  261          3.0193         33.0000         37.0000          2.0000          2.0599
  265          3.0193         33.0000         37.0000          3.0000          1.9647
  269          3.0193         33.0000         37.0000          4.0000          1.8742
  257          3.0193         33.0000         37.0000          1.0000          2.1932
  261          3.0193         33.0000         37.0000          2.0000          2.0528
  265          3.0193         33.0000         37.0000          3.0000          1.9576
  269          3.0193         33.0000         37.0000          4.0000          1.8671
  257          4.0393         33.0000         37.0000          1.0000          1.8340
  261          4.0393         33.0000         37.0000          2.0000          1.6893
  265          4.0393         33.0000         37.0000          3.0000          1.5943
  269          4.0393         33.0000         37.0000          4.0000          1.5059
  257          4.0393         33.0000         37.0000          1.0000          1.8274
  261          4.0393         33.0000         37.0000          2.0000          1.6825
  265          4.0393         33.0000         37.0000          3.0000          1.5874
  269          4.0393         33.0000         37.0000          4.0000          1.4992
  257          5.0185         33.0000         37.0000          1.0000          1.6277
  261          5.0185         33.0000         37.0000          2.0000          1.4774
  265          5.0185         33.0000         37.0000          3.0000          1.3807
  269          5.0185         33.0000         37.0000          4.0000          1.2925
  257          5.0185         33.0000         37.0000          1.0000          1.6220
  261          5.0185         33.0000         37.0000          2.0000          1.4716
  265          5.0185         33.0000         37.0000          3.0000          1.3749
  269          5.0185         33.0000         37.0000          4.0000          1.2868
  257          6.0385         33.0000         37.0000          1.0000          1.6219
  261          6.0385         33.0000         37.0000          2.0000          1.4685
  265          6.0385         33.0000         37.0000          3.0000          1.3723
  269          6.0385         33.0000         37.0000          4.0000          1.2858
  257          6.0385         33.0000         37.0000          1.0000          1.6151
  261          6.0385         33.0000         37.0000          2.0000          1.4617
  265          6.0385         33.0000         37.0000          3.0000          1.3655
  269          6.0385         33.0000         37.0000          4.0000          1.2791
  257          7.0463         33.0000         37.0000          1.0000          1.6184
  261          7.0463         33.0000         37.0000          2.0000          1.4616
  265          7.0463         33.0000         37.0000          3.0000          1.3651
  269          7.0463         33.0000         37.0000          4.0000          1.2794
  257          7.0463         33.0000         37.0000          1.0000          1.6245
  261          7.0463         33.0000         37.0000          2.0000          1.4679
  265          7.0463         33.0000         37.0000          3.0000          1.3714
  269          7.0463         33.0000         37.0000          4.0000          1.2857
  257          8.0010         33.0000         37.0000          1.0000          2.1331
  261          8.0010         33.0000         37.0000          2.0000          2.0026
  265          8.0010         33.0000         37.0000          3.0000          1.9280
  269          8.0010         33.0000         37.0000          4.0000          1.8628
  257          8.0010         33.0000         37.0000          1.0000          2.1474
  261          8.0010         33.0000         37.0000          2.0000          2.0171
  265          8.0010         33.0000         37.0000          3.0000          1.9425
  269          8.0010         33.0000         37.0000          4.0000          1.8773
  257          8.0010         33.0000         37.0000          1.0000          2.1501
  261          8.0010         33.0000         37.0000          2.0000          2.0196
  265          8.0010         33.0000         37.0000          3.0000          1.9449
  269          8.0010         33.0000         37.0000          4.0000          1.8794
  257          9.0154         33.0000         37.0000          1.0000          5.9071
  261          9.0154         33.0000         37.0000          2.0000          5.9496
  265          9.0154         33.0000         37.0000          3.0000          6.0067
  269          9.0154         33.0000         37.0000          4.0000          6.0691
  257          9.0154         33.0000         37.0000          1.0000          5.9563
  261          9.0154         33.0000         37.0000          2.0000          5.9990
  265          9.0154         33.0000         37.0000          3.0000          6.0556
  269          9.0154         33.0000         37.0000          4.0000          6.1173
  257          9.0154         33.0000         37.0000          1.0000          5.9631
  261          9.0154         33.0000         37.0000          2.0000          6.0051
  265          9.0154         33.0000         37.0000          3.0000          6.0612
  269          9.0154         33.0000         37.0000          4.0000          6.1225
  257         10.0100         33.0000         37.0000          1.0000         19.6204
  261         10.0100         33.0000         37.0000          2.0000         20.0662
  265         10.0100         33.0000         37.0000          3.0000         20.4220
  269         10.0100         33.0000         37.0000          4.0000         20.8170
  257         10.0100         33.0000         37.0000          1.0000         19.6842
  261         10.0100         33.0000         37.0000          2.0000         20.1290
  265         10.0100         33.0000         37.0000          3.0000         20.4830
  269         10.0100         33.0000         37.0000          4.0000         20.8760
  257         10.0100         33.0000         37.0000          1.0000         19.6895
  261         10.0100         33.0000         37.0000          2.0000         20.1331
  265         10.0100         33.0000         37.0000          3.0000         20.4866
  269         10.0100         33.0000         37.0000          4.0000         20.8793
  257         11.0146         33.0000         37.0000          1.0000         32.7736
  261         11.0146         33.0000         37.0000          2.0000         33.9434
  265         11.0146         33.0000         37.0000          3.0000         34.8321
  269         11.0146         33.0000         37.0000          4.0000         35.7626
  257         11.0146         33.0000         37.0000          1.0000         32.8315
  261         11.0146         33.0000         37.0000          2.0000         33.9974
  265         11.0146         33.0000         37.0000          3.0000         34.8832
  269         11.0146         33.0000         37.0000          4.0000         35.8110
  257         11.0146         33.0000         37.0000          1.0000         32.8367
  261         11.0146         33.0000         37.0000          2.0000         34.0011
  265         11.0146         33.0000         37.0000          3.0000         34.8862
  269         11.0146         33.0000         37.0000          4.0000         35.8137
  257         12.0078         33.0000         37.0000          1.0000         43.6482
  261         12.0078         33.0000         37.0000          2.0000         45.0551
  265         12.0078         33.0000         37.0000          3.0000         46.0736
  269         12.0078         33.0000         37.0000          4.0000         47.0886
  257         12.0078         33.0000         37.0000          1.0000         43.7040
  261         12.0078         33.0000         37.0000          2.0000         45.1071
  265         12.0078         33.0000         37.0000          3.0000         46.1224
  269         12.0078         33.0000         37.0000          4.0000         47.1355
  257         12.0078         33.0000         37.0000          1.0000         43.7153
  261         12.0078         33.0000         37.0000          2.0000         45.1150
  265         12.0078         33.0000         37.0000          3.0000         46.1279
  269         12.0078         33.0000         37.0000          4.0000         47.1397
  257         12.0078         33.0000         37.0000          1.0000         43.7191
  261         12.0078         33.0000         37.0000          2.0000         45.1172
  265         12.0078         33.0000         37.0000          3.0000         46.1294
  269         12.0078         33.0000         37.0000          4.0000         47.1409
  257         13.0162         33.0000         37.0000          1.0000         53.0421
  261         13.0162         33.0000         37.0000          2.0000         54.5002
  265         13.0162         33.0000         37.0000          3.0000         55.5160
  269         13.0162         33.0000         37.0000          4.0000         56.5612
  257         13.0162         33.0000         37.0000          1.0000         53.0222
  261         13.0162         33.0000         37.0000          2.0000         54.4773
  265         13.0162         33.0000         37.0000          3.0000         55.4929
  269         13.0162         33.0000         37.0000          4.0000         56.5386
  257         14.0010         33.0000         37.0000          1.0000         70.7451
  261         14.0010         33.0000         37.0000          2.0000         73.2054
  265         14.0010         33.0000         37.0000          3.0000         75.0448
  269         14.0010         33.0000         37.0000          4.0000         76.8963
  257         14.0010         33.0000         37.0000          1.0000         71.1341
  261         14.0010         33.0000         37.0000          2.0000         73.6138
  265         14.0010         33.0000         37.0000          3.0000         75.4472
  269         14.0010         33.0000         37.0000          4.0000         77.2846
  257         14.0010         33.0000         37.0000          1.0000         71.1608
  261         14.0010         33.0000         37.0000          2.0000         73.6346
  265         14.0010         33.0000         37.0000          3.0000         75.4652
  269         14.0010         33.0000         37.0000          4.0000         77.3009
  257         15.0012         33.0000         37.0000          1.0000         43.5248
  261         15.0012         33.0000         37.0000          2.0000         44.7049
  265         15.0012         33.0000         37.0000          3.0000         45.4627
  269         15.0012         33.0000         37.0000          4.0000         46.2867
  257         15.0012         33.0000         37.0000          1.0000         43.1262
  261         15.0012         33.0000         37.0000          2.0000         44.2769
  265         15.0012         33.0000         37.0000          3.0000         45.0308
  269         15.0012         33.0000         37.0000          4.0000         45.8596
  257         15.0012         33.0000         37.0000          1.0000         43.1052
  261         15.0012         33.0000         37.0000          2.0000         44.2581
  265         15.0012         33.0000         37.0000          3.0000         45.0135
  269         15.0012         33.0000         37.0000          4.0000         45.8436
  257         16.0025         33.0000         37.0000          1.0000         56.8381
  261         16.0025         33.0000         37.0000          2.0000         58.2596
  265         16.0025         33.0000         37.0000          3.0000         59.1770
  269         16.0025         33.0000         37.0000          4.0000         60.1465
  257         16.0025         33.0000         37.0000          1.0000         56.7876
  261         16.0025         33.0000         37.0000          2.0000         58.2056
  265         16.0025         33.0000         37.0000          3.0000         59.1227
  269         16.0025         33.0000         37.0000          4.0000         60.0932
  257         16.0025         33.0000         37.0000          1.0000         56.7900
  261         16.0025         33.0000         37.0000          2.0000         58.2064
  265         16.0025         33.0000         37.0000          3.0000         59.1231
  269         16.0025         33.0000         37.0000          4.0000         60.0934
  257         17.0138         33.0000         37.0000          1.0000         52.7626
  261         17.0138         33.0000         37.0000          2.0000         54.3463
  265         17.0138         33.0000         37.0000          3.0000         55.4546
  269         17.0138         33.0000         37.0000          4.0000         56.6029
  257         17.0138         33.0000         37.0000          1.0000         53.0571
  261         17.0138         33.0000         37.0000          2.0000         54.6538
  265         17.0138         33.0000         37.0000          3.0000         55.7580
  269         17.0138         33.0000         37.0000          4.0000         56.8965
  257         17.0138         33.0000         37.0000          1.0000         53.0740
  261         17.0138         33.0000         37.0000          2.0000         54.6673
  265         17.0138         33.0000         37.0000          3.0000         55.7698
  269         17.0138         33.0000         37.0000          4.0000         56.9074
  257         18.0179         33.0000         37.0000          1.0000         41.8280
  261         18.0179         33.0000         37.0000          2.0000         42.7987
  265         18.0179         33.0000         37.0000          3.0000         43.4147
  269         18.0179         33.0000         37.0000          4.0000         44.1081
  257         18.0179         33.0000         37.0000          1.0000         41.5526
  261         18.0179         33.0000         37.0000          2.0000         42.5096
  265         18.0179         33.0000         37.0000          3.0000         43.1298
  269         18.0179         33.0000         37.0000          4.0000         43.8327
  257         18.0179         33.0000         37.0000          1.0000         41.5381
  261         18.0179         33.0000         37.0000          2.0000         42.4971
  265         18.0179         33.0000         37.0000          3.0000         43.1186
  269         18.0179         33.0000         37.0000          4.0000         43.8224
  257         19.0133         33.0000         37.0000          1.0000         27.8710
  261         19.0133         33.0000         37.0000          2.0000         28.2734
  265         19.0133         33.0000         37.0000          3.0000         28.4830
  269         19.0133         33.0000         37.0000          4.0000         28.7373
  257         19.0133         33.0000         37.0000          1.0000         27.8436
  261         19.0133         33.0000         37.0000          2.0000         28.2442
  265         19.0133         33.0000         37.0000          3.0000         28.4541
  269         19.0133         33.0000         37.0000          4.0000         28.7093
  257         20.0143         33.0000         37.0000          1.0000         12.1847
  261         20.0143         33.0000         37.0000          2.0000         12.2072
  265         20.0143         33.0000         37.0000          3.0000         12.1686
  269         20.0143         33.0000         37.0000          4.0000         12.1368
  257         20.0143         33.0000         37.0000          1.0000         12.1685
  261         20.0143         33.0000         37.0000          2.0000         12.1897
  265         20.0143         33.0000         37.0000          3.0000         12.1511
  269         20.0143         33.0000         37.0000          4.0000         12.1196
  257         21.0154         33.0000         37.0000          1.0000         10.0660
  261         21.0154         33.0000         37.0000          2.0000         10.0037
  265         21.0154         33.0000         37.0000          3.0000          9.9140
  269         21.0154         33.0000         37.0000          4.0000          9.8407
  257         21.0154         33.0000         37.0000          1.0000         10.0553
  261         21.0154         33.0000         37.0000          2.0000          9.9916
  265         21.0154         33.0000         37.0000          3.0000          9.9016
  269         21.0154         33.0000         37.0000          4.0000          9.8286
  257         22.0091         33.0000         37.0000          1.0000          4.9421
  261         22.0091         33.0000         37.0000          2.0000          4.8654
  265         22.0091         33.0000         37.0000          3.0000          4.7905
  269         22.0091         33.0000         37.0000          4.0000          4.7091
  257         22.0091         33.0000         37.0000          1.0000          4.9321
  261         22.0091         33.0000         37.0000          2.0000          4.8548
  265         22.0091         33.0000         37.0000          3.0000          4.7798
  269         22.0091         33.0000         37.0000          4.0000          4.6985
  257         23.0248         33.0000         37.0000          1.0000          3.6521
  261         23.0248         33.0000         37.0000          2.0000          3.5563
  265         23.0248         33.0000         37.0000          3.0000          3.4764
  269         23.0248         33.0000         37.0000          4.0000          3.3895
  257         23.0248         33.0000         37.0000          1.0000          3.6442
  261         23.0248         33.0000         37.0000          2.0000          3.5479
  265         23.0248         33.0000         37.0000          3.0000          3.4679
  269         23.0248         33.0000         37.0000          4.0000          3.3810
