  258          1.0064         34.0000         37.0000          1.0000         -4.7243
  259          1.0064         35.0000         37.0000          1.0000         -4.7633
  260          1.0064         36.0000         37.0000          1.0000         -4.8308
  262          1.0064         34.0000         37.0000          2.0000         -5.1020
  263          1.0064         35.0000         37.0000          2.0000         -5.1160
  264          1.0064         36.0000         37.0000          2.0000         -5.1471
  266          1.0064         34.0000         37.0000          3.0000         -5.3835
  267          1.0064         35.0000         37.0000          3.0000         -5.3895
  268          1.0064         36.0000         37.0000          3.0000         -5.4014
  270          1.0064         34.0000         37.0000          4.0000         -5.6316
  271          1.0064         35.0000         37.0000          4.0000         -5.6349
  272          1.0064         36.0000         37.0000          4.0000         -5.6437
  258          1.0064         34.0000         37.0000          1.0000         -4.7264
  259          1.0064         35.0000         37.0000          1.0000         -4.7651
  260          1.0064         36.0000         37.0000          1.0000         -4.8335
  262          1.0064         34.0000         37.0000          2.0000         -5.1066
  263          1.0064         35.0000         37.0000          2.0000         -5.1206
  264          1.0064         36.0000         37.0000          2.0000         -5.1519
  266          1.0064         34.0000         37.0000          3.0000         -5.3890
  267          1.0064         35.0000         37.0000          3.0000         -5.3950
  268          1.0064         36.0000         37.0000          3.0000         -5.4070
  270          1.0064         34.0000         37.0000          4.0000         -5.6374
  271          1.0064         35.0000         37.0000          4.0000         -5.6407
  272          1.0064         36.0000         37.0000          4.0000         -5.6496
  258          2.0400         34.0000         37.0000          1.0000         -5.1199
  259          2.0400         35.0000         37.0000          1.0000         -5.1603
  260          2.0400         36.0000         37.0000          1.0000         -5.2314
  262          2.0400         34.0000         37.0000          2.0000         -5.5132
  263          2.0400         35.0000         37.0000          2.0000         -5.5277
  264          2.0400         36.0000         37.0000          2.0000         -5.5602
  266          2.0400         34.0000         37.0000          3.0000         -5.8043
  267          2.0400         35.0000         37.0000          3.0000         -5.8104
  268          2.0400         36.0000         37.0000          3.0000         -5.8230
  270          2.0400         34.0000         37.0000          4.0000         -6.0640
  271          2.0400         35.0000         37.0000          4.0000         -6.0673
  272          2.0400         36.0000         37.0000          4.0000         -6.0766
  258          2.0400         34.0000         37.0000          1.0000         -5.1262
  259          2.0400         35.0000         37.0000          1.0000         -5.1664
  260          2.0400         36.0000         37.0000          1.0000         -5.2386
  262          2.0400         34.0000         37.0000          2.0000         -5.5229
  263          2.0400         35.0000         37.0000          2.0000         -5.5373
  264          2.0400         36.0000         37.0000          2.0000         -5.5703
  266          2.0400         34.0000         37.0000          3.0000         -5.8152
  267          2.0400         35.0000         37.0000          3.0000         -5.8213
  268          2.0400         36.0000         37.0000          3.0000         -5.8340
  270          2.0400         34.0000         37.0000          4.0000         -6.0753
  271          2.0400         35.0000         37.0000          4.0000         -6.0787
  272          2.0400         36.0000         37.0000          4.0000         -6.0880
  258          3.0193         34.0000         37.0000          1.0000         -4.2424
  259          3.0193         35.0000         37.0000          1.0000         -4.2809
  260          3.0193         36.0000         37.0000          1.0000         -4.3467
  262          3.0193         34.0000         37.0000          2.0000         -4.5833
  263          3.0193         35.0000         37.0000          2.0000         -4.5970
  264          3.0193         36.0000         37.0000          2.0000         -4.6271
  266          3.0193         34.0000         37.0000          3.0000         -4.8288
  267          3.0193         35.0000         37.0000          3.0000         -4.8345
  268          3.0193         36.0000         37.0000          3.0000         -4.8464
  270          3.0193         34.0000         37.0000          4.0000         -5.0363
  271          3.0193         35.0000         37.0000          4.0000         -5.0394
  272          3.0193         36.0000         37.0000          4.0000         -5.0478
  258          3.0193         34.0000         37.0000          1.0000         -4.2441
  259          3.0193         35.0000         37.0000          1.0000         -4.2824
  260          3.0193         36.0000         37.0000          1.0000         -4.3489
  262          3.0193         34.0000         37.0000          2.0000         -4.5871
  263          3.0193         35.0000         37.0000          2.0000         -4.6008
  264          3.0193         36.0000         37.0000          2.0000         -4.6311
  266          3.0193         34.0000         37.0000          3.0000         -4.8333
  267          3.0193         35.0000         37.0000          3.0000         -4.8390
  268          3.0193         36.0000         37.0000          3.0000         -4.8509
  270          3.0193         34.0000         37.0000          4.0000         -5.0411
  271          3.0193         35.0000         37.0000          4.0000         -5.0442
  272          3.0193         36.0000         37.0000          4.0000         -5.0526
  258          4.0393         34.0000         37.0000          1.0000         -4.4348
  259          4.0393         35.0000         37.0000          1.0000         -4.4756
  260          4.0393         36.0000         37.0000          1.0000         -4.5443
  262          4.0393         34.0000         37.0000          2.0000         -4.7755
  263          4.0393         35.0000         37.0000          2.0000         -4.7899
  264          4.0393         36.0000         37.0000          2.0000         -4.8212
  266          4.0393         34.0000         37.0000          3.0000         -5.0157
  267          4.0393         35.0000         37.0000          3.0000         -5.0216
  268          4.0393         36.0000         37.0000          3.0000         -5.0341
  270          4.0393         34.0000         37.0000          4.0000         -5.2170
  271          4.0393         35.0000         37.0000          4.0000         -5.2202
  272          4.0393         36.0000         37.0000          4.0000         -5.2288
  258          4.0393         34.0000         37.0000          1.0000         -4.4382
  259          4.0393         35.0000         37.0000          1.0000         -4.4787
  260          4.0393         36.0000         37.0000          1.0000         -4.5481
  262          4.0393         34.0000         37.0000          2.0000         -4.7811
  263          4.0393         35.0000         37.0000          2.0000         -4.7955
  264          4.0393         36.0000         37.0000          2.0000         -4.8270
  266          4.0393         34.0000         37.0000          3.0000         -5.0221
  267          4.0393         35.0000         37.0000          3.0000         -5.0280
  268          4.0393         36.0000         37.0000          3.0000         -5.0406
  270          4.0393         34.0000         37.0000          4.0000         -5.2237
  271          4.0393         35.0000         37.0000          4.0000         -5.2269
  272          4.0393         36.0000         37.0000          4.0000         -5.2356
  258          5.0185         34.0000         37.0000          1.0000         -4.4644
  259          5.0185         35.0000         37.0000          1.0000         -4.5060
  260          5.0185         36.0000         37.0000          1.0000         -4.5764
  262          5.0185         34.0000         37.0000          2.0000         -4.8045
  263          5.0185         35.0000         37.0000          2.0000         -4.8192
  264          5.0185         36.0000         37.0000          2.0000         -4.8511
  266          5.0185         34.0000         37.0000          3.0000         -5.0412
  267          5.0185         35.0000         37.0000          3.0000         -5.0472
  268          5.0185         36.0000         37.0000          3.0000         -5.0600
  270          5.0185         34.0000         37.0000          4.0000         -5.2382
  271          5.0185         35.0000         37.0000          4.0000         -5.2413
  272          5.0185         36.0000         37.0000          4.0000         -5.2501
  258          5.0185         34.0000         37.0000          1.0000         -4.4660
  259          5.0185         35.0000         37.0000          1.0000         -4.5074
  260          5.0185         36.0000         37.0000          1.0000         -4.5784
  262          5.0185         34.0000         37.0000          2.0000         -4.8083
  263          5.0185         35.0000         37.0000          2.0000         -4.8229
  264          5.0185         36.0000         37.0000          2.0000         -4.8551
  266          5.0185         34.0000         37.0000          3.0000         -5.0457
  267          5.0185         35.0000         37.0000          3.0000         -5.0516
  268          5.0185         36.0000         37.0000          3.0000         -5.0645
  270          5.0185         34.0000         37.0000          4.0000         -5.2429
  271          5.0185         35.0000         37.0000          4.0000         -5.2461
  272          5.0185         36.0000         37.0000          4.0000         -5.2549
  258          6.0385         34.0000         37.0000          1.0000         -4.0711
  259          6.0385         35.0000         37.0000          1.0000         -4.1120
  260          6.0385         36.0000         37.0000          1.0000         -4.1798
  262          6.0385         34.0000         37.0000          2.0000         -4.3865
  263          6.0385         35.0000         37.0000          2.0000         -4.4009
  264          6.0385         36.0000         37.0000          2.0000         -4.4316
  266          6.0385         34.0000         37.0000          3.0000         -4.6015
  267          6.0385         35.0000         37.0000          3.0000         -4.6073
  268          6.0385         36.0000         37.0000          3.0000         -4.6198
  270          6.0385         34.0000         37.0000          4.0000         -4.7783
  271          6.0385         35.0000         37.0000          4.0000         -4.7813
  272          6.0385         36.0000         37.0000          4.0000         -4.7897
  258          6.0385         34.0000         37.0000          1.0000         -4.0730
  259          6.0385         35.0000         37.0000          1.0000         -4.1137
  260          6.0385         36.0000         37.0000          1.0000         -4.1822
  262          6.0385         34.0000         37.0000          2.0000         -4.3905
  263          6.0385         35.0000         37.0000          2.0000         -4.4048
  264          6.0385         36.0000         37.0000          2.0000         -4.4358
  266          6.0385         34.0000         37.0000          3.0000         -4.6062
  267          6.0385         35.0000         37.0000          3.0000         -4.6119
  268          6.0385         36.0000         37.0000          3.0000         -4.6245
  270          6.0385         34.0000         37.0000          4.0000         -4.7832
  271          6.0385         35.0000         37.0000          4.0000         -4.7862
  272          6.0385         36.0000         37.0000          4.0000         -4.7946
  258          7.0463         34.0000         37.0000          1.0000         -3.6853
  259          7.0463         35.0000         37.0000          1.0000         -3.7253
  260          7.0463         36.0000         37.0000          1.0000         -3.7906
  262          7.0463         34.0000         37.0000          2.0000         -3.9782
  263          7.0463         35.0000         37.0000          2.0000         -3.9922
  264          7.0463         36.0000         37.0000          2.0000         -4.0217
  266          7.0463         34.0000         37.0000          3.0000         -4.1738
  267          7.0463         35.0000         37.0000          3.0000         -4.1793
  268          7.0463         36.0000         37.0000          3.0000         -4.1914
  270          7.0463         34.0000         37.0000          4.0000         -4.3326
  271          7.0463         35.0000         37.0000          4.0000         -4.3355
  272          7.0463         36.0000         37.0000          4.0000         -4.3434
  258          7.0463         34.0000         37.0000          1.0000         -3.6355
  259          7.0463         35.0000         37.0000          1.0000         -3.6751
  260          7.0463         36.0000         37.0000          1.0000         -3.7401
  262          7.0463         34.0000         37.0000          2.0000         -3.9265
  263          7.0463         35.0000         37.0000          2.0000         -3.9404
  264          7.0463         36.0000         37.0000          2.0000         -3.9698
  266          7.0463         34.0000         37.0000          3.0000         -4.1206
  267          7.0463         35.0000         37.0000          3.0000         -4.1261
  268          7.0463         36.0000         37.0000          3.0000         -4.1381
  270          7.0463         34.0000         37.0000          4.0000         -4.2780
  271          7.0463         35.0000         37.0000          4.0000         -4.2809
  272          7.0463         36.0000         37.0000          4.0000         -4.2888
  258          8.0010         34.0000         37.0000          1.0000         -0.2389
  259          8.0010         35.0000         37.0000          1.0000         -0.2598
  260          8.0010         36.0000         37.0000          1.0000         -0.2824
  262          8.0010         34.0000         37.0000          2.0000         -0.2790
  263          8.0010         35.0000         37.0000          2.0000         -0.2863
  264          8.0010         36.0000         37.0000          2.0000         -0.2968
  266          8.0010         34.0000         37.0000          3.0000         -0.2833
  267          8.0010         35.0000         37.0000          3.0000         -0.2862
  268          8.0010         36.0000         37.0000          3.0000         -0.2912
  270          8.0010         34.0000         37.0000          4.0000         -0.2751
  271          8.0010         35.0000         37.0000          4.0000         -0.2765
  272          8.0010         36.0000         37.0000          4.0000         -0.2790
  258          8.0010         34.0000         37.0000          1.0000         -0.2034
  259          8.0010         35.0000         37.0000          1.0000         -0.2231
  260          8.0010         36.0000         37.0000          1.0000         -0.2449
  262          8.0010         34.0000         37.0000          2.0000         -0.2416
  263          8.0010         35.0000         37.0000          2.0000         -0.2486
  264          8.0010         36.0000         37.0000          2.0000         -0.2585
  266          8.0010         34.0000         37.0000          3.0000         -0.2455
  267          8.0010         35.0000         37.0000          3.0000         -0.2482
  268          8.0010         36.0000         37.0000          3.0000         -0.2530
  270          8.0010         34.0000         37.0000          4.0000         -0.2374
  271          8.0010         35.0000         37.0000          4.0000         -0.2388
  272          8.0010         36.0000         37.0000          4.0000         -0.2411
  258          8.0010         34.0000         37.0000          1.0000         -0.1991
  259          8.0010         35.0000         37.0000          1.0000         -0.2187
  260          8.0010         36.0000         37.0000          1.0000         -0.2405
  262          8.0010         34.0000         37.0000          2.0000         -0.2381
  263          8.0010         35.0000         37.0000          2.0000         -0.2450
  264          8.0010         36.0000         37.0000          2.0000         -0.2549
  266          8.0010         34.0000         37.0000          3.0000         -0.2424
  267          8.0010         35.0000         37.0000          3.0000         -0.2451
  268          8.0010         36.0000         37.0000          3.0000         -0.2499
  270          8.0010         34.0000         37.0000          4.0000         -0.2346
  271          8.0010         35.0000         37.0000          4.0000         -0.2360
  272          8.0010         36.0000         37.0000          4.0000         -0.2383
  258          9.0154         34.0000         37.0000          1.0000         20.9768
  259          9.0154         35.0000         37.0000          1.0000         20.9572
  260          9.0154         36.0000         37.0000          1.0000         21.0530
  262          9.0154         34.0000         37.0000          2.0000         22.0521
  263          9.0154         35.0000         37.0000          2.0000         22.0431
  264          9.0154         36.0000         37.0000          2.0000         22.0846
  266          9.0154         34.0000         37.0000          3.0000         23.0185
  267          9.0154         35.0000         37.0000          3.0000         23.0128
  268          9.0154         36.0000         37.0000          3.0000         23.0174
  270          9.0154         34.0000         37.0000          4.0000         23.9434
  271          9.0154         35.0000         37.0000          4.0000         23.9373
  272          9.0154         36.0000         37.0000          4.0000         23.9476
  258          9.0154         34.0000         37.0000          1.0000         21.1590
  259          9.0154         35.0000         37.0000          1.0000         21.1400
  260          9.0154         36.0000         37.0000          1.0000         21.2366
  262          9.0154         34.0000         37.0000          2.0000         22.2368
  263          9.0154         35.0000         37.0000          2.0000         22.2280
  264          9.0154         36.0000         37.0000          2.0000         22.2699
  266          9.0154         34.0000         37.0000          3.0000         23.2045
  267          9.0154         35.0000         37.0000          3.0000         23.1989
  268          9.0154         36.0000         37.0000          3.0000         23.2036
  270          9.0154         34.0000         37.0000          4.0000         24.1300
  271          9.0154         35.0000         37.0000          4.0000         24.1239
  272          9.0154         36.0000         37.0000          4.0000         24.1343
  258          9.0154         34.0000         37.0000          1.0000         21.1755
  259          9.0154         35.0000         37.0000          1.0000         21.1570
  260          9.0154         36.0000         37.0000          1.0000         21.2530
  262          9.0154         34.0000         37.0000          2.0000         22.2499
  263          9.0154         35.0000         37.0000          2.0000         22.2413
  264          9.0154         36.0000         37.0000          2.0000         22.2829
  266          9.0154         34.0000         37.0000          3.0000         23.2155
  267          9.0154         35.0000         37.0000          3.0000         23.2100
  268          9.0154         36.0000         37.0000          3.0000         23.2147
  270          9.0154         34.0000         37.0000          4.0000         24.1396
  271          9.0154         35.0000         37.0000          4.0000         24.1335
  272          9.0154         36.0000         37.0000          4.0000         24.1438
  258         10.0100         34.0000         37.0000          1.0000         64.0861
  259         10.0100         35.0000         37.0000          1.0000         64.1095
  260         10.0100         36.0000         37.0000          1.0000         64.4268
  262         10.0100         34.0000         37.0000          2.0000         66.8478
  263         10.0100         35.0000         37.0000          2.0000         66.8531
  264         10.0100         36.0000         37.0000          2.0000         66.9945
  266         10.0100         34.0000         37.0000          3.0000         69.2096
  267         10.0100         35.0000         37.0000          3.0000         69.2113
  268         10.0100         36.0000         37.0000          3.0000         69.2439
  270         10.0100         34.0000         37.0000          4.0000         71.5085
  271         10.0100         35.0000         37.0000          4.0000         71.5050
  272         10.0100         36.0000         37.0000          4.0000         71.5446
  258         10.0100         34.0000         37.0000          1.0000         64.2632
  259         10.0100         35.0000         37.0000          1.0000         64.2874
  260         10.0100         36.0000         37.0000          1.0000         64.6049
  262         10.0100         34.0000         37.0000          2.0000         67.0239
  263         10.0100         35.0000         37.0000          2.0000         67.0296
  264         10.0100         36.0000         37.0000          2.0000         67.1710
  266         10.0100         34.0000         37.0000          3.0000         69.3844
  267         10.0100         35.0000         37.0000          3.0000         69.3863
  268         10.0100         36.0000         37.0000          3.0000         69.4189
  270         10.0100         34.0000         37.0000          4.0000         71.6813
  271         10.0100         35.0000         37.0000          4.0000         71.6781
  272         10.0100         36.0000         37.0000          4.0000         71.7176
  258         10.0100         34.0000         37.0000          1.0000         64.2787
  259         10.0100         35.0000         37.0000          1.0000         64.3034
  260         10.0100         36.0000         37.0000          1.0000         64.6199
  262         10.0100         34.0000         37.0000          2.0000         67.0362
  263         10.0100         35.0000         37.0000          2.0000         67.0421
  264         10.0100         36.0000         37.0000          2.0000         67.1831
  266         10.0100         34.0000         37.0000          3.0000         69.3951
  267         10.0100         35.0000         37.0000          3.0000         69.3971
  268         10.0100         36.0000         37.0000          3.0000         69.4296
  270         10.0100         34.0000         37.0000          4.0000         71.6910
  271         10.0100         35.0000         37.0000          4.0000         71.6877
  272         10.0100         36.0000         37.0000          4.0000         71.7272
  258         11.0146         34.0000         37.0000          1.0000        109.1115
  259         11.0146         35.0000         37.0000          1.0000        109.1800
  260         11.0146         36.0000         37.0000          1.0000        109.7690
  262         11.0146         34.0000         37.0000          2.0000        114.0131
  263         11.0146         35.0000         37.0000          2.0000        114.0361
  264         11.0146         36.0000         37.0000          2.0000        114.2977
  266         11.0146         34.0000         37.0000          3.0000        118.1330
  267         11.0146         35.0000         37.0000          3.0000        118.1449
  268         11.0146         36.0000         37.0000          3.0000        118.2148
  270         11.0146         34.0000         37.0000          4.0000        122.1309
  271         11.0146         35.0000         37.0000          4.0000        122.1335
  272         11.0146         36.0000         37.0000          4.0000        122.2114
  258         11.0146         34.0000         37.0000          1.0000        109.2373
  259         11.0146         35.0000         37.0000          1.0000        109.3067
  260         11.0146         36.0000         37.0000          1.0000        109.8941
  262         11.0146         34.0000         37.0000          2.0000        114.1300
  263         11.0146         35.0000         37.0000          2.0000        114.1534
  264         11.0146         36.0000         37.0000          2.0000        114.4145
  266         11.0146         34.0000         37.0000          3.0000        118.2442
  267         11.0146         35.0000         37.0000          3.0000        118.2563
  268         11.0146         36.0000         37.0000          3.0000        118.3261
  270         11.0146         34.0000         37.0000          4.0000        122.2375
  271         11.0146         35.0000         37.0000          4.0000        122.2403
  272         11.0146         36.0000         37.0000          4.0000        122.3181
  258         11.0146         34.0000         37.0000          1.0000        109.2502
  259         11.0146         35.0000         37.0000          1.0000        109.3197
  260         11.0146         36.0000         37.0000          1.0000        109.9062
  262         11.0146         34.0000         37.0000          2.0000        114.1401
  263         11.0146         35.0000         37.0000          2.0000        114.1635
  264         11.0146         36.0000         37.0000          2.0000        114.4243
  266         11.0146         34.0000         37.0000          3.0000        118.2530
  267         11.0146         35.0000         37.0000          3.0000        118.2651
  268         11.0146         36.0000         37.0000          3.0000        118.3348
  270         11.0146         34.0000         37.0000          4.0000        122.2455
  271         11.0146         35.0000         37.0000          4.0000        122.2483
  272         11.0146         36.0000         37.0000          4.0000        122.3260
  258         12.0078         34.0000         37.0000          1.0000        131.8722
  259         12.0078         35.0000         37.0000          1.0000        131.9931
  260         12.0078         36.0000         37.0000          1.0000        132.6661
  262         12.0078         34.0000         37.0000          2.0000        137.0772
  263         12.0078         35.0000         37.0000          2.0000        137.1263
  264         12.0078         36.0000         37.0000          2.0000        137.4352
  266         12.0078         34.0000         37.0000          3.0000        141.4003
  267         12.0078         35.0000         37.0000          3.0000        141.4264
  268         12.0078         36.0000         37.0000          3.0000        141.5277
  270         12.0078         34.0000         37.0000          4.0000        145.5081
  271         12.0078         35.0000         37.0000          4.0000        145.5248
  272         12.0078         36.0000         37.0000          4.0000        145.6296
  258         12.0078         34.0000         37.0000          1.0000        132.1031
  259         12.0078         35.0000         37.0000          1.0000        132.2336
  260         12.0078         36.0000         37.0000          1.0000        132.9043
  262         12.0078         34.0000         37.0000          2.0000        137.3043
  263         12.0078         35.0000         37.0000          2.0000        137.3567
  264         12.0078         36.0000         37.0000          2.0000        137.6657
  266         12.0078         34.0000         37.0000          3.0000        141.6292
  267         12.0078         35.0000         37.0000          3.0000        141.6513
  268         12.0078         36.0000         37.0000          3.0000        141.7571
  270         12.0078         34.0000         37.0000          4.0000        145.7383
  271         12.0078         35.0000         37.0000          4.0000        145.7559
  272         12.0078         36.0000         37.0000          4.0000        145.8621
  258         12.0078         34.0000         37.0000          1.0000        132.1170
  259         12.0078         35.0000         37.0000          1.0000        132.2485
  260         12.0078         36.0000         37.0000          1.0000        132.9115
  262         12.0078         34.0000         37.0000          2.0000        137.3113
  263         12.0078         35.0000         37.0000          2.0000        137.3622
  264         12.0078         36.0000         37.0000          2.0000        137.6667
  266         12.0078         34.0000         37.0000          3.0000        141.6331
  267         12.0078         35.0000         37.0000          3.0000        141.6530
  268         12.0078         36.0000         37.0000          3.0000        141.7569
  270         12.0078         34.0000         37.0000          4.0000        145.7398
  271         12.0078         35.0000         37.0000          4.0000        145.7561
  272         12.0078         36.0000         37.0000          4.0000        145.8610
  258         12.0078         34.0000         37.0000          1.0000        132.1208
  259         12.0078         35.0000         37.0000          1.0000        132.2521
  260         12.0078         36.0000         37.0000          1.0000        132.9141
  262         12.0078         34.0000         37.0000          2.0000        137.3137
  263         12.0078         35.0000         37.0000          2.0000        137.3643
  264         12.0078         36.0000         37.0000          2.0000        137.6683
  266         12.0078         34.0000         37.0000          3.0000        141.6349
  267         12.0078         35.0000         37.0000          3.0000        141.6546
  268         12.0078         36.0000         37.0000          3.0000        141.7582
  270         12.0078         34.0000         37.0000          4.0000        145.7412
  271         12.0078         35.0000         37.0000          4.0000        145.7575
  272         12.0078         36.0000         37.0000          4.0000        145.8622
  258         13.0162         34.0000         37.0000          1.0000        142.0883
  259         13.0162         35.0000         37.0000          1.0000        142.2305
  260         13.0162         36.0000         37.0000          1.0000        142.8876
  262         13.0162         34.0000         37.0000          2.0000        147.0598
  263         13.0162         35.0000         37.0000          2.0000        147.1129
  264         13.0162         36.0000         37.0000          2.0000        147.4162
  266         13.0162         34.0000         37.0000          3.0000        151.1684
  267         13.0162         35.0000         37.0000          3.0000        151.1869
  268         13.0162         36.0000         37.0000          3.0000        151.2950
  270         13.0162         34.0000         37.0000          4.0000        155.1226
  271         13.0162         35.0000         37.0000          4.0000        155.1369
  272         13.0162         36.0000         37.0000          4.0000        155.2462
  258         13.0162         34.0000         37.0000          1.0000        142.0553
  259         13.0162         35.0000         37.0000          1.0000        142.1979
  260         13.0162         36.0000         37.0000          1.0000        142.8517
  262         13.0162         34.0000         37.0000          2.0000        147.0187
  263         13.0162         35.0000         37.0000          2.0000        147.0718
  264         13.0162         36.0000         37.0000          2.0000        147.3740
  266         13.0162         34.0000         37.0000          3.0000        151.1254
  267         13.0162         35.0000         37.0000          3.0000        151.1440
  268         13.0162         36.0000         37.0000          3.0000        151.2516
  270         13.0162         34.0000         37.0000          4.0000        155.0798
  271         13.0162         35.0000         37.0000          4.0000        155.0941
  272         13.0162         36.0000         37.0000          4.0000        155.2031
  258         14.0010         34.0000         37.0000          1.0000        167.8678
  259         14.0010         35.0000         37.0000          1.0000        167.9922
  260         14.0010         36.0000         37.0000          1.0000        168.8208
  262         14.0010         34.0000         37.0000          2.0000        174.7274
  263         14.0010         35.0000         37.0000          2.0000        174.7738
  264         14.0010         36.0000         37.0000          2.0000        175.1488
  266         14.0010         34.0000         37.0000          3.0000        180.4745
  267         14.0010         35.0000         37.0000          3.0000        180.4922
  268         14.0010         36.0000         37.0000          3.0000        180.6144
  270         14.0010         34.0000         37.0000          4.0000        186.0109
  271         14.0010         35.0000         37.0000          4.0000        186.0242
  272         14.0010         36.0000         37.0000          4.0000        186.1542
  258         14.0010         34.0000         37.0000          1.0000        168.6313
  259         14.0010         35.0000         37.0000          1.0000        168.7584
  260         14.0010         36.0000         37.0000          1.0000        169.6098
  262         14.0010         34.0000         37.0000          2.0000        175.5432
  263         14.0010         35.0000         37.0000          2.0000        175.5906
  264         14.0010         36.0000         37.0000          2.0000        175.9741
  266         14.0010         34.0000         37.0000          3.0000        181.2992
  267         14.0010         35.0000         37.0000          3.0000        181.3174
  268         14.0010         36.0000         37.0000          3.0000        181.4431
  270         14.0010         34.0000         37.0000          4.0000        186.8291
  271         14.0010         35.0000         37.0000          4.0000        186.8428
  272         14.0010         36.0000         37.0000          4.0000        186.9743
  258         14.0010         34.0000         37.0000          1.0000        168.6901
  259         14.0010         35.0000         37.0000          1.0000        168.8189
  260         14.0010         36.0000         37.0000          1.0000        169.6673
  262         14.0010         34.0000         37.0000          2.0000        175.5910
  263         14.0010         35.0000         37.0000          2.0000        175.6390
  264         14.0010         36.0000         37.0000          2.0000        176.0215
  266         14.0010         34.0000         37.0000          3.0000        181.3416
  267         14.0010         35.0000         37.0000          3.0000        181.3600
  268         14.0010         36.0000         37.0000          3.0000        181.4853
  270         14.0010         34.0000         37.0000          4.0000        186.8678
  271         14.0010         35.0000         37.0000          4.0000        186.8816
  272         14.0010         36.0000         37.0000          4.0000        187.0128
  258         15.0012         34.0000         37.0000          1.0000        119.8240
  259         15.0012         35.0000         37.0000          1.0000        119.9805
  260         15.0012         36.0000         37.0000          1.0000        120.5730
  262         15.0012         34.0000         37.0000          2.0000        123.9528
  263         15.0012         35.0000         37.0000          2.0000        124.0107
  264         15.0012         36.0000         37.0000          2.0000        124.2840
  266         15.0012         34.0000         37.0000          3.0000        127.2849
  267         15.0012         35.0000         37.0000          3.0000        127.3036
  268         15.0012         36.0000         37.0000          3.0000        127.4087
  270         15.0012         34.0000         37.0000          4.0000        130.5146
  271         15.0012         35.0000         37.0000          4.0000        130.5311
  272         15.0012         36.0000         37.0000          4.0000        130.6293
  258         15.0012         34.0000         37.0000          1.0000        118.8831
  259         15.0012         35.0000         37.0000          1.0000        119.0384
  260         15.0012         36.0000         37.0000          1.0000        119.6009
  262         15.0012         34.0000         37.0000          2.0000        122.9265
  263         15.0012         35.0000         37.0000          2.0000        122.9838
  264         15.0012         36.0000         37.0000          2.0000        123.2459
  266         15.0012         34.0000         37.0000          3.0000        126.2292
  267         15.0012         35.0000         37.0000          3.0000        126.2476
  268         15.0012         36.0000         37.0000          3.0000        126.3482
  270         15.0012         34.0000         37.0000          4.0000        129.4505
  271         15.0012         35.0000         37.0000          4.0000        129.4668
  272         15.0012         36.0000         37.0000          4.0000        129.5628
  258         15.0012         34.0000         37.0000          1.0000        118.8222
  259         15.0012         35.0000         37.0000          1.0000        118.9748
  260         15.0012         36.0000         37.0000          1.0000        119.5390
  262         15.0012         34.0000         37.0000          2.0000        122.8748
  263         15.0012         35.0000         37.0000          2.0000        122.9311
  264         15.0012         36.0000         37.0000          2.0000        123.1937
  266         15.0012         34.0000         37.0000          3.0000        126.1835
  267         15.0012         35.0000         37.0000          3.0000        126.2015
  268         15.0012         36.0000         37.0000          3.0000        126.3023
  270         15.0012         34.0000         37.0000          4.0000        129.4099
  271         15.0012         35.0000         37.0000          4.0000        129.4260
  272         15.0012         36.0000         37.0000          4.0000        129.5223
  258         16.0025         34.0000         37.0000          1.0000        123.7583
  259         16.0025         35.0000         37.0000          1.0000        123.9166
  260         16.0025         36.0000         37.0000          1.0000        124.4793
  262         16.0025         34.0000         37.0000          2.0000        127.7438
  263         16.0025         35.0000         37.0000          2.0000        127.8035
  264         16.0025         36.0000         37.0000          2.0000        128.0680
  266         16.0025         34.0000         37.0000          3.0000        130.9898
  267         16.0025         35.0000         37.0000          3.0000        131.0100
  268         16.0025         36.0000         37.0000          3.0000        131.1150
  270         16.0025         34.0000         37.0000          4.0000        134.1704
  271         16.0025         35.0000         37.0000          4.0000        134.1890
  272         16.0025         36.0000         37.0000          4.0000        134.2882
  258         16.0025         34.0000         37.0000          1.0000        123.6711
  259         16.0025         35.0000         37.0000          1.0000        123.8299
  260         16.0025         36.0000         37.0000          1.0000        124.3893
  262         16.0025         34.0000         37.0000          2.0000        127.6463
  263         16.0025         35.0000         37.0000          2.0000        127.7061
  264         16.0025         36.0000         37.0000          2.0000        127.9696
  266         16.0025         34.0000         37.0000          3.0000        130.8898
  267         16.0025         35.0000         37.0000          3.0000        130.9099
  268         16.0025         36.0000         37.0000          3.0000        131.0147
  270         16.0025         34.0000         37.0000          4.0000        134.0708
  271         16.0025         35.0000         37.0000          4.0000        134.0893
  272         16.0025         36.0000         37.0000          4.0000        134.1886
  258         16.0025         34.0000         37.0000          1.0000        123.6687
  259         16.0025         35.0000         37.0000          1.0000        123.8270
  260         16.0025         36.0000         37.0000          1.0000        124.3861
  262         16.0025         34.0000         37.0000          2.0000        127.6430
  263         16.0025         35.0000         37.0000          2.0000        127.7026
  264         16.0025         36.0000         37.0000          2.0000        127.9660
  266         16.0025         34.0000         37.0000          3.0000        130.8861
  267         16.0025         35.0000         37.0000          3.0000        130.9062
  268         16.0025         36.0000         37.0000          3.0000        131.0109
  270         16.0025         34.0000         37.0000          4.0000        134.0671
  271         16.0025         35.0000         37.0000          4.0000        134.0855
  272         16.0025         36.0000         37.0000          4.0000        134.1848
  258         17.0138         34.0000         37.0000          1.0000         99.4227
  259         17.0138         35.0000         37.0000          1.0000         99.5214
  260         17.0138         36.0000         37.0000          1.0000        100.0235
  262         17.0138         34.0000         37.0000          2.0000        103.3854
  263         17.0138         35.0000         37.0000          2.0000        103.4221
  264         17.0138         36.0000         37.0000          2.0000        103.6515
  266         17.0138         34.0000         37.0000          3.0000        106.6758
  267         17.0138         35.0000         37.0000          3.0000        106.6892
  268         17.0138         36.0000         37.0000          3.0000        106.7689
  270         17.0138         34.0000         37.0000          4.0000        109.8898
  271         17.0138         35.0000         37.0000          4.0000        109.9009
  272         17.0138         36.0000         37.0000          4.0000        109.9816
  258         17.0138         34.0000         37.0000          1.0000         99.9899
  259         17.0138         35.0000         37.0000          1.0000        100.0911
  260         17.0138         36.0000         37.0000          1.0000        100.6075
  262         17.0138         34.0000         37.0000          2.0000        103.9858
  263         17.0138         35.0000         37.0000          2.0000        104.0235
  264         17.0138         36.0000         37.0000          2.0000        104.2582
  266         17.0138         34.0000         37.0000          3.0000        107.2804
  267         17.0138         35.0000         37.0000          3.0000        107.2944
  268         17.0138         36.0000         37.0000          3.0000        107.3761
  270         17.0138         34.0000         37.0000          4.0000        110.4878
  271         17.0138         35.0000         37.0000          4.0000        110.4994
  272         17.0138         36.0000         37.0000          4.0000        110.5806
  258         17.0138         34.0000         37.0000          1.0000        100.0317
  259         17.0138         35.0000         37.0000          1.0000        100.1340
  260         17.0138         36.0000         37.0000          1.0000        100.6485
  262         17.0138         34.0000         37.0000          2.0000        104.0206
  263         17.0138         35.0000         37.0000          2.0000        104.0588
  264         17.0138         36.0000         37.0000          2.0000        104.2927
  266         17.0138         34.0000         37.0000          3.0000        107.3119
  267         17.0138         35.0000         37.0000          3.0000        107.3260
  268         17.0138         36.0000         37.0000          3.0000        107.4075
  270         17.0138         34.0000         37.0000          4.0000        110.5170
  271         17.0138         35.0000         37.0000          4.0000        110.5286
  272         17.0138         36.0000         37.0000          4.0000        110.6097
  258         18.0179         34.0000         37.0000          1.0000         60.0991
  259         18.0179         35.0000         37.0000          1.0000         60.1673
  260         18.0179         36.0000         37.0000          1.0000         60.4783
  262         18.0179         34.0000         37.0000          2.0000         62.3191
  263         18.0179         35.0000         37.0000          2.0000         62.3466
  264         18.0179         36.0000         37.0000          2.0000         62.4891
  266         18.0179         34.0000         37.0000          3.0000         64.1126
  267         18.0179         35.0000         37.0000          3.0000         64.1257
  268         18.0179         36.0000         37.0000          3.0000         64.1800
  270         18.0179         34.0000         37.0000          4.0000         65.9048
  271         18.0179         35.0000         37.0000          4.0000         65.9170
  272         18.0179         36.0000         37.0000          4.0000         65.9690
  258         18.0179         34.0000         37.0000          1.0000         59.5846
  259         18.0179         35.0000         37.0000          1.0000         59.6523
  260         18.0179         36.0000         37.0000          1.0000         59.9446
  262         18.0179         34.0000         37.0000          2.0000         61.7629
  263         18.0179         35.0000         37.0000          2.0000         61.7900
  264         18.0179         36.0000         37.0000          2.0000         61.9257
  266         18.0179         34.0000         37.0000          3.0000         63.5506
  267         18.0179         35.0000         37.0000          3.0000         63.5634
  268         18.0179         36.0000         37.0000          3.0000         63.6149
  270         18.0179         34.0000         37.0000          4.0000         65.3492
  271         18.0179         35.0000         37.0000          4.0000         65.3612
  272         18.0179         36.0000         37.0000          4.0000         65.4120
  258         18.0179         34.0000         37.0000          1.0000         59.5461
  259         18.0179         35.0000         37.0000          1.0000         59.6123
  260         18.0179         36.0000         37.0000          1.0000         59.9063
  262         18.0179         34.0000         37.0000          2.0000         61.7308
  263         18.0179         35.0000         37.0000          2.0000         61.7575
  264         18.0179         36.0000         37.0000          2.0000         61.8937
  266         18.0179         34.0000         37.0000          3.0000         63.5216
  267         18.0179         35.0000         37.0000          3.0000         63.5343
  268         18.0179         36.0000         37.0000          3.0000         63.5860
  270         18.0179         34.0000         37.0000          4.0000         65.3225
  271         18.0179         35.0000         37.0000          4.0000         65.3343
  272         18.0179         36.0000         37.0000          4.0000         65.3853
  258         19.0133         34.0000         37.0000          1.0000         18.2080
  259         19.0133         35.0000         37.0000          1.0000         18.2273
  260         19.0133         36.0000         37.0000          1.0000         18.3084
  262         19.0133         34.0000         37.0000          2.0000         18.6524
  263         19.0133         35.0000         37.0000          2.0000         18.6587
  264         19.0133         36.0000         37.0000          2.0000         18.6939
  266         19.0133         34.0000         37.0000          3.0000         18.9730
  267         19.0133         35.0000         37.0000          3.0000         18.9748
  268         19.0133         36.0000         37.0000          3.0000         18.9887
  270         19.0133         34.0000         37.0000          4.0000         19.2863
  271         19.0133         35.0000         37.0000          4.0000         19.2882
  272         19.0133         36.0000         37.0000          4.0000         19.2994
  258         19.0133         34.0000         37.0000          1.0000         18.1665
  259         19.0133         35.0000         37.0000          1.0000         18.1865
  260         19.0133         36.0000         37.0000          1.0000         18.2642
  262         19.0133         34.0000         37.0000          2.0000         18.6025
  263         19.0133         35.0000         37.0000          2.0000         18.6090
  264         19.0133         36.0000         37.0000          2.0000         18.6430
  266         19.0133         34.0000         37.0000          3.0000         18.9212
  267         19.0133         35.0000         37.0000          3.0000         18.9231
  268         19.0133         36.0000         37.0000          3.0000         18.9366
  270         19.0133         34.0000         37.0000          4.0000         19.2348
  271         19.0133         35.0000         37.0000          4.0000         19.2366
  272         19.0133         36.0000         37.0000          4.0000         19.2477
  258         20.0143         34.0000         37.0000          1.0000         -1.6458
  259         20.0143         35.0000         37.0000          1.0000         -1.6521
  260         20.0143         36.0000         37.0000          1.0000         -1.6779
  262         20.0143         34.0000         37.0000          2.0000         -1.9725
  263         20.0143         35.0000         37.0000          2.0000         -1.9757
  264         20.0143         36.0000         37.0000          2.0000         -1.9883
  266         20.0143         34.0000         37.0000          3.0000         -2.2732
  267         20.0143         35.0000         37.0000          3.0000         -2.2754
  268         20.0143         36.0000         37.0000          3.0000         -2.2783
  270         20.0143         34.0000         37.0000          4.0000         -2.5783
  271         20.0143         35.0000         37.0000          4.0000         -2.5798
  272         20.0143         36.0000         37.0000          4.0000         -2.5843
  258         20.0143         34.0000         37.0000          1.0000         -1.6656
  259         20.0143         35.0000         37.0000          1.0000         -1.6715
  260         20.0143         36.0000         37.0000          1.0000         -1.6994
  262         20.0143         34.0000         37.0000          2.0000         -1.9985
  263         20.0143         35.0000         37.0000          2.0000         -2.0016
  264         20.0143         36.0000         37.0000          2.0000         -2.0150
  266         20.0143         34.0000         37.0000          3.0000         -2.3012
  267         20.0143         35.0000         37.0000          3.0000         -2.3035
  268         20.0143         36.0000         37.0000          3.0000         -2.3066
  270         20.0143         34.0000         37.0000          4.0000         -2.6071
  271         20.0143         35.0000         37.0000          4.0000         -2.6085
  272         20.0143         36.0000         37.0000          4.0000         -2.6132
  258         21.0154         34.0000         37.0000          1.0000         -5.0755
  259         21.0154         35.0000         37.0000          1.0000         -5.0941
  260         21.0154         36.0000         37.0000          1.0000         -5.1441
  262         21.0154         34.0000         37.0000          2.0000         -5.5365
  263         21.0154         35.0000         37.0000          2.0000         -5.5441
  264         21.0154         36.0000         37.0000          2.0000         -5.5677
  266         21.0154         34.0000         37.0000          3.0000         -5.9353
  267         21.0154         35.0000         37.0000          3.0000         -5.9393
  268         21.0154         36.0000         37.0000          3.0000         -5.9464
  270         21.0154         34.0000         37.0000          4.0000         -6.3298
  271         21.0154         35.0000         37.0000          4.0000         -6.3324
  272         21.0154         36.0000         37.0000          4.0000         -6.3401
  258         21.0154         34.0000         37.0000          1.0000         -5.0891
  259         21.0154         35.0000         37.0000          1.0000         -5.1074
  260         21.0154         36.0000         37.0000          1.0000         -5.1595
  262         21.0154         34.0000         37.0000          2.0000         -5.5565
  263         21.0154         35.0000         37.0000          2.0000         -5.5639
  264         21.0154         36.0000         37.0000          2.0000         -5.5882
  266         21.0154         34.0000         37.0000          3.0000         -5.9573
  267         21.0154         35.0000         37.0000          3.0000         -5.9613
  268         21.0154         36.0000         37.0000          3.0000         -5.9687
  270         21.0154         34.0000         37.0000          4.0000         -6.3526
  271         21.0154         35.0000         37.0000          4.0000         -6.3551
  272         21.0154         36.0000         37.0000          4.0000         -6.3630
  258         22.0091         34.0000         37.0000          1.0000         -3.4558
  259         22.0091         35.0000         37.0000          1.0000         -3.4783
  260         22.0091         36.0000         37.0000          1.0000         -3.5253
  262         22.0091         34.0000         37.0000          2.0000         -3.8142
  263         22.0091         35.0000         37.0000          2.0000         -3.8229
  264         22.0091         36.0000         37.0000          2.0000         -3.8451
  266         22.0091         34.0000         37.0000          3.0000         -4.1121
  267         22.0091         35.0000         37.0000          3.0000         -4.1163
  268         22.0091         36.0000         37.0000          3.0000         -4.1238
  270         22.0091         34.0000         37.0000          4.0000         -4.3871
  271         22.0091         35.0000         37.0000          4.0000         -4.3896
  272         22.0091         36.0000         37.0000          4.0000         -4.3965
  258         22.0091         34.0000         37.0000          1.0000         -3.4696
  259         22.0091         35.0000         37.0000          1.0000         -3.4920
  260         22.0091         36.0000         37.0000          1.0000         -3.5401
  262         22.0091         34.0000         37.0000          2.0000         -3.8313
  263         22.0091         35.0000         37.0000          2.0000         -3.8399
  264         22.0091         36.0000         37.0000          2.0000         -3.8625
  266         22.0091         34.0000         37.0000          3.0000         -4.1303
  267         22.0091         35.0000         37.0000          3.0000         -4.1345
  268         22.0091         36.0000         37.0000          3.0000         -4.1422
  270         22.0091         34.0000         37.0000          4.0000         -4.4058
  271         22.0091         35.0000         37.0000          4.0000         -4.4083
  272         22.0091         36.0000         37.0000          4.0000         -4.4153
  258         23.0248         34.0000         37.0000          1.0000         -3.9778
  259         23.0248         35.0000         37.0000          1.0000         -4.0083
  260         23.0248         36.0000         37.0000          1.0000         -4.0648
  262         23.0248         34.0000         37.0000          2.0000         -4.3510
  263         23.0248         35.0000         37.0000          2.0000         -4.3625
  264         23.0248         36.0000         37.0000          2.0000         -4.3890
  266         23.0248         34.0000         37.0000          3.0000         -4.6472
  267         23.0248         35.0000         37.0000          3.0000         -4.6525
  268         23.0248         36.0000         37.0000          3.0000         -4.6621
  270         23.0248         34.0000         37.0000          4.0000         -4.9109
  271         23.0248         35.0000         37.0000          4.0000         -4.9139
  272         23.0248         36.0000         37.0000          4.0000         -4.9218
  258         23.0248         34.0000         37.0000          1.0000         -3.9828
  259         23.0248         35.0000         37.0000          1.0000         -4.0131
  260         23.0248         36.0000         37.0000          1.0000         -4.0705
  262         23.0248         34.0000         37.0000          2.0000         -4.3584
  263         23.0248         35.0000         37.0000          2.0000         -4.3698
  264         23.0248         36.0000         37.0000          2.0000         -4.3967
  266         23.0248         34.0000         37.0000          3.0000         -4.6554
  267         23.0248         35.0000         37.0000          3.0000         -4.6607
  268         23.0248         36.0000         37.0000          3.0000         -4.6704
  270         23.0248         34.0000         37.0000          4.0000         -4.9193
  271         23.0248         35.0000         37.0000          4.0000         -4.9223
  272         23.0248         36.0000         37.0000          4.0000         -4.9302
