  241          1.0064         33.0000         33.0000          4.0000          0.0000
  242          1.0064         34.0000         33.0000          4.0000          0.0000
  243          1.0064         35.0000         33.0000          4.0000          0.0000
  244          1.0064         36.0000         33.0000          4.0000          0.0000
  245          1.0064         33.0000         34.0000          4.0000          0.0000
  246          1.0064         34.0000         34.0000          4.0000          0.0000
  247          1.0064         35.0000         34.0000          4.0000          0.0000
  248          1.0064         36.0000         34.0000          4.0000          0.0000
  249          1.0064         33.0000         35.0000          4.0000          0.0000
  250          1.0064         34.0000         35.0000          4.0000          0.0000
  251          1.0064         35.0000         35.0000          4.0000          0.0000
  252          1.0064         36.0000         35.0000          4.0000          0.0000
  253          1.0064         33.0000         36.0000          4.0000          0.0000
  254          1.0064         34.0000         36.0000          4.0000          0.0000
  255          1.0064         35.0000         36.0000          4.0000          0.0000
  256          1.0064         36.0000         36.0000          4.0000          0.0000
  241          1.0064         33.0000         33.0000          4.0000          0.0000
  242          1.0064         34.0000         33.0000          4.0000          0.0000
  243          1.0064         35.0000         33.0000          4.0000          0.0000
  244          1.0064         36.0000         33.0000          4.0000          0.0000
  245          1.0064         33.0000         34.0000          4.0000          0.0000
  246          1.0064         34.0000         34.0000          4.0000          0.0000
  247          1.0064         35.0000         34.0000          4.0000          0.0000
  248          1.0064         36.0000         34.0000          4.0000          0.0000
  249          1.0064         33.0000         35.0000          4.0000          0.0000
  250          1.0064         34.0000         35.0000          4.0000          0.0000
  251          1.0064         35.0000         35.0000          4.0000          0.0000
  252          1.0064         36.0000         35.0000          4.0000          0.0000
  253          1.0064         33.0000         36.0000          4.0000          0.0000
  254          1.0064         34.0000         36.0000          4.0000          0.0000
  255          1.0064         35.0000         36.0000          4.0000          0.0000
  256          1.0064         36.0000         36.0000          4.0000          0.0000
  241          2.0400         33.0000         33.0000          4.0000          0.0000
  242          2.0400         34.0000         33.0000          4.0000          0.0000
  243          2.0400         35.0000         33.0000          4.0000          0.0000
  244          2.0400         36.0000         33.0000          4.0000          0.0000
  245          2.0400         33.0000         34.0000          4.0000          0.0000
  246          2.0400         34.0000         34.0000          4.0000          0.0000
  247          2.0400         35.0000         34.0000          4.0000          0.0000
  248          2.0400         36.0000         34.0000          4.0000          0.0000
  249          2.0400         33.0000         35.0000          4.0000          0.0000
  250          2.0400         34.0000         35.0000          4.0000          0.0000
  251          2.0400         35.0000         35.0000          4.0000          0.0000
  252          2.0400         36.0000         35.0000          4.0000          0.0000
  253          2.0400         33.0000         36.0000          4.0000          0.0000
  254          2.0400         34.0000         36.0000          4.0000          0.0000
  255          2.0400         35.0000         36.0000          4.0000          0.0000
  256          2.0400         36.0000         36.0000          4.0000          0.0000
  241          2.0400         33.0000         33.0000          4.0000          0.0000
  242          2.0400         34.0000         33.0000          4.0000          0.0000
  243          2.0400         35.0000         33.0000          4.0000          0.0000
  244          2.0400         36.0000         33.0000          4.0000          0.0000
  245          2.0400         33.0000         34.0000          4.0000          0.0000
  246          2.0400         34.0000         34.0000          4.0000          0.0000
  247          2.0400         35.0000         34.0000          4.0000          0.0000
  248          2.0400         36.0000         34.0000          4.0000          0.0000
  249          2.0400         33.0000         35.0000          4.0000          0.0000
  250          2.0400         34.0000         35.0000          4.0000          0.0000
  251          2.0400         35.0000         35.0000          4.0000          0.0000
  252          2.0400         36.0000         35.0000          4.0000          0.0000
  253          2.0400         33.0000         36.0000          4.0000          0.0000
  254          2.0400         34.0000         36.0000          4.0000          0.0000
  255          2.0400         35.0000         36.0000          4.0000          0.0000
  256          2.0400         36.0000         36.0000          4.0000          0.0000
  241          3.0193         33.0000         33.0000          4.0000          0.0000
  242          3.0193         34.0000         33.0000          4.0000          0.0000
  243          3.0193         35.0000         33.0000          4.0000          0.0000
  244          3.0193         36.0000         33.0000          4.0000          0.0000
  245          3.0193         33.0000         34.0000          4.0000          0.0000
  246          3.0193         34.0000         34.0000          4.0000          0.0000
  247          3.0193         35.0000         34.0000          4.0000          0.0000
  248          3.0193         36.0000         34.0000          4.0000          0.0000
  249          3.0193         33.0000         35.0000          4.0000          0.0000
  250          3.0193         34.0000         35.0000          4.0000          0.0000
  251          3.0193         35.0000         35.0000          4.0000          0.0000
  252          3.0193         36.0000         35.0000          4.0000          0.0000
  253          3.0193         33.0000         36.0000          4.0000          0.0000
  254          3.0193         34.0000         36.0000          4.0000          0.0000
  255          3.0193         35.0000         36.0000          4.0000          0.0000
  256          3.0193         36.0000         36.0000          4.0000          0.0000
  241          3.0193         33.0000         33.0000          4.0000          0.0000
  242          3.0193         34.0000         33.0000          4.0000          0.0000
  243          3.0193         35.0000         33.0000          4.0000          0.0000
  244          3.0193         36.0000         33.0000          4.0000          0.0000
  245          3.0193         33.0000         34.0000          4.0000          0.0000
  246          3.0193         34.0000         34.0000          4.0000          0.0000
  247          3.0193         35.0000         34.0000          4.0000          0.0000
  248          3.0193         36.0000         34.0000          4.0000          0.0000
  249          3.0193         33.0000         35.0000          4.0000          0.0000
  250          3.0193         34.0000         35.0000          4.0000          0.0000
  251          3.0193         35.0000         35.0000          4.0000          0.0000
  252          3.0193         36.0000         35.0000          4.0000          0.0000
  253          3.0193         33.0000         36.0000          4.0000          0.0000
  254          3.0193         34.0000         36.0000          4.0000          0.0000
  255          3.0193         35.0000         36.0000          4.0000          0.0000
  256          3.0193         36.0000         36.0000          4.0000          0.0000
  241          4.0393         33.0000         33.0000          4.0000          0.0000
  242          4.0393         34.0000         33.0000          4.0000          0.0000
  243          4.0393         35.0000         33.0000          4.0000          0.0000
  244          4.0393         36.0000         33.0000          4.0000          0.0000
  245          4.0393         33.0000         34.0000          4.0000          0.0000
  246          4.0393         34.0000         34.0000          4.0000          0.0000
  247          4.0393         35.0000         34.0000          4.0000          0.0000
  248          4.0393         36.0000         34.0000          4.0000          0.0000
  249          4.0393         33.0000         35.0000          4.0000          0.0000
  250          4.0393         34.0000         35.0000          4.0000          0.0000
  251          4.0393         35.0000         35.0000          4.0000          0.0000
  252          4.0393         36.0000         35.0000          4.0000          0.0000
  253          4.0393         33.0000         36.0000          4.0000          0.0000
  254          4.0393         34.0000         36.0000          4.0000          0.0000
  255          4.0393         35.0000         36.0000          4.0000          0.0000
  256          4.0393         36.0000         36.0000          4.0000          0.0000
  241          4.0393         33.0000         33.0000          4.0000          0.0000
  242          4.0393         34.0000         33.0000          4.0000          0.0000
  243          4.0393         35.0000         33.0000          4.0000          0.0000
  244          4.0393         36.0000         33.0000          4.0000          0.0000
  245          4.0393         33.0000         34.0000          4.0000          0.0000
  246          4.0393         34.0000         34.0000          4.0000          0.0000
  247          4.0393         35.0000         34.0000          4.0000          0.0000
  248          4.0393         36.0000         34.0000          4.0000          0.0000
  249          4.0393         33.0000         35.0000          4.0000          0.0000
  250          4.0393         34.0000         35.0000          4.0000          0.0000
  251          4.0393         35.0000         35.0000          4.0000          0.0000
  252          4.0393         36.0000         35.0000          4.0000          0.0000
  253          4.0393         33.0000         36.0000          4.0000          0.0000
  254          4.0393         34.0000         36.0000          4.0000          0.0000
  255          4.0393         35.0000         36.0000          4.0000          0.0000
  256          4.0393         36.0000         36.0000          4.0000          0.0000
  241          5.0185         33.0000         33.0000          4.0000          0.0000
  242          5.0185         34.0000         33.0000          4.0000          0.0000
  243          5.0185         35.0000         33.0000          4.0000          0.0000
  244          5.0185         36.0000         33.0000          4.0000          0.0000
  245          5.0185         33.0000         34.0000          4.0000          0.0000
  246          5.0185         34.0000         34.0000          4.0000          0.0000
  247          5.0185         35.0000         34.0000          4.0000          0.0000
  248          5.0185         36.0000         34.0000          4.0000          0.0000
  249          5.0185         33.0000         35.0000          4.0000          0.0000
  250          5.0185         34.0000         35.0000          4.0000          0.0000
  251          5.0185         35.0000         35.0000          4.0000          0.0000
  252          5.0185         36.0000         35.0000          4.0000          0.0000
  253          5.0185         33.0000         36.0000          4.0000          0.0000
  254          5.0185         34.0000         36.0000          4.0000          0.0000
  255          5.0185         35.0000         36.0000          4.0000          0.0000
  256          5.0185         36.0000         36.0000          4.0000          0.0000
  241          5.0185         33.0000         33.0000          4.0000          0.0000
  242          5.0185         34.0000         33.0000          4.0000          0.0000
  243          5.0185         35.0000         33.0000          4.0000          0.0000
  244          5.0185         36.0000         33.0000          4.0000          0.0000
  245          5.0185         33.0000         34.0000          4.0000          0.0000
  246          5.0185         34.0000         34.0000          4.0000          0.0000
  247          5.0185         35.0000         34.0000          4.0000          0.0000
  248          5.0185         36.0000         34.0000          4.0000          0.0000
  249          5.0185         33.0000         35.0000          4.0000          0.0000
  250          5.0185         34.0000         35.0000          4.0000          0.0000
  251          5.0185         35.0000         35.0000          4.0000          0.0000
  252          5.0185         36.0000         35.0000          4.0000          0.0000
  253          5.0185         33.0000         36.0000          4.0000          0.0000
  254          5.0185         34.0000         36.0000          4.0000          0.0000
  255          5.0185         35.0000         36.0000          4.0000          0.0000
  256          5.0185         36.0000         36.0000          4.0000          0.0000
  241          6.0385         33.0000         33.0000          4.0000          0.0000
  242          6.0385         34.0000         33.0000          4.0000          0.0000
  243          6.0385         35.0000         33.0000          4.0000          0.0000
  244          6.0385         36.0000         33.0000          4.0000          0.0000
  245          6.0385         33.0000         34.0000          4.0000          0.0000
  246          6.0385         34.0000         34.0000          4.0000          0.0000
  247          6.0385         35.0000         34.0000          4.0000          0.0000
  248          6.0385         36.0000         34.0000          4.0000          0.0000
  249          6.0385         33.0000         35.0000          4.0000          0.0000
  250          6.0385         34.0000         35.0000          4.0000          0.0000
  251          6.0385         35.0000         35.0000          4.0000          0.0000
  252          6.0385         36.0000         35.0000          4.0000          0.0000
  253          6.0385         33.0000         36.0000          4.0000          0.0000
  254          6.0385         34.0000         36.0000          4.0000          0.0000
  255          6.0385         35.0000         36.0000          4.0000          0.0000
  256          6.0385         36.0000         36.0000          4.0000          0.0000
  241          6.0385         33.0000         33.0000          4.0000          0.0000
  242          6.0385         34.0000         33.0000          4.0000          0.0000
  243          6.0385         35.0000         33.0000          4.0000          0.0000
  244          6.0385         36.0000         33.0000          4.0000          0.0000
  245          6.0385         33.0000         34.0000          4.0000          0.0000
  246          6.0385         34.0000         34.0000          4.0000          0.0000
  247          6.0385         35.0000         34.0000          4.0000          0.0000
  248          6.0385         36.0000         34.0000          4.0000          0.0000
  249          6.0385         33.0000         35.0000          4.0000          0.0000
  250          6.0385         34.0000         35.0000          4.0000          0.0000
  251          6.0385         35.0000         35.0000          4.0000          0.0000
  252          6.0385         36.0000         35.0000          4.0000          0.0000
  253          6.0385         33.0000         36.0000          4.0000          0.0000
  254          6.0385         34.0000         36.0000          4.0000          0.0000
  255          6.0385         35.0000         36.0000          4.0000          0.0000
  256          6.0385         36.0000         36.0000          4.0000          0.0000
  241          7.0463         33.0000         33.0000          4.0000          0.8055
  242          7.0463         34.0000         33.0000          4.0000          0.8055
  243          7.0463         35.0000         33.0000          4.0000          0.8055
  244          7.0463         36.0000         33.0000          4.0000          0.8055
  245          7.0463         33.0000         34.0000          4.0000          0.8055
  246          7.0463         34.0000         34.0000          4.0000          0.8055
  247          7.0463         35.0000         34.0000          4.0000          0.8055
  248          7.0463         36.0000         34.0000          4.0000          0.8055
  249          7.0463         33.0000         35.0000          4.0000          0.8055
  250          7.0463         34.0000         35.0000          4.0000          0.8055
  251          7.0463         35.0000         35.0000          4.0000          0.8055
  252          7.0463         36.0000         35.0000          4.0000          0.8055
  253          7.0463         33.0000         36.0000          4.0000          0.8055
  254          7.0463         34.0000         36.0000          4.0000          0.8055
  255          7.0463         35.0000         36.0000          4.0000          0.8055
  256          7.0463         36.0000         36.0000          4.0000          0.8055
  241          7.0463         33.0000         33.0000          4.0000          0.8055
  242          7.0463         34.0000         33.0000          4.0000          0.8055
  243          7.0463         35.0000         33.0000          4.0000          0.8055
  244          7.0463         36.0000         33.0000          4.0000          0.8055
  245          7.0463         33.0000         34.0000          4.0000          0.8055
  246          7.0463         34.0000         34.0000          4.0000          0.8055
  247          7.0463         35.0000         34.0000          4.0000          0.8055
  248          7.0463         36.0000         34.0000          4.0000          0.8055
  249          7.0463         33.0000         35.0000          4.0000          0.8055
  250          7.0463         34.0000         35.0000          4.0000          0.8055
  251          7.0463         35.0000         35.0000          4.0000          0.8055
  252          7.0463         36.0000         35.0000          4.0000          0.8055
  253          7.0463         33.0000         36.0000          4.0000          0.8055
  254          7.0463         34.0000         36.0000          4.0000          0.8055
  255          7.0463         35.0000         36.0000          4.0000          0.8055
  256          7.0463         36.0000         36.0000          4.0000          0.8055
  241          8.0010         33.0000         33.0000          4.0000         17.4968
  242          8.0010         34.0000         33.0000          4.0000         17.4968
  243          8.0010         35.0000         33.0000          4.0000         17.4968
  244          8.0010         36.0000         33.0000          4.0000         17.4968
  245          8.0010         33.0000         34.0000          4.0000         17.4968
  246          8.0010         34.0000         34.0000          4.0000         17.4968
  247          8.0010         35.0000         34.0000          4.0000         17.4968
  248          8.0010         36.0000         34.0000          4.0000         17.4968
  249          8.0010         33.0000         35.0000          4.0000         17.4968
  250          8.0010         34.0000         35.0000          4.0000         17.4968
  251          8.0010         35.0000         35.0000          4.0000         17.4968
  252          8.0010         36.0000         35.0000          4.0000         17.4968
  253          8.0010         33.0000         36.0000          4.0000         17.4968
  254          8.0010         34.0000         36.0000          4.0000         17.4968
  255          8.0010         35.0000         36.0000          4.0000         17.4968
  256          8.0010         36.0000         36.0000          4.0000         17.4968
  241          8.0010         33.0000         33.0000          4.0000         17.4968
  242          8.0010         34.0000         33.0000          4.0000         17.4968
  243          8.0010         35.0000         33.0000          4.0000         17.4968
  244          8.0010         36.0000         33.0000          4.0000         17.4968
  245          8.0010         33.0000         34.0000          4.0000         17.4968
  246          8.0010         34.0000         34.0000          4.0000         17.4968
  247          8.0010         35.0000         34.0000          4.0000         17.4968
  248          8.0010         36.0000         34.0000          4.0000         17.4968
  249          8.0010         33.0000         35.0000          4.0000         17.4968
  250          8.0010         34.0000         35.0000          4.0000         17.4968
  251          8.0010         35.0000         35.0000          4.0000         17.4968
  252          8.0010         36.0000         35.0000          4.0000         17.4968
  253          8.0010         33.0000         36.0000          4.0000         17.4968
  254          8.0010         34.0000         36.0000          4.0000         17.4968
  255          8.0010         35.0000         36.0000          4.0000         17.4968
  256          8.0010         36.0000         36.0000          4.0000         17.4968
  241          8.0010         33.0000         33.0000          4.0000         17.4968
  242          8.0010         34.0000         33.0000          4.0000         17.4968
  243          8.0010         35.0000         33.0000          4.0000         17.4968
  244          8.0010         36.0000         33.0000          4.0000         17.4968
  245          8.0010         33.0000         34.0000          4.0000         17.4968
  246          8.0010         34.0000         34.0000          4.0000         17.4968
  247          8.0010         35.0000         34.0000          4.0000         17.4968
  248          8.0010         36.0000         34.0000          4.0000         17.4968
  249          8.0010         33.0000         35.0000          4.0000         17.4968
  250          8.0010         34.0000         35.0000          4.0000         17.4968
  251          8.0010         35.0000         35.0000          4.0000         17.4968
  252          8.0010         36.0000         35.0000          4.0000         17.4968
  253          8.0010         33.0000         36.0000          4.0000         17.4968
  254          8.0010         34.0000         36.0000          4.0000         17.4968
  255          8.0010         35.0000         36.0000          4.0000         17.4968
  256          8.0010         36.0000         36.0000          4.0000         17.4968
  241          9.0154         33.0000         33.0000          4.0000        112.7699
  242          9.0154         34.0000         33.0000          4.0000        112.7699
  243          9.0154         35.0000         33.0000          4.0000        112.7699
  244          9.0154         36.0000         33.0000          4.0000        112.7699
  245          9.0154         33.0000         34.0000          4.0000        112.7699
  246          9.0154         34.0000         34.0000          4.0000        112.7699
  247          9.0154         35.0000         34.0000          4.0000        112.7699
  248          9.0154         36.0000         34.0000          4.0000        112.7699
  249          9.0154         33.0000         35.0000          4.0000        112.7699
  250          9.0154         34.0000         35.0000          4.0000        112.7699
  251          9.0154         35.0000         35.0000          4.0000        112.7699
  252          9.0154         36.0000         35.0000          4.0000        112.7699
  253          9.0154         33.0000         36.0000          4.0000        112.7699
  254          9.0154         34.0000         36.0000          4.0000        112.7699
  255          9.0154         35.0000         36.0000          4.0000        112.7699
  256          9.0154         36.0000         36.0000          4.0000        112.7699
  241          9.0154         33.0000         33.0000          4.0000        112.7699
  242          9.0154         34.0000         33.0000          4.0000        112.7699
  243          9.0154         35.0000         33.0000          4.0000        112.7699
  244          9.0154         36.0000         33.0000          4.0000        112.7699
  245          9.0154         33.0000         34.0000          4.0000        112.7699
  246          9.0154         34.0000         34.0000          4.0000        112.7699
  247          9.0154         35.0000         34.0000          4.0000        112.7699
  248          9.0154         36.0000         34.0000          4.0000        112.7699
  249          9.0154         33.0000         35.0000          4.0000        112.7699
  250          9.0154         34.0000         35.0000          4.0000        112.7699
  251          9.0154         35.0000         35.0000          4.0000        112.7699
  252          9.0154         36.0000         35.0000          4.0000        112.7699
  253          9.0154         33.0000         36.0000          4.0000        112.7699
  254          9.0154         34.0000         36.0000          4.0000        112.7699
  255          9.0154         35.0000         36.0000          4.0000        112.7699
  256          9.0154         36.0000         36.0000          4.0000        112.7699
  241          9.0154         33.0000         33.0000          4.0000        112.7699
  242          9.0154         34.0000         33.0000          4.0000        112.7699
  243          9.0154         35.0000         33.0000          4.0000        112.7699
  244          9.0154         36.0000         33.0000          4.0000        112.7699
  245          9.0154         33.0000         34.0000          4.0000        112.7699
  246          9.0154         34.0000         34.0000          4.0000        112.7699
  247          9.0154         35.0000         34.0000          4.0000        112.7699
  248          9.0154         36.0000         34.0000          4.0000        112.7699
  249          9.0154         33.0000         35.0000          4.0000        112.7699
  250          9.0154         34.0000         35.0000          4.0000        112.7699
  251          9.0154         35.0000         35.0000          4.0000        112.7699
  252          9.0154         36.0000         35.0000          4.0000        112.7699
  253          9.0154         33.0000         36.0000          4.0000        112.7699
  254          9.0154         34.0000         36.0000          4.0000        112.7699
  255          9.0154         35.0000         36.0000          4.0000        112.7699
  256          9.0154         36.0000         36.0000          4.0000        112.7699
  241         10.0100         33.0000         33.0000          4.0000        226.4249
  242         10.0100         34.0000         33.0000          4.0000        226.4249
  243         10.0100         35.0000         33.0000          4.0000        226.4249
  244         10.0100         36.0000         33.0000          4.0000        226.4249
  245         10.0100         33.0000         34.0000          4.0000        226.4249
  246         10.0100         34.0000         34.0000          4.0000        226.4249
  247         10.0100         35.0000         34.0000          4.0000        226.4249
  248         10.0100         36.0000         34.0000          4.0000        226.4249
  249         10.0100         33.0000         35.0000          4.0000        226.4249
  250         10.0100         34.0000         35.0000          4.0000        226.4249
  251         10.0100         35.0000         35.0000          4.0000        226.4249
  252         10.0100         36.0000         35.0000          4.0000        226.4249
  253         10.0100         33.0000         36.0000          4.0000        226.4249
  254         10.0100         34.0000         36.0000          4.0000        226.4249
  255         10.0100         35.0000         36.0000          4.0000        226.4249
  256         10.0100         36.0000         36.0000          4.0000        226.4249
  241         10.0100         33.0000         33.0000          4.0000        226.4249
  242         10.0100         34.0000         33.0000          4.0000        226.4249
  243         10.0100         35.0000         33.0000          4.0000        226.4249
  244         10.0100         36.0000         33.0000          4.0000        226.4249
  245         10.0100         33.0000         34.0000          4.0000        226.4249
  246         10.0100         34.0000         34.0000          4.0000        226.4249
  247         10.0100         35.0000         34.0000          4.0000        226.4249
  248         10.0100         36.0000         34.0000          4.0000        226.4249
  249         10.0100         33.0000         35.0000          4.0000        226.4249
  250         10.0100         34.0000         35.0000          4.0000        226.4249
  251         10.0100         35.0000         35.0000          4.0000        226.4249
  252         10.0100         36.0000         35.0000          4.0000        226.4249
  253         10.0100         33.0000         36.0000          4.0000        226.4249
  254         10.0100         34.0000         36.0000          4.0000        226.4249
  255         10.0100         35.0000         36.0000          4.0000        226.4249
  256         10.0100         36.0000         36.0000          4.0000        226.4249
  241         10.0100         33.0000         33.0000          4.0000        226.4249
  242         10.0100         34.0000         33.0000          4.0000        226.4249
  243         10.0100         35.0000         33.0000          4.0000        226.4249
  244         10.0100         36.0000         33.0000          4.0000        226.4249
  245         10.0100         33.0000         34.0000          4.0000        226.4249
  246         10.0100         34.0000         34.0000          4.0000        226.4249
  247         10.0100         35.0000         34.0000          4.0000        226.4249
  248         10.0100         36.0000         34.0000          4.0000        226.4249
  249         10.0100         33.0000         35.0000          4.0000        226.4249
  250         10.0100         34.0000         35.0000          4.0000        226.4249
  251         10.0100         35.0000         35.0000          4.0000        226.4249
  252         10.0100         36.0000         35.0000          4.0000        226.4249
  253         10.0100         33.0000         36.0000          4.0000        226.4249
  254         10.0100         34.0000         36.0000          4.0000        226.4249
  255         10.0100         35.0000         36.0000          4.0000        226.4249
  256         10.0100         36.0000         36.0000          4.0000        226.4249
  241         11.0146         33.0000         33.0000          4.0000        309.7387
  242         11.0146         34.0000         33.0000          4.0000        309.7387
  243         11.0146         35.0000         33.0000          4.0000        309.7387
  244         11.0146         36.0000         33.0000          4.0000        309.7387
  245         11.0146         33.0000         34.0000          4.0000        309.7387
  246         11.0146         34.0000         34.0000          4.0000        309.7387
  247         11.0146         35.0000         34.0000          4.0000        309.7387
  248         11.0146         36.0000         34.0000          4.0000        309.7387
  249         11.0146         33.0000         35.0000          4.0000        309.7387
  250         11.0146         34.0000         35.0000          4.0000        309.7387
  251         11.0146         35.0000         35.0000          4.0000        309.7387
  252         11.0146         36.0000         35.0000          4.0000        309.7387
  253         11.0146         33.0000         36.0000          4.0000        309.7387
  254         11.0146         34.0000         36.0000          4.0000        309.7387
  255         11.0146         35.0000         36.0000          4.0000        309.7387
  256         11.0146         36.0000         36.0000          4.0000        309.7387
  241         11.0146         33.0000         33.0000          4.0000        309.7387
  242         11.0146         34.0000         33.0000          4.0000        309.7387
  243         11.0146         35.0000         33.0000          4.0000        309.7387
  244         11.0146         36.0000         33.0000          4.0000        309.7387
  245         11.0146         33.0000         34.0000          4.0000        309.7387
  246         11.0146         34.0000         34.0000          4.0000        309.7387
  247         11.0146         35.0000         34.0000          4.0000        309.7387
  248         11.0146         36.0000         34.0000          4.0000        309.7387
  249         11.0146         33.0000         35.0000          4.0000        309.7387
  250         11.0146         34.0000         35.0000          4.0000        309.7387
  251         11.0146         35.0000         35.0000          4.0000        309.7387
  252         11.0146         36.0000         35.0000          4.0000        309.7387
  253         11.0146         33.0000         36.0000          4.0000        309.7387
  254         11.0146         34.0000         36.0000          4.0000        309.7387
  255         11.0146         35.0000         36.0000          4.0000        309.7387
  256         11.0146         36.0000         36.0000          4.0000        309.7387
  241         11.0146         33.0000         33.0000          4.0000        309.7387
  242         11.0146         34.0000         33.0000          4.0000        309.7387
  243         11.0146         35.0000         33.0000          4.0000        309.7387
  244         11.0146         36.0000         33.0000          4.0000        309.7387
  245         11.0146         33.0000         34.0000          4.0000        309.7387
  246         11.0146         34.0000         34.0000          4.0000        309.7387
  247         11.0146         35.0000         34.0000          4.0000        309.7387
  248         11.0146         36.0000         34.0000          4.0000        309.7387
  249         11.0146         33.0000         35.0000          4.0000        309.7387
  250         11.0146         34.0000         35.0000          4.0000        309.7387
  251         11.0146         35.0000         35.0000          4.0000        309.7387
  252         11.0146         36.0000         35.0000          4.0000        309.7387
  253         11.0146         33.0000         36.0000          4.0000        309.7387
  254         11.0146         34.0000         36.0000          4.0000        309.7387
  255         11.0146         35.0000         36.0000          4.0000        309.7387
  256         11.0146         36.0000         36.0000          4.0000        309.7387
  241         12.0078         33.0000         33.0000          4.0000        400.5279
  242         12.0078         34.0000         33.0000          4.0000        400.5279
  243         12.0078         35.0000         33.0000          4.0000        400.5279
  244         12.0078         36.0000         33.0000          4.0000        400.5279
  245         12.0078         33.0000         34.0000          4.0000        400.5279
  246         12.0078         34.0000         34.0000          4.0000        400.5279
  247         12.0078         35.0000         34.0000          4.0000        400.5279
  248         12.0078         36.0000         34.0000          4.0000        400.5279
  249         12.0078         33.0000         35.0000          4.0000        400.5279
  250         12.0078         34.0000         35.0000          4.0000        400.5279
  251         12.0078         35.0000         35.0000          4.0000        400.5279
  252         12.0078         36.0000         35.0000          4.0000        400.5279
  253         12.0078         33.0000         36.0000          4.0000        400.5279
  254         12.0078         34.0000         36.0000          4.0000        400.5279
  255         12.0078         35.0000         36.0000          4.0000        400.5279
  256         12.0078         36.0000         36.0000          4.0000        400.5279
  241         12.0078         33.0000         33.0000          4.0000        400.5279
  242         12.0078         34.0000         33.0000          4.0000        400.5279
  243         12.0078         35.0000         33.0000          4.0000        400.5279
  244         12.0078         36.0000         33.0000          4.0000        400.5279
  245         12.0078         33.0000         34.0000          4.0000        400.5279
  246         12.0078         34.0000         34.0000          4.0000        400.5279
  247         12.0078         35.0000         34.0000          4.0000        400.5279
  248         12.0078         36.0000         34.0000          4.0000        400.5279
  249         12.0078         33.0000         35.0000          4.0000        400.5279
  250         12.0078         34.0000         35.0000          4.0000        400.5279
  251         12.0078         35.0000         35.0000          4.0000        400.5279
  252         12.0078         36.0000         35.0000          4.0000        400.5279
  253         12.0078         33.0000         36.0000          4.0000        400.5279
  254         12.0078         34.0000         36.0000          4.0000        400.5279
  255         12.0078         35.0000         36.0000          4.0000        400.5279
  256         12.0078         36.0000         36.0000          4.0000        400.5279
  241         12.0078         33.0000         33.0000          4.0000        400.5279
  242         12.0078         34.0000         33.0000          4.0000        400.5279
  243         12.0078         35.0000         33.0000          4.0000        400.5279
  244         12.0078         36.0000         33.0000          4.0000        400.5279
  245         12.0078         33.0000         34.0000          4.0000        400.5279
  246         12.0078         34.0000         34.0000          4.0000        400.5279
  247         12.0078         35.0000         34.0000          4.0000        400.5279
  248         12.0078         36.0000         34.0000          4.0000        400.5279
  249         12.0078         33.0000         35.0000          4.0000        400.5279
  250         12.0078         34.0000         35.0000          4.0000        400.5279
  251         12.0078         35.0000         35.0000          4.0000        400.5279
  252         12.0078         36.0000         35.0000          4.0000        400.5279
  253         12.0078         33.0000         36.0000          4.0000        400.5279
  254         12.0078         34.0000         36.0000          4.0000        400.5279
  255         12.0078         35.0000         36.0000          4.0000        400.5279
  256         12.0078         36.0000         36.0000          4.0000        400.5279
  241         12.0078         33.0000         33.0000          4.0000        400.5279
  242         12.0078         34.0000         33.0000          4.0000        400.5279
  243         12.0078         35.0000         33.0000          4.0000        400.5279
  244         12.0078         36.0000         33.0000          4.0000        400.5279
  245         12.0078         33.0000         34.0000          4.0000        400.5279
  246         12.0078         34.0000         34.0000          4.0000        400.5279
  247         12.0078         35.0000         34.0000          4.0000        400.5279
  248         12.0078         36.0000         34.0000          4.0000        400.5279
  249         12.0078         33.0000         35.0000          4.0000        400.5279
  250         12.0078         34.0000         35.0000          4.0000        400.5279
  251         12.0078         35.0000         35.0000          4.0000        400.5279
  252         12.0078         36.0000         35.0000          4.0000        400.5279
  253         12.0078         33.0000         36.0000          4.0000        400.5279
  254         12.0078         34.0000         36.0000          4.0000        400.5279
  255         12.0078         35.0000         36.0000          4.0000        400.5279
  256         12.0078         36.0000         36.0000          4.0000        400.5279
  241         13.0162         33.0000         33.0000          4.0000        441.1320
  242         13.0162         34.0000         33.0000          4.0000        441.1320
  243         13.0162         35.0000         33.0000          4.0000        441.1320
  244         13.0162         36.0000         33.0000          4.0000        441.1320
  245         13.0162         33.0000         34.0000          4.0000        441.1320
  246         13.0162         34.0000         34.0000          4.0000        441.1320
  247         13.0162         35.0000         34.0000          4.0000        441.1320
  248         13.0162         36.0000         34.0000          4.0000        441.1320
  249         13.0162         33.0000         35.0000          4.0000        441.1320
  250         13.0162         34.0000         35.0000          4.0000        441.1320
  251         13.0162         35.0000         35.0000          4.0000        441.1320
  252         13.0162         36.0000         35.0000          4.0000        441.1320
  253         13.0162         33.0000         36.0000          4.0000        441.1320
  254         13.0162         34.0000         36.0000          4.0000        441.1320
  255         13.0162         35.0000         36.0000          4.0000        441.1320
  256         13.0162         36.0000         36.0000          4.0000        441.1320
  241         13.0162         33.0000         33.0000          4.0000        441.1320
  242         13.0162         34.0000         33.0000          4.0000        441.1320
  243         13.0162         35.0000         33.0000          4.0000        441.1320
  244         13.0162         36.0000         33.0000          4.0000        441.1320
  245         13.0162         33.0000         34.0000          4.0000        441.1320
  246         13.0162         34.0000         34.0000          4.0000        441.1320
  247         13.0162         35.0000         34.0000          4.0000        441.1320
  248         13.0162         36.0000         34.0000          4.0000        441.1320
  249         13.0162         33.0000         35.0000          4.0000        441.1320
  250         13.0162         34.0000         35.0000          4.0000        441.1320
  251         13.0162         35.0000         35.0000          4.0000        441.1320
  252         13.0162         36.0000         35.0000          4.0000        441.1320
  253         13.0162         33.0000         36.0000          4.0000        441.1320
  254         13.0162         34.0000         36.0000          4.0000        441.1320
  255         13.0162         35.0000         36.0000          4.0000        441.1320
  256         13.0162         36.0000         36.0000          4.0000        441.1320
  241         14.0010         33.0000         33.0000          4.0000        376.2362
  242         14.0010         34.0000         33.0000          4.0000        376.2362
  243         14.0010         35.0000         33.0000          4.0000        376.2362
  244         14.0010         36.0000         33.0000          4.0000        376.2362
  245         14.0010         33.0000         34.0000          4.0000        376.2362
  246         14.0010         34.0000         34.0000          4.0000        376.2362
  247         14.0010         35.0000         34.0000          4.0000        376.2362
  248         14.0010         36.0000         34.0000          4.0000        376.2362
  249         14.0010         33.0000         35.0000          4.0000        376.2362
  250         14.0010         34.0000         35.0000          4.0000        376.2362
  251         14.0010         35.0000         35.0000          4.0000        376.2362
  252         14.0010         36.0000         35.0000          4.0000        376.2362
  253         14.0010         33.0000         36.0000          4.0000        376.2362
  254         14.0010         34.0000         36.0000          4.0000        376.2362
  255         14.0010         35.0000         36.0000          4.0000        376.2362
  256         14.0010         36.0000         36.0000          4.0000        376.2362
  241         14.0010         33.0000         33.0000          4.0000        376.2362
  242         14.0010         34.0000         33.0000          4.0000        376.2362
  243         14.0010         35.0000         33.0000          4.0000        376.2362
  244         14.0010         36.0000         33.0000          4.0000        376.2362
  245         14.0010         33.0000         34.0000          4.0000        376.2362
  246         14.0010         34.0000         34.0000          4.0000        376.2362
  247         14.0010         35.0000         34.0000          4.0000        376.2362
  248         14.0010         36.0000         34.0000          4.0000        376.2362
  249         14.0010         33.0000         35.0000          4.0000        376.2362
  250         14.0010         34.0000         35.0000          4.0000        376.2362
  251         14.0010         35.0000         35.0000          4.0000        376.2362
  252         14.0010         36.0000         35.0000          4.0000        376.2362
  253         14.0010         33.0000         36.0000          4.0000        376.2362
  254         14.0010         34.0000         36.0000          4.0000        376.2362
  255         14.0010         35.0000         36.0000          4.0000        376.2362
  256         14.0010         36.0000         36.0000          4.0000        376.2362
  241         14.0010         33.0000         33.0000          4.0000        376.2362
  242         14.0010         34.0000         33.0000          4.0000        376.2362
  243         14.0010         35.0000         33.0000          4.0000        376.2362
  244         14.0010         36.0000         33.0000          4.0000        376.2362
  245         14.0010         33.0000         34.0000          4.0000        376.2362
  246         14.0010         34.0000         34.0000          4.0000        376.2362
  247         14.0010         35.0000         34.0000          4.0000        376.2362
  248         14.0010         36.0000         34.0000          4.0000        376.2362
  249         14.0010         33.0000         35.0000          4.0000        376.2362
  250         14.0010         34.0000         35.0000          4.0000        376.2362
  251         14.0010         35.0000         35.0000          4.0000        376.2362
  252         14.0010         36.0000         35.0000          4.0000        376.2362
  253         14.0010         33.0000         36.0000          4.0000        376.2362
  254         14.0010         34.0000         36.0000          4.0000        376.2362
  255         14.0010         35.0000         36.0000          4.0000        376.2362
  256         14.0010         36.0000         36.0000          4.0000        376.2362
  241         15.0012         33.0000         33.0000          4.0000        412.7133
  242         15.0012         34.0000         33.0000          4.0000        412.7133
  243         15.0012         35.0000         33.0000          4.0000        412.7133
  244         15.0012         36.0000         33.0000          4.0000        412.7133
  245         15.0012         33.0000         34.0000          4.0000        412.7133
  246         15.0012         34.0000         34.0000          4.0000        412.7133
  247         15.0012         35.0000         34.0000          4.0000        412.7133
  248         15.0012         36.0000         34.0000          4.0000        412.7133
  249         15.0012         33.0000         35.0000          4.0000        412.7133
  250         15.0012         34.0000         35.0000          4.0000        412.7133
  251         15.0012         35.0000         35.0000          4.0000        412.7133
  252         15.0012         36.0000         35.0000          4.0000        412.7133
  253         15.0012         33.0000         36.0000          4.0000        412.7133
  254         15.0012         34.0000         36.0000          4.0000        412.7133
  255         15.0012         35.0000         36.0000          4.0000        412.7133
  256         15.0012         36.0000         36.0000          4.0000        412.7133
  241         15.0012         33.0000         33.0000          4.0000        412.7133
  242         15.0012         34.0000         33.0000          4.0000        412.7133
  243         15.0012         35.0000         33.0000          4.0000        412.7133
  244         15.0012         36.0000         33.0000          4.0000        412.7133
  245         15.0012         33.0000         34.0000          4.0000        412.7133
  246         15.0012         34.0000         34.0000          4.0000        412.7133
  247         15.0012         35.0000         34.0000          4.0000        412.7133
  248         15.0012         36.0000         34.0000          4.0000        412.7133
  249         15.0012         33.0000         35.0000          4.0000        412.7133
  250         15.0012         34.0000         35.0000          4.0000        412.7133
  251         15.0012         35.0000         35.0000          4.0000        412.7133
  252         15.0012         36.0000         35.0000          4.0000        412.7133
  253         15.0012         33.0000         36.0000          4.0000        412.7133
  254         15.0012         34.0000         36.0000          4.0000        412.7133
  255         15.0012         35.0000         36.0000          4.0000        412.7133
  256         15.0012         36.0000         36.0000          4.0000        412.7133
  241         15.0012         33.0000         33.0000          4.0000        412.7133
  242         15.0012         34.0000         33.0000          4.0000        412.7133
  243         15.0012         35.0000         33.0000          4.0000        412.7133
  244         15.0012         36.0000         33.0000          4.0000        412.7133
  245         15.0012         33.0000         34.0000          4.0000        412.7133
  246         15.0012         34.0000         34.0000          4.0000        412.7133
  247         15.0012         35.0000         34.0000          4.0000        412.7133
  248         15.0012         36.0000         34.0000          4.0000        412.7133
  249         15.0012         33.0000         35.0000          4.0000        412.7133
  250         15.0012         34.0000         35.0000          4.0000        412.7133
  251         15.0012         35.0000         35.0000          4.0000        412.7133
  252         15.0012         36.0000         35.0000          4.0000        412.7133
  253         15.0012         33.0000         36.0000          4.0000        412.7133
  254         15.0012         34.0000         36.0000          4.0000        412.7133
  255         15.0012         35.0000         36.0000          4.0000        412.7133
  256         15.0012         36.0000         36.0000          4.0000        412.7133
  241         16.0025         33.0000         33.0000          4.0000        339.2444
  242         16.0025         34.0000         33.0000          4.0000        339.2444
  243         16.0025         35.0000         33.0000          4.0000        339.2444
  244         16.0025         36.0000         33.0000          4.0000        339.2444
  245         16.0025         33.0000         34.0000          4.0000        339.2444
  246         16.0025         34.0000         34.0000          4.0000        339.2444
  247         16.0025         35.0000         34.0000          4.0000        339.2444
  248         16.0025         36.0000         34.0000          4.0000        339.2444
  249         16.0025         33.0000         35.0000          4.0000        339.2444
  250         16.0025         34.0000         35.0000          4.0000        339.2444
  251         16.0025         35.0000         35.0000          4.0000        339.2444
  252         16.0025         36.0000         35.0000          4.0000        339.2444
  253         16.0025         33.0000         36.0000          4.0000        339.2444
  254         16.0025         34.0000         36.0000          4.0000        339.2444
  255         16.0025         35.0000         36.0000          4.0000        339.2444
  256         16.0025         36.0000         36.0000          4.0000        339.2444
  241         16.0025         33.0000         33.0000          4.0000        339.2444
  242         16.0025         34.0000         33.0000          4.0000        339.2444
  243         16.0025         35.0000         33.0000          4.0000        339.2444
  244         16.0025         36.0000         33.0000          4.0000        339.2444
  245         16.0025         33.0000         34.0000          4.0000        339.2444
  246         16.0025         34.0000         34.0000          4.0000        339.2444
  247         16.0025         35.0000         34.0000          4.0000        339.2444
  248         16.0025         36.0000         34.0000          4.0000        339.2444
  249         16.0025         33.0000         35.0000          4.0000        339.2444
  250         16.0025         34.0000         35.0000          4.0000        339.2444
  251         16.0025         35.0000         35.0000          4.0000        339.2444
  252         16.0025         36.0000         35.0000          4.0000        339.2444
  253         16.0025         33.0000         36.0000          4.0000        339.2444
  254         16.0025         34.0000         36.0000          4.0000        339.2444
  255         16.0025         35.0000         36.0000          4.0000        339.2444
  256         16.0025         36.0000         36.0000          4.0000        339.2444
  241         16.0025         33.0000         33.0000          4.0000        339.2444
  242         16.0025         34.0000         33.0000          4.0000        339.2444
  243         16.0025         35.0000         33.0000          4.0000        339.2444
  244         16.0025         36.0000         33.0000          4.0000        339.2444
  245         16.0025         33.0000         34.0000          4.0000        339.2444
  246         16.0025         34.0000         34.0000          4.0000        339.2444
  247         16.0025         35.0000         34.0000          4.0000        339.2444
  248         16.0025         36.0000         34.0000          4.0000        339.2444
  249         16.0025         33.0000         35.0000          4.0000        339.2444
  250         16.0025         34.0000         35.0000          4.0000        339.2444
  251         16.0025         35.0000         35.0000          4.0000        339.2444
  252         16.0025         36.0000         35.0000          4.0000        339.2444
  253         16.0025         33.0000         36.0000          4.0000        339.2444
  254         16.0025         34.0000         36.0000          4.0000        339.2444
  255         16.0025         35.0000         36.0000          4.0000        339.2444
  256         16.0025         36.0000         36.0000          4.0000        339.2444
  241         17.0138         33.0000         33.0000          4.0000        195.7983
  242         17.0138         34.0000         33.0000          4.0000        195.7983
  243         17.0138         35.0000         33.0000          4.0000        195.7983
  244         17.0138         36.0000         33.0000          4.0000        195.7983
  245         17.0138         33.0000         34.0000          4.0000        195.7983
  246         17.0138         34.0000         34.0000          4.0000        195.7983
  247         17.0138         35.0000         34.0000          4.0000        195.7983
  248         17.0138         36.0000         34.0000          4.0000        195.7983
  249         17.0138         33.0000         35.0000          4.0000        195.7983
  250         17.0138         34.0000         35.0000          4.0000        195.7983
  251         17.0138         35.0000         35.0000          4.0000        195.7983
  252         17.0138         36.0000         35.0000          4.0000        195.7983
  253         17.0138         33.0000         36.0000          4.0000        195.7983
  254         17.0138         34.0000         36.0000          4.0000        195.7983
  255         17.0138         35.0000         36.0000          4.0000        195.7983
  256         17.0138         36.0000         36.0000          4.0000        195.7983
  241         17.0138         33.0000         33.0000          4.0000        195.7983
  242         17.0138         34.0000         33.0000          4.0000        195.7983
  243         17.0138         35.0000         33.0000          4.0000        195.7983
  244         17.0138         36.0000         33.0000          4.0000        195.7983
  245         17.0138         33.0000         34.0000          4.0000        195.7983
  246         17.0138         34.0000         34.0000          4.0000        195.7983
  247         17.0138         35.0000         34.0000          4.0000        195.7983
  248         17.0138         36.0000         34.0000          4.0000        195.7983
  249         17.0138         33.0000         35.0000          4.0000        195.7983
  250         17.0138         34.0000         35.0000          4.0000        195.7983
  251         17.0138         35.0000         35.0000          4.0000        195.7983
  252         17.0138         36.0000         35.0000          4.0000        195.7983
  253         17.0138         33.0000         36.0000          4.0000        195.7983
  254         17.0138         34.0000         36.0000          4.0000        195.7983
  255         17.0138         35.0000         36.0000          4.0000        195.7983
  256         17.0138         36.0000         36.0000          4.0000        195.7983
  241         17.0138         33.0000         33.0000          4.0000        195.7983
  242         17.0138         34.0000         33.0000          4.0000        195.7983
  243         17.0138         35.0000         33.0000          4.0000        195.7983
  244         17.0138         36.0000         33.0000          4.0000        195.7983
  245         17.0138         33.0000         34.0000          4.0000        195.7983
  246         17.0138         34.0000         34.0000          4.0000        195.7983
  247         17.0138         35.0000         34.0000          4.0000        195.7983
  248         17.0138         36.0000         34.0000          4.0000        195.7983
  249         17.0138         33.0000         35.0000          4.0000        195.7983
  250         17.0138         34.0000         35.0000          4.0000        195.7983
  251         17.0138         35.0000         35.0000          4.0000        195.7983
  252         17.0138         36.0000         35.0000          4.0000        195.7983
  253         17.0138         33.0000         36.0000          4.0000        195.7983
  254         17.0138         34.0000         36.0000          4.0000        195.7983
  255         17.0138         35.0000         36.0000          4.0000        195.7983
  256         17.0138         36.0000         36.0000          4.0000        195.7983
  241         18.0179         33.0000         33.0000          4.0000        122.4833
  242         18.0179         34.0000         33.0000          4.0000        122.4833
  243         18.0179         35.0000         33.0000          4.0000        122.4833
  244         18.0179         36.0000         33.0000          4.0000        122.4833
  245         18.0179         33.0000         34.0000          4.0000        122.4833
  246         18.0179         34.0000         34.0000          4.0000        122.4833
  247         18.0179         35.0000         34.0000          4.0000        122.4833
  248         18.0179         36.0000         34.0000          4.0000        122.4833
  249         18.0179         33.0000         35.0000          4.0000        122.4833
  250         18.0179         34.0000         35.0000          4.0000        122.4833
  251         18.0179         35.0000         35.0000          4.0000        122.4833
  252         18.0179         36.0000         35.0000          4.0000        122.4833
  253         18.0179         33.0000         36.0000          4.0000        122.4833
  254         18.0179         34.0000         36.0000          4.0000        122.4833
  255         18.0179         35.0000         36.0000          4.0000        122.4833
  256         18.0179         36.0000         36.0000          4.0000        122.4833
  241         18.0179         33.0000         33.0000          4.0000        122.4833
  242         18.0179         34.0000         33.0000          4.0000        122.4833
  243         18.0179         35.0000         33.0000          4.0000        122.4833
  244         18.0179         36.0000         33.0000          4.0000        122.4833
  245         18.0179         33.0000         34.0000          4.0000        122.4833
  246         18.0179         34.0000         34.0000          4.0000        122.4833
  247         18.0179         35.0000         34.0000          4.0000        122.4833
  248         18.0179         36.0000         34.0000          4.0000        122.4833
  249         18.0179         33.0000         35.0000          4.0000        122.4833
  250         18.0179         34.0000         35.0000          4.0000        122.4833
  251         18.0179         35.0000         35.0000          4.0000        122.4833
  252         18.0179         36.0000         35.0000          4.0000        122.4833
  253         18.0179         33.0000         36.0000          4.0000        122.4833
  254         18.0179         34.0000         36.0000          4.0000        122.4833
  255         18.0179         35.0000         36.0000          4.0000        122.4833
  256         18.0179         36.0000         36.0000          4.0000        122.4833
  241         18.0179         33.0000         33.0000          4.0000        122.4833
  242         18.0179         34.0000         33.0000          4.0000        122.4833
  243         18.0179         35.0000         33.0000          4.0000        122.4833
  244         18.0179         36.0000         33.0000          4.0000        122.4833
  245         18.0179         33.0000         34.0000          4.0000        122.4833
  246         18.0179         34.0000         34.0000          4.0000        122.4833
  247         18.0179         35.0000         34.0000          4.0000        122.4833
  248         18.0179         36.0000         34.0000          4.0000        122.4833
  249         18.0179         33.0000         35.0000          4.0000        122.4833
  250         18.0179         34.0000         35.0000          4.0000        122.4833
  251         18.0179         35.0000         35.0000          4.0000        122.4833
  252         18.0179         36.0000         35.0000          4.0000        122.4833
  253         18.0179         33.0000         36.0000          4.0000        122.4833
  254         18.0179         34.0000         36.0000          4.0000        122.4833
  255         18.0179         35.0000         36.0000          4.0000        122.4833
  256         18.0179         36.0000         36.0000          4.0000        122.4833
  241         19.0133         33.0000         33.0000          4.0000         27.8250
  242         19.0133         34.0000         33.0000          4.0000         27.8250
  243         19.0133         35.0000         33.0000          4.0000         27.8250
  244         19.0133         36.0000         33.0000          4.0000         27.8250
  245         19.0133         33.0000         34.0000          4.0000         27.8250
  246         19.0133         34.0000         34.0000          4.0000         27.8250
  247         19.0133         35.0000         34.0000          4.0000         27.8250
  248         19.0133         36.0000         34.0000          4.0000         27.8250
  249         19.0133         33.0000         35.0000          4.0000         27.8250
  250         19.0133         34.0000         35.0000          4.0000         27.8250
  251         19.0133         35.0000         35.0000          4.0000         27.8250
  252         19.0133         36.0000         35.0000          4.0000         27.8250
  253         19.0133         33.0000         36.0000          4.0000         27.8250
  254         19.0133         34.0000         36.0000          4.0000         27.8250
  255         19.0133         35.0000         36.0000          4.0000         27.8250
  256         19.0133         36.0000         36.0000          4.0000         27.8250
  241         19.0133         33.0000         33.0000          4.0000         27.8250
  242         19.0133         34.0000         33.0000          4.0000         27.8250
  243         19.0133         35.0000         33.0000          4.0000         27.8250
  244         19.0133         36.0000         33.0000          4.0000         27.8250
  245         19.0133         33.0000         34.0000          4.0000         27.8250
  246         19.0133         34.0000         34.0000          4.0000         27.8250
  247         19.0133         35.0000         34.0000          4.0000         27.8250
  248         19.0133         36.0000         34.0000          4.0000         27.8250
  249         19.0133         33.0000         35.0000          4.0000         27.8250
  250         19.0133         34.0000         35.0000          4.0000         27.8250
  251         19.0133         35.0000         35.0000          4.0000         27.8250
  252         19.0133         36.0000         35.0000          4.0000         27.8250
  253         19.0133         33.0000         36.0000          4.0000         27.8250
  254         19.0133         34.0000         36.0000          4.0000         27.8250
  255         19.0133         35.0000         36.0000          4.0000         27.8250
  256         19.0133         36.0000         36.0000          4.0000         27.8250
  241         20.0143         33.0000         33.0000          4.0000          0.0000
  242         20.0143         34.0000         33.0000          4.0000          0.0000
  243         20.0143         35.0000         33.0000          4.0000          0.0000
  244         20.0143         36.0000         33.0000          4.0000          0.0000
  245         20.0143         33.0000         34.0000          4.0000          0.0000
  246         20.0143         34.0000         34.0000          4.0000          0.0000
  247         20.0143         35.0000         34.0000          4.0000          0.0000
  248         20.0143         36.0000         34.0000          4.0000          0.0000
  249         20.0143         33.0000         35.0000          4.0000          0.0000
  250         20.0143         34.0000         35.0000          4.0000          0.0000
  251         20.0143         35.0000         35.0000          4.0000          0.0000
  252         20.0143         36.0000         35.0000          4.0000          0.0000
  253         20.0143         33.0000         36.0000          4.0000          0.0000
  254         20.0143         34.0000         36.0000          4.0000          0.0000
  255         20.0143         35.0000         36.0000          4.0000          0.0000
  256         20.0143         36.0000         36.0000          4.0000          0.0000
  241         20.0143         33.0000         33.0000          4.0000          0.0000
  242         20.0143         34.0000         33.0000          4.0000          0.0000
  243         20.0143         35.0000         33.0000          4.0000          0.0000
  244         20.0143         36.0000         33.0000          4.0000          0.0000
  245         20.0143         33.0000         34.0000          4.0000          0.0000
  246         20.0143         34.0000         34.0000          4.0000          0.0000
  247         20.0143         35.0000         34.0000          4.0000          0.0000
  248         20.0143         36.0000         34.0000          4.0000          0.0000
  249         20.0143         33.0000         35.0000          4.0000          0.0000
  250         20.0143         34.0000         35.0000          4.0000          0.0000
  251         20.0143         35.0000         35.0000          4.0000          0.0000
  252         20.0143         36.0000         35.0000          4.0000          0.0000
  253         20.0143         33.0000         36.0000          4.0000          0.0000
  254         20.0143         34.0000         36.0000          4.0000          0.0000
  255         20.0143         35.0000         36.0000          4.0000          0.0000
  256         20.0143         36.0000         36.0000          4.0000          0.0000
  241         21.0154         33.0000         33.0000          4.0000          0.0000
  242         21.0154         34.0000         33.0000          4.0000          0.0000
  243         21.0154         35.0000         33.0000          4.0000          0.0000
  244         21.0154         36.0000         33.0000          4.0000          0.0000
  245         21.0154         33.0000         34.0000          4.0000          0.0000
  246         21.0154         34.0000         34.0000          4.0000          0.0000
  247         21.0154         35.0000         34.0000          4.0000          0.0000
  248         21.0154         36.0000         34.0000          4.0000          0.0000
  249         21.0154         33.0000         35.0000          4.0000          0.0000
  250         21.0154         34.0000         35.0000          4.0000          0.0000
  251         21.0154         35.0000         35.0000          4.0000          0.0000
  252         21.0154         36.0000         35.0000          4.0000          0.0000
  253         21.0154         33.0000         36.0000          4.0000          0.0000
  254         21.0154         34.0000         36.0000          4.0000          0.0000
  255         21.0154         35.0000         36.0000          4.0000          0.0000
  256         21.0154         36.0000         36.0000          4.0000          0.0000
  241         21.0154         33.0000         33.0000          4.0000          0.0000
  242         21.0154         34.0000         33.0000          4.0000          0.0000
  243         21.0154         35.0000         33.0000          4.0000          0.0000
  244         21.0154         36.0000         33.0000          4.0000          0.0000
  245         21.0154         33.0000         34.0000          4.0000          0.0000
  246         21.0154         34.0000         34.0000          4.0000          0.0000
  247         21.0154         35.0000         34.0000          4.0000          0.0000
  248         21.0154         36.0000         34.0000          4.0000          0.0000
  249         21.0154         33.0000         35.0000          4.0000          0.0000
  250         21.0154         34.0000         35.0000          4.0000          0.0000
  251         21.0154         35.0000         35.0000          4.0000          0.0000
  252         21.0154         36.0000         35.0000          4.0000          0.0000
  253         21.0154         33.0000         36.0000          4.0000          0.0000
  254         21.0154         34.0000         36.0000          4.0000          0.0000
  255         21.0154         35.0000         36.0000          4.0000          0.0000
  256         21.0154         36.0000         36.0000          4.0000          0.0000
  241         22.0091         33.0000         33.0000          4.0000          0.0000
  242         22.0091         34.0000         33.0000          4.0000          0.0000
  243         22.0091         35.0000         33.0000          4.0000          0.0000
  244         22.0091         36.0000         33.0000          4.0000          0.0000
  245         22.0091         33.0000         34.0000          4.0000          0.0000
  246         22.0091         34.0000         34.0000          4.0000          0.0000
  247         22.0091         35.0000         34.0000          4.0000          0.0000
  248         22.0091         36.0000         34.0000          4.0000          0.0000
  249         22.0091         33.0000         35.0000          4.0000          0.0000
  250         22.0091         34.0000         35.0000          4.0000          0.0000
  251         22.0091         35.0000         35.0000          4.0000          0.0000
  252         22.0091         36.0000         35.0000          4.0000          0.0000
  253         22.0091         33.0000         36.0000          4.0000          0.0000
  254         22.0091         34.0000         36.0000          4.0000          0.0000
  255         22.0091         35.0000         36.0000          4.0000          0.0000
  256         22.0091         36.0000         36.0000          4.0000          0.0000
  241         22.0091         33.0000         33.0000          4.0000          0.0000
  242         22.0091         34.0000         33.0000          4.0000          0.0000
  243         22.0091         35.0000         33.0000          4.0000          0.0000
  244         22.0091         36.0000         33.0000          4.0000          0.0000
  245         22.0091         33.0000         34.0000          4.0000          0.0000
  246         22.0091         34.0000         34.0000          4.0000          0.0000
  247         22.0091         35.0000         34.0000          4.0000          0.0000
  248         22.0091         36.0000         34.0000          4.0000          0.0000
  249         22.0091         33.0000         35.0000          4.0000          0.0000
  250         22.0091         34.0000         35.0000          4.0000          0.0000
  251         22.0091         35.0000         35.0000          4.0000          0.0000
  252         22.0091         36.0000         35.0000          4.0000          0.0000
  253         22.0091         33.0000         36.0000          4.0000          0.0000
  254         22.0091         34.0000         36.0000          4.0000          0.0000
  255         22.0091         35.0000         36.0000          4.0000          0.0000
  256         22.0091         36.0000         36.0000          4.0000          0.0000
  241         23.0248         33.0000         33.0000          4.0000          0.0000
  242         23.0248         34.0000         33.0000          4.0000          0.0000
  243         23.0248         35.0000         33.0000          4.0000          0.0000
  244         23.0248         36.0000         33.0000          4.0000          0.0000
  245         23.0248         33.0000         34.0000          4.0000          0.0000
  246         23.0248         34.0000         34.0000          4.0000          0.0000
  247         23.0248         35.0000         34.0000          4.0000          0.0000
  248         23.0248         36.0000         34.0000          4.0000          0.0000
  249         23.0248         33.0000         35.0000          4.0000          0.0000
  250         23.0248         34.0000         35.0000          4.0000          0.0000
  251         23.0248         35.0000         35.0000          4.0000          0.0000
  252         23.0248         36.0000         35.0000          4.0000          0.0000
  253         23.0248         33.0000         36.0000          4.0000          0.0000
  254         23.0248         34.0000         36.0000          4.0000          0.0000
  255         23.0248         35.0000         36.0000          4.0000          0.0000
  256         23.0248         36.0000         36.0000          4.0000          0.0000
  241         23.0248         33.0000         33.0000          4.0000          0.0000
  242         23.0248         34.0000         33.0000          4.0000          0.0000
  243         23.0248         35.0000         33.0000          4.0000          0.0000
  244         23.0248         36.0000         33.0000          4.0000          0.0000
  245         23.0248         33.0000         34.0000          4.0000          0.0000
  246         23.0248         34.0000         34.0000          4.0000          0.0000
  247         23.0248         35.0000         34.0000          4.0000          0.0000
  248         23.0248         36.0000         34.0000          4.0000          0.0000
  249         23.0248         33.0000         35.0000          4.0000          0.0000
  250         23.0248         34.0000         35.0000          4.0000          0.0000
  251         23.0248         35.0000         35.0000          4.0000          0.0000
  252         23.0248         36.0000         35.0000          4.0000          0.0000
  253         23.0248         33.0000         36.0000          4.0000          0.0000
  254         23.0248         34.0000         36.0000          4.0000          0.0000
  255         23.0248         35.0000         36.0000          4.0000          0.0000
  256         23.0248         36.0000         36.0000          4.0000          0.0000
