  289          1.0064         33.0000         32.0000          1.0000          2.6850
  293          1.0064         33.0000         32.0000          2.0000          2.6444
  297          1.0064         33.0000         32.0000          3.0000          2.5695
  301          1.0064         33.0000         32.0000          4.0000          2.4832
  289          1.0064         33.0000         32.0000          1.0000          2.6814
  293          1.0064         33.0000         32.0000          2.0000          2.6402
  297          1.0064         33.0000         32.0000          3.0000          2.5652
  301          1.0064         33.0000         32.0000          4.0000          2.4789
  289          2.0400         33.0000         32.0000          1.0000          3.0489
  293          2.0400         33.0000         32.0000          2.0000          2.9836
  297          2.0400         33.0000         32.0000          3.0000          2.8939
  301          2.0400         33.0000         32.0000          4.0000          2.7974
  289          2.0400         33.0000         32.0000          1.0000          3.0500
  293          2.0400         33.0000         32.0000          2.0000          2.9840
  297          2.0400         33.0000         32.0000          3.0000          2.8939
  301          2.0400         33.0000         32.0000          4.0000          2.7971
  289          3.0193         33.0000         32.0000          1.0000          1.7827
  293          3.0193         33.0000         32.0000          2.0000          1.7169
  297          3.0193         33.0000         32.0000          3.0000          1.6437
  301          3.0193         33.0000         32.0000          4.0000          1.5635
  289          3.0193         33.0000         32.0000          1.0000          1.7776
  293          3.0193         33.0000         32.0000          2.0000          1.7115
  297          3.0193         33.0000         32.0000          3.0000          1.6383
  301          3.0193         33.0000         32.0000          4.0000          1.5582
  289          4.0393         33.0000         32.0000          1.0000          1.4559
  293          4.0393         33.0000         32.0000          2.0000          1.3774
  297          4.0393         33.0000         32.0000          3.0000          1.3012
  301          4.0393         33.0000         32.0000          4.0000          1.2213
  289          4.0393         33.0000         32.0000          1.0000          1.4512
  293          4.0393         33.0000         32.0000          2.0000          1.3723
  297          4.0393         33.0000         32.0000          3.0000          1.2961
  301          4.0393         33.0000         32.0000          4.0000          1.2163
  289          5.0185         33.0000         32.0000          1.0000          1.2840
  293          5.0185         33.0000         32.0000          2.0000          1.1930
  297          5.0185         33.0000         32.0000          3.0000          1.1126
  301          5.0185         33.0000         32.0000          4.0000          1.0314
  289          5.0185         33.0000         32.0000          1.0000          1.2801
  293          5.0185         33.0000         32.0000          2.0000          1.1888
  297          5.0185         33.0000         32.0000          3.0000          1.1085
  301          5.0185         33.0000         32.0000          4.0000          1.0274
  289          6.0385         33.0000         32.0000          1.0000          1.3118
  293          6.0385         33.0000         32.0000          2.0000          1.2129
  297          6.0385         33.0000         32.0000          3.0000          1.1313
  301          6.0385         33.0000         32.0000          4.0000          1.0507
  289          6.0385         33.0000         32.0000          1.0000          1.3072
  293          6.0385         33.0000         32.0000          2.0000          1.2081
  297          6.0385         33.0000         32.0000          3.0000          1.1264
  301          6.0385         33.0000         32.0000          4.0000          1.0460
  289          7.0463         33.0000         32.0000          1.0000          1.3423
  293          7.0463         33.0000         32.0000          2.0000          1.2355
  297          7.0463         33.0000         32.0000          3.0000          1.1519
  301          7.0463         33.0000         32.0000          4.0000          1.0714
  289          7.0463         33.0000         32.0000          1.0000          1.3489
  293          7.0463         33.0000         32.0000          2.0000          1.2422
  297          7.0463         33.0000         32.0000          3.0000          1.1585
  301          7.0463         33.0000         32.0000          4.0000          1.0779
  289          8.0010         33.0000         32.0000          1.0000          1.8903
  293          8.0010         33.0000         32.0000          2.0000          1.8104
  297          8.0010         33.0000         32.0000          3.0000          1.7496
  301          8.0010         33.0000         32.0000          4.0000          1.6906
  289          8.0010         33.0000         32.0000          1.0000          1.9017
  293          8.0010         33.0000         32.0000          2.0000          1.8220
  297          8.0010         33.0000         32.0000          3.0000          1.7612
  301          8.0010         33.0000         32.0000          4.0000          1.7021
  289          8.0010         33.0000         32.0000          1.0000          1.9039
  293          8.0010         33.0000         32.0000          2.0000          1.8240
  297          8.0010         33.0000         32.0000          3.0000          1.7631
  301          8.0010         33.0000         32.0000          4.0000          1.7039
  289          9.0154         33.0000         32.0000          1.0000          5.3249
  293          9.0154         33.0000         32.0000          2.0000          5.5378
  297          9.0154         33.0000         32.0000          3.0000          5.6487
  301          9.0154         33.0000         32.0000          4.0000          5.7377
  289          9.0154         33.0000         32.0000          1.0000          5.3663
  293          9.0154         33.0000         32.0000          2.0000          5.5816
  297          9.0154         33.0000         32.0000          3.0000          5.6924
  301          9.0154         33.0000         32.0000          4.0000          5.7806
  289          9.0154         33.0000         32.0000          1.0000          5.3710
  293          9.0154         33.0000         32.0000          2.0000          5.5859
  297          9.0154         33.0000         32.0000          3.0000          5.6964
  301          9.0154         33.0000         32.0000          4.0000          5.7843
  289         10.0100         33.0000         32.0000          1.0000         14.7082
  293         10.0100         33.0000         32.0000          2.0000         15.7411
  297         10.0100         33.0000         32.0000          3.0000         16.2601
  301         10.0100         33.0000         32.0000          4.0000         16.7013
  289         10.0100         33.0000         32.0000          1.0000         14.7648
  293         10.0100         33.0000         32.0000          2.0000         15.7998
  297         10.0100         33.0000         32.0000          3.0000         16.3180
  301         10.0100         33.0000         32.0000          4.0000         16.7576
  289         10.0100         33.0000         32.0000          1.0000         14.7710
  293         10.0100         33.0000         32.0000          2.0000         15.8045
  297         10.0100         33.0000         32.0000          3.0000         16.3219
  301         10.0100         33.0000         32.0000          4.0000         16.7610
  289         11.0146         33.0000         32.0000          1.0000         25.9956
  293         11.0146         33.0000         32.0000          2.0000         28.1720
  297         11.0146         33.0000         32.0000          3.0000         29.3335
  301         11.0146         33.0000         32.0000          4.0000         30.3413
  289         11.0146         33.0000         32.0000          1.0000         26.0451
  293         11.0146         33.0000         32.0000          2.0000         28.2231
  297         11.0146         33.0000         32.0000          3.0000         29.3829
  301         11.0146         33.0000         32.0000          4.0000         30.3885
  289         11.0146         33.0000         32.0000          1.0000         26.0500
  293         11.0146         33.0000         32.0000          2.0000         28.2266
  297         11.0146         33.0000         32.0000          3.0000         29.3859
  301         11.0146         33.0000         32.0000          4.0000         30.3912
  289         12.0078         33.0000         32.0000          1.0000         35.6800
  293         12.0078         33.0000         32.0000          2.0000         38.5412
  297         12.0078         33.0000         32.0000          3.0000         40.0041
  301         12.0078         33.0000         32.0000          4.0000         41.2339
  289         12.0078         33.0000         32.0000          1.0000         36.5567
  293         12.0078         33.0000         32.0000          2.0000         38.7848
  297         12.0078         33.0000         32.0000          3.0000         40.1169
  301         12.0078         33.0000         32.0000          4.0000         41.3102
  289         12.0078         33.0000         32.0000          1.0000         36.5714
  293         12.0078         33.0000         32.0000          2.0000         38.7918
  297         12.0078         33.0000         32.0000          3.0000         40.1214
  301         12.0078         33.0000         32.0000          4.0000         41.3136
  289         12.0078         33.0000         32.0000          1.0000         36.5765
  293         12.0078         33.0000         32.0000          2.0000         38.7944
  297         12.0078         33.0000         32.0000          3.0000         40.1231
  301         12.0078         33.0000         32.0000          4.0000         41.3150
  289         13.0162         33.0000         32.0000          1.0000         44.1076
  293         13.0162         33.0000         32.0000          2.0000         47.4775
  297         13.0162         33.0000         32.0000          3.0000         49.0609
  301         13.0162         33.0000         32.0000          4.0000         50.3942
  289         13.0162         33.0000         32.0000          1.0000         44.0926
  293         13.0162         33.0000         32.0000          2.0000         47.4552
  297         13.0162         33.0000         32.0000          3.0000         49.0373
  301         13.0162         33.0000         32.0000          4.0000         50.3708
  289         14.0010         33.0000         32.0000          1.0000         58.8623
  293         14.0010         33.0000         32.0000          2.0000         62.9878
  297         14.0010         33.0000         32.0000          3.0000         65.2885
  301         14.0010         33.0000         32.0000          4.0000         67.2734
  289         14.0010         33.0000         32.0000          1.0000         59.2526
  293         14.0010         33.0000         32.0000          2.0000         63.3939
  297         14.0010         33.0000         32.0000          3.0000         65.6874
  301         14.0010         33.0000         32.0000          4.0000         67.6578
  289         14.0010         33.0000         32.0000          1.0000         59.2788
  293         14.0010         33.0000         32.0000          2.0000         63.4141
  297         14.0010         33.0000         32.0000          3.0000         65.7049
  301         14.0010         33.0000         32.0000          4.0000         67.6737
  289         15.0012         33.0000         32.0000          1.0000         35.3445
  293         15.0012         33.0000         32.0000          2.0000         37.3934
  297         15.0012         33.0000         32.0000          3.0000         38.4644
  301         15.0012         33.0000         32.0000          4.0000         39.3328
  289         15.0012         33.0000         32.0000          1.0000         34.9628
  293         15.0012         33.0000         32.0000          2.0000         36.9806
  297         15.0012         33.0000         32.0000          3.0000         38.0481
  301         15.0012         33.0000         32.0000          4.0000         38.9221
  289         15.0012         33.0000         32.0000          1.0000         34.9446
  293         15.0012         33.0000         32.0000          2.0000         36.9647
  297         15.0012         33.0000         32.0000          3.0000         38.0337
  301         15.0012         33.0000         32.0000          4.0000         38.9087
  289         16.0025         33.0000         32.0000          1.0000         44.6960
  293         16.0025         33.0000         32.0000          2.0000         46.9822
  297         16.0025         33.0000         32.0000          3.0000         48.2250
  301         16.0025         33.0000         32.0000          4.0000         49.2952
  289         16.0025         33.0000         32.0000          1.0000         44.6688
  293         16.0025         33.0000         32.0000          2.0000         46.9507
  297         16.0025         33.0000         32.0000          3.0000         48.1930
  301         16.0025         33.0000         32.0000          4.0000         49.2637
  289         16.0025         33.0000         32.0000          1.0000         44.6659
  293         16.0025         33.0000         32.0000          2.0000         46.9481
  297         16.0025         33.0000         32.0000          3.0000         48.1911
  301         16.0025         33.0000         32.0000          4.0000         49.2622
  289         17.0138         33.0000         32.0000          1.0000         40.4368
  293         17.0138         33.0000         32.0000          2.0000         42.5463
  297         17.0138         33.0000         32.0000          3.0000         43.8000
  301         17.0138         33.0000         32.0000          4.0000         44.8854
  289         17.0138         33.0000         32.0000          1.0000         40.6861
  293         17.0138         33.0000         32.0000          2.0000         42.8078
  297         17.0138         33.0000         32.0000          3.0000         44.0583
  301         17.0138         33.0000         32.0000          4.0000         45.1356
  289         17.0138         33.0000         32.0000          1.0000         40.7083
  293         17.0138         33.0000         32.0000          2.0000         42.8248
  297         17.0138         33.0000         32.0000          3.0000         44.0727
  301         17.0138         33.0000         32.0000          4.0000         45.1483
  289         18.0179         33.0000         32.0000          1.0000         31.5176
  293         18.0179         33.0000         32.0000          2.0000         32.9358
  297         18.0179         33.0000         32.0000          3.0000         33.6855
  301         18.0179         33.0000         32.0000          4.0000         34.3239
  289         18.0179         33.0000         32.0000          1.0000         31.2626
  293         18.0179         33.0000         32.0000          2.0000         32.6668
  297         18.0179         33.0000         32.0000          3.0000         33.4196
  301         18.0179         33.0000         32.0000          4.0000         34.0665
  289         18.0179         33.0000         32.0000          1.0000         31.2490
  293         18.0179         33.0000         32.0000          2.0000         32.6549
  297         18.0179         33.0000         32.0000          3.0000         33.4088
  301         18.0179         33.0000         32.0000          4.0000         34.0565
  289         19.0133         33.0000         32.0000          1.0000         22.0441
  293         19.0133         33.0000         32.0000          2.0000         22.8532
  297         19.0133         33.0000         32.0000          3.0000         23.1982
  301         19.0133         33.0000         32.0000          4.0000         23.4581
  289         19.0133         33.0000         32.0000          1.0000         22.0206
  293         19.0133         33.0000         32.0000          2.0000         22.8272
  297         19.0133         33.0000         32.0000          3.0000         23.1719
  301         19.0133         33.0000         32.0000          4.0000         23.4321
  289         20.0143         33.0000         32.0000          1.0000         10.6966
  293         20.0143         33.0000         32.0000          2.0000         11.0032
  297         20.0143         33.0000         32.0000          3.0000         11.0561
  301         20.0143         33.0000         32.0000          4.0000         11.0474
  289         20.0143         33.0000         32.0000          1.0000         10.6808
  293         20.0143         33.0000         32.0000          2.0000         10.9859
  297         20.0143         33.0000         32.0000          3.0000         11.0387
  301         20.0143         33.0000         32.0000          4.0000         11.0304
  289         21.0154         33.0000         32.0000          1.0000          8.6581
  293         21.0154         33.0000         32.0000          2.0000          8.8453
  297         21.0154         33.0000         32.0000          3.0000          8.8318
  301         21.0154         33.0000         32.0000          4.0000          8.7719
  289         21.0154         33.0000         32.0000          1.0000          8.6477
  293         21.0154         33.0000         32.0000          2.0000          8.8333
  297         21.0154         33.0000         32.0000          3.0000          8.8196
  301         21.0154         33.0000         32.0000          4.0000          8.7598
  289         22.0091         33.0000         32.0000          1.0000          4.6104
  293         22.0091         33.0000         32.0000          2.0000          4.6704
  297         22.0091         33.0000         32.0000          3.0000          4.6357
  301         22.0091         33.0000         32.0000          4.0000          4.5732
  289         22.0091         33.0000         32.0000          1.0000          4.6027
  293         22.0091         33.0000         32.0000          2.0000          4.6618
  297         22.0091         33.0000         32.0000          3.0000          4.6269
  301         22.0091         33.0000         32.0000          4.0000          4.5645
  289         23.0248         33.0000         32.0000          1.0000          3.0092
  293         23.0248         33.0000         32.0000          2.0000          3.0275
  297         23.0248         33.0000         32.0000          3.0000          2.9840
  301         23.0248         33.0000         32.0000          4.0000          2.9156
  289         23.0248         33.0000         32.0000          1.0000          3.0029
  293         23.0248         33.0000         32.0000          2.0000          3.0206
  297         23.0248         33.0000         32.0000          3.0000          2.9769
  301         23.0248         33.0000         32.0000          4.0000          2.9086
