  305          1.0064         32.0000         33.0000          1.0000          0.0000
  309          1.0064         32.0000         33.0000          2.0000          0.0000
  313          1.0064         32.0000         33.0000          3.0000          0.0000
  317          1.0064         32.0000         33.0000          4.0000          0.0000
  305          1.0064         32.0000         33.0000          1.0000          0.0000
  309          1.0064         32.0000         33.0000          2.0000          0.0000
  313          1.0064         32.0000         33.0000          3.0000          0.0000
  317          1.0064         32.0000         33.0000          4.0000          0.0000
  305          2.0400         32.0000         33.0000          1.0000          0.0000
  309          2.0400         32.0000         33.0000          2.0000          0.0000
  313          2.0400         32.0000         33.0000          3.0000          0.0000
  317          2.0400         32.0000         33.0000          4.0000          0.0000
  305          2.0400         32.0000         33.0000          1.0000          0.0000
  309          2.0400         32.0000         33.0000          2.0000          0.0000
  313          2.0400         32.0000         33.0000          3.0000          0.0000
  317          2.0400         32.0000         33.0000          4.0000          0.0000
  305          3.0193         32.0000         33.0000          1.0000          0.0000
  309          3.0193         32.0000         33.0000          2.0000          0.0000
  313          3.0193         32.0000         33.0000          3.0000          0.0000
  317          3.0193         32.0000         33.0000          4.0000          0.0000
  305          3.0193         32.0000         33.0000          1.0000          0.0000
  309          3.0193         32.0000         33.0000          2.0000          0.0000
  313          3.0193         32.0000         33.0000          3.0000          0.0000
  317          3.0193         32.0000         33.0000          4.0000          0.0000
  305          4.0393         32.0000         33.0000          1.0000          0.0000
  309          4.0393         32.0000         33.0000          2.0000          0.0000
  313          4.0393         32.0000         33.0000          3.0000          0.0000
  317          4.0393         32.0000         33.0000          4.0000          0.0000
  305          4.0393         32.0000         33.0000          1.0000          0.0000
  309          4.0393         32.0000         33.0000          2.0000          0.0000
  313          4.0393         32.0000         33.0000          3.0000          0.0000
  317          4.0393         32.0000         33.0000          4.0000          0.0000
  305          5.0185         32.0000         33.0000          1.0000          0.0000
  309          5.0185         32.0000         33.0000          2.0000          0.0000
  313          5.0185         32.0000         33.0000          3.0000          0.0000
  317          5.0185         32.0000         33.0000          4.0000          0.0000
  305          5.0185         32.0000         33.0000          1.0000          0.0000
  309          5.0185         32.0000         33.0000          2.0000          0.0000
  313          5.0185         32.0000         33.0000          3.0000          0.0000
  317          5.0185         32.0000         33.0000          4.0000          0.0000
  305          6.0385         32.0000         33.0000          1.0000          0.0000
  309          6.0385         32.0000         33.0000          2.0000          0.0000
  313          6.0385         32.0000         33.0000          3.0000          0.0000
  317          6.0385         32.0000         33.0000          4.0000          0.0000
  305          6.0385         32.0000         33.0000          1.0000          0.0000
  309          6.0385         32.0000         33.0000          2.0000          0.0000
  313          6.0385         32.0000         33.0000          3.0000          0.0000
  317          6.0385         32.0000         33.0000          4.0000          0.0000
  305          7.0463         32.0000         33.0000          1.0000          0.1964
  309          7.0463         32.0000         33.0000          2.0000          0.2072
  313          7.0463         32.0000         33.0000          3.0000          0.2171
  317          7.0463         32.0000         33.0000          4.0000          0.2269
  305          7.0463         32.0000         33.0000          1.0000          0.1963
  309          7.0463         32.0000         33.0000          2.0000          0.2071
  313          7.0463         32.0000         33.0000          3.0000          0.2171
  317          7.0463         32.0000         33.0000          4.0000          0.2268
  305          8.0010         32.0000         33.0000          1.0000          4.2634
  309          8.0010         32.0000         33.0000          2.0000          4.4974
  313          8.0010         32.0000         33.0000          3.0000          4.7127
  317          8.0010         32.0000         33.0000          4.0000          4.9248
  305          8.0010         32.0000         33.0000          1.0000          4.2627
  309          8.0010         32.0000         33.0000          2.0000          4.4970
  313          8.0010         32.0000         33.0000          3.0000          4.7124
  317          8.0010         32.0000         33.0000          4.0000          4.9246
  305          8.0010         32.0000         33.0000          1.0000          4.2620
  309          8.0010         32.0000         33.0000          2.0000          4.4965
  313          8.0010         32.0000         33.0000          3.0000          4.7121
  317          8.0010         32.0000         33.0000          4.0000          4.9243
  305          9.0154         32.0000         33.0000          1.0000         22.3024
  309          9.0154         32.0000         33.0000          2.0000         23.6100
  313          9.0154         32.0000         33.0000          3.0000         24.7629
  317          9.0154         32.0000         33.0000          4.0000         25.8652
  305          9.0154         32.0000         33.0000          1.0000         22.2973
  309          9.0154         32.0000         33.0000          2.0000         23.6070
  313          9.0154         32.0000         33.0000          3.0000         24.7606
  317          9.0154         32.0000         33.0000          4.0000         25.8634
  305          9.0154         32.0000         33.0000          1.0000         22.2923
  309          9.0154         32.0000         33.0000          2.0000         23.6040
  313          9.0154         32.0000         33.0000          3.0000         24.7583
  317          9.0154         32.0000         33.0000          4.0000         25.8615
  305         10.0100         32.0000         33.0000          1.0000         38.1953
  309         10.0100         32.0000         33.0000          2.0000         40.6304
  313         10.0100         32.0000         33.0000          3.0000         42.7210
  317         10.0100         32.0000         33.0000          4.0000         44.6638
  305         10.0100         32.0000         33.0000          1.0000         38.1861
  309         10.0100         32.0000         33.0000          2.0000         40.6248
  313         10.0100         32.0000         33.0000          3.0000         42.7167
  317         10.0100         32.0000         33.0000          4.0000         44.6602
  305         10.0100         32.0000         33.0000          1.0000         38.1768
  309         10.0100         32.0000         33.0000          2.0000         40.6191
  313         10.0100         32.0000         33.0000          3.0000         42.7124
  317         10.0100         32.0000         33.0000          4.0000         44.6567
  305         11.0146         32.0000         33.0000          1.0000         55.1942
  309         11.0146         32.0000         33.0000          2.0000         58.7803
  313         11.0146         32.0000         33.0000          3.0000         61.7764
  317         11.0146         32.0000         33.0000          4.0000         64.5461
  305         11.0146         32.0000         33.0000          1.0000         55.1820
  309         11.0146         32.0000         33.0000          2.0000         58.7730
  313         11.0146         32.0000         33.0000          3.0000         61.7709
  317         11.0146         32.0000         33.0000          4.0000         64.5415
  305         11.0146         32.0000         33.0000          1.0000         55.1699
  309         11.0146         32.0000         33.0000          2.0000         58.7657
  313         11.0146         32.0000         33.0000          3.0000         61.7654
  317         11.0146         32.0000         33.0000          4.0000         64.5370
  305         12.0078         32.0000         33.0000          1.0000         99.0403
  309         12.0078         32.0000         33.0000          2.0000        101.8858
  313         12.0078         32.0000         33.0000          3.0000        104.5260
  317         12.0078         32.0000         33.0000          4.0000        107.1445
  305         12.0078         32.0000         33.0000          1.0000         99.0235
  309         12.0078         32.0000         33.0000          2.0000        101.8764
  313         12.0078         32.0000         33.0000          3.0000        104.5192
  317         12.0078         32.0000         33.0000          4.0000        107.1390
  305         12.0078         32.0000         33.0000          1.0000         99.0067
  309         12.0078         32.0000         33.0000          2.0000        101.8670
  313         12.0078         32.0000         33.0000          3.0000        104.5124
  317         12.0078         32.0000         33.0000          4.0000        107.1335
  305         12.0078         32.0000         33.0000          1.0000         98.9899
  309         12.0078         32.0000         33.0000          2.0000        101.8575
  313         12.0078         32.0000         33.0000          3.0000        104.5056
  317         12.0078         32.0000         33.0000          4.0000        107.1280
  305         13.0162         32.0000         33.0000          1.0000         82.5313
  309         13.0162         32.0000         33.0000          2.0000         85.3085
  313         13.0162         32.0000         33.0000          3.0000         87.8678
  317         13.0162         32.0000         33.0000          4.0000         90.4012
  305         13.0162         32.0000         33.0000          1.0000         82.5128
  309         13.0162         32.0000         33.0000          2.0000         85.2982
  313         13.0162         32.0000         33.0000          3.0000         87.8604
  317         13.0162         32.0000         33.0000          4.0000         90.3952
  305         14.0010         32.0000         33.0000          1.0000         73.0637
  309         14.0010         32.0000         33.0000          2.0000         76.2777
  313         14.0010         32.0000         33.0000          3.0000         79.2344
  317         14.0010         32.0000         33.0000          4.0000         82.1534
  305         14.0010         32.0000         33.0000          1.0000         73.0480
  309         14.0010         32.0000         33.0000          2.0000         76.2688
  313         14.0010         32.0000         33.0000          3.0000         79.2279
  317         14.0010         32.0000         33.0000          4.0000         82.1482
  305         14.0010         32.0000         33.0000          1.0000         73.0323
  309         14.0010         32.0000         33.0000          2.0000         76.2600
  313         14.0010         32.0000         33.0000          3.0000         79.2215
  317         14.0010         32.0000         33.0000          4.0000         82.1430
  305         15.0012         32.0000         33.0000          1.0000         97.6835
  309         15.0012         32.0000         33.0000          2.0000        100.2465
  313         15.0012         32.0000         33.0000          3.0000        102.6262
  317         15.0012         32.0000         33.0000          4.0000        104.9885
  305         15.0012         32.0000         33.0000          1.0000         97.6661
  309         15.0012         32.0000         33.0000          2.0000        100.2368
  313         15.0012         32.0000         33.0000          3.0000        102.6192
  317         15.0012         32.0000         33.0000          4.0000        104.9828
  305         15.0012         32.0000         33.0000          1.0000         97.6487
  309         15.0012         32.0000         33.0000          2.0000        100.2271
  313         15.0012         32.0000         33.0000          3.0000        102.6122
  317         15.0012         32.0000         33.0000          4.0000        104.9772
  305         16.0025         32.0000         33.0000          1.0000        106.4326
  309         16.0025         32.0000         33.0000          2.0000        108.6217
  313         16.0025         32.0000         33.0000          3.0000        110.6760
  317         16.0025         32.0000         33.0000          4.0000        112.7243
  305         16.0025         32.0000         33.0000          1.0000        106.4182
  309         16.0025         32.0000         33.0000          2.0000        108.6136
  313         16.0025         32.0000         33.0000          3.0000        110.6702
  317         16.0025         32.0000         33.0000          4.0000        112.7195
  305         16.0025         32.0000         33.0000          1.0000        106.4039
  309         16.0025         32.0000         33.0000          2.0000        108.6056
  313         16.0025         32.0000         33.0000          3.0000        110.6643
  317         16.0025         32.0000         33.0000          4.0000        112.7148
  305         17.0138         32.0000         33.0000          1.0000         64.6591
  309         17.0138         32.0000         33.0000          2.0000         66.6296
  313         17.0138         32.0000         33.0000          3.0000         68.4646
  317         17.0138         32.0000         33.0000          4.0000         70.2858
  305         17.0138         32.0000         33.0000          1.0000         64.6509
  309         17.0138         32.0000         33.0000          2.0000         66.6249
  313         17.0138         32.0000         33.0000          3.0000         68.4612
  317         17.0138         32.0000         33.0000          4.0000         70.2830
  305         17.0138         32.0000         33.0000          1.0000         64.6428
  309         17.0138         32.0000         33.0000          2.0000         66.6202
  313         17.0138         32.0000         33.0000          3.0000         68.4577
  317         17.0138         32.0000         33.0000          4.0000         70.2802
  305         18.0179         32.0000         33.0000          1.0000         54.7827
  309         18.0179         32.0000         33.0000          2.0000         55.9234
  313         18.0179         32.0000         33.0000          3.0000         57.0260
  317         18.0179         32.0000         33.0000          4.0000         58.1444
  305         18.0179         32.0000         33.0000          1.0000         54.7776
  309         18.0179         32.0000         33.0000          2.0000         55.9205
  313         18.0179         32.0000         33.0000          3.0000         57.0238
  317         18.0179         32.0000         33.0000          4.0000         58.1426
  305         18.0179         32.0000         33.0000          1.0000         54.7725
  309         18.0179         32.0000         33.0000          2.0000         55.9175
  313         18.0179         32.0000         33.0000          3.0000         57.0216
  317         18.0179         32.0000         33.0000          4.0000         58.1408
  305         19.0133         32.0000         33.0000          1.0000          6.6449
  309         19.0133         32.0000         33.0000          2.0000          7.0112
  313         19.0133         32.0000         33.0000          3.0000          7.3474
  317         19.0133         32.0000         33.0000          4.0000         11.1873
  305         19.0133         32.0000         33.0000          1.0000          6.6438
  309         19.0133         32.0000         33.0000          2.0000          7.0106
  313         19.0133         32.0000         33.0000          3.0000          7.3469
  317         19.0133         32.0000         33.0000          4.0000         11.1869
  305         20.0143         32.0000         33.0000          1.0000          0.0000
  309         20.0143         32.0000         33.0000          2.0000          0.0000
  313         20.0143         32.0000         33.0000          3.0000          0.0000
  317         20.0143         32.0000         33.0000          4.0000          0.0000
  305         20.0143         32.0000         33.0000          1.0000          0.0000
  309         20.0143         32.0000         33.0000          2.0000          0.0000
  313         20.0143         32.0000         33.0000          3.0000          0.0000
  317         20.0143         32.0000         33.0000          4.0000          0.0000
  305         21.0154         32.0000         33.0000          1.0000          0.0000
  309         21.0154         32.0000         33.0000          2.0000          0.0000
  313         21.0154         32.0000         33.0000          3.0000          0.0000
  317         21.0154         32.0000         33.0000          4.0000          0.0000
  305         21.0154         32.0000         33.0000          1.0000          0.0000
  309         21.0154         32.0000         33.0000          2.0000          0.0000
  313         21.0154         32.0000         33.0000          3.0000          0.0000
  317         21.0154         32.0000         33.0000          4.0000          0.0000
  305         22.0091         32.0000         33.0000          1.0000          0.0000
  309         22.0091         32.0000         33.0000          2.0000          0.0000
  313         22.0091         32.0000         33.0000          3.0000          0.0000
  317         22.0091         32.0000         33.0000          4.0000          0.0000
  305         22.0091         32.0000         33.0000          1.0000          0.0000
  309         22.0091         32.0000         33.0000          2.0000          0.0000
  313         22.0091         32.0000         33.0000          3.0000          0.0000
  317         22.0091         32.0000         33.0000          4.0000          0.0000
  305         23.0248         32.0000         33.0000          1.0000          0.0000
  309         23.0248         32.0000         33.0000          2.0000          0.0000
  313         23.0248         32.0000         33.0000          3.0000          0.0000
  317         23.0248         32.0000         33.0000          4.0000          0.0000
  305         23.0248         32.0000         33.0000          1.0000          0.0000
  309         23.0248         32.0000         33.0000          2.0000          0.0000
  313         23.0248         32.0000         33.0000          3.0000          0.0000
  317         23.0248         32.0000         33.0000          4.0000          0.0000
