  289          1.0064         33.0000         32.0000          1.0000          0.0000
  293          1.0064         33.0000         32.0000          2.0000          0.0000
  297          1.0064         33.0000         32.0000          3.0000          0.0000
  301          1.0064         33.0000         32.0000          4.0000          0.0000
  289          1.0064         33.0000         32.0000          1.0000          0.0000
  293          1.0064         33.0000         32.0000          2.0000          0.0000
  297          1.0064         33.0000         32.0000          3.0000          0.0000
  301          1.0064         33.0000         32.0000          4.0000          0.0000
  289          2.0400         33.0000         32.0000          1.0000          0.0000
  293          2.0400         33.0000         32.0000          2.0000          0.0000
  297          2.0400         33.0000         32.0000          3.0000          0.0000
  301          2.0400         33.0000         32.0000          4.0000          0.0000
  289          2.0400         33.0000         32.0000          1.0000          0.0000
  293          2.0400         33.0000         32.0000          2.0000          0.0000
  297          2.0400         33.0000         32.0000          3.0000          0.0000
  301          2.0400         33.0000         32.0000          4.0000          0.0000
  289          3.0193         33.0000         32.0000          1.0000          0.0000
  293          3.0193         33.0000         32.0000          2.0000          0.0000
  297          3.0193         33.0000         32.0000          3.0000          0.0000
  301          3.0193         33.0000         32.0000          4.0000          0.0000
  289          3.0193         33.0000         32.0000          1.0000          0.0000
  293          3.0193         33.0000         32.0000          2.0000          0.0000
  297          3.0193         33.0000         32.0000          3.0000          0.0000
  301          3.0193         33.0000         32.0000          4.0000          0.0000
  289          4.0393         33.0000         32.0000          1.0000          0.0000
  293          4.0393         33.0000         32.0000          2.0000          0.0000
  297          4.0393         33.0000         32.0000          3.0000          0.0000
  301          4.0393         33.0000         32.0000          4.0000          0.0000
  289          4.0393         33.0000         32.0000          1.0000          0.0000
  293          4.0393         33.0000         32.0000          2.0000          0.0000
  297          4.0393         33.0000         32.0000          3.0000          0.0000
  301          4.0393         33.0000         32.0000          4.0000          0.0000
  289          5.0185         33.0000         32.0000          1.0000          0.0000
  293          5.0185         33.0000         32.0000          2.0000          0.0000
  297          5.0185         33.0000         32.0000          3.0000          0.0000
  301          5.0185         33.0000         32.0000          4.0000          0.0000
  289          5.0185         33.0000         32.0000          1.0000          0.0000
  293          5.0185         33.0000         32.0000          2.0000          0.0000
  297          5.0185         33.0000         32.0000          3.0000          0.0000
  301          5.0185         33.0000         32.0000          4.0000          0.0000
  289          6.0385         33.0000         32.0000          1.0000          0.0000
  293          6.0385         33.0000         32.0000          2.0000          0.0000
  297          6.0385         33.0000         32.0000          3.0000          0.0000
  301          6.0385         33.0000         32.0000          4.0000          0.0000
  289          6.0385         33.0000         32.0000          1.0000          0.0000
  293          6.0385         33.0000         32.0000          2.0000          0.0000
  297          6.0385         33.0000         32.0000          3.0000          0.0000
  301          6.0385         33.0000         32.0000          4.0000          0.0000
  289          7.0463         33.0000         32.0000          1.0000          0.1964
  293          7.0463         33.0000         32.0000          2.0000          0.2072
  297          7.0463         33.0000         32.0000          3.0000          0.2171
  301          7.0463         33.0000         32.0000          4.0000          0.2269
  289          7.0463         33.0000         32.0000          1.0000          0.1963
  293          7.0463         33.0000         32.0000          2.0000          0.2071
  297          7.0463         33.0000         32.0000          3.0000          0.2171
  301          7.0463         33.0000         32.0000          4.0000          0.2268
  289          8.0010         33.0000         32.0000          1.0000          4.2628
  293          8.0010         33.0000         32.0000          2.0000          4.4968
  297          8.0010         33.0000         32.0000          3.0000          4.7121
  301          8.0010         33.0000         32.0000          4.0000          4.9242
  289          8.0010         33.0000         32.0000          1.0000          4.2621
  293          8.0010         33.0000         32.0000          2.0000          4.4964
  297          8.0010         33.0000         32.0000          3.0000          4.7118
  301          8.0010         33.0000         32.0000          4.0000          4.9240
  289          8.0010         33.0000         32.0000          1.0000          4.2614
  293          8.0010         33.0000         32.0000          2.0000          4.4959
  297          8.0010         33.0000         32.0000          3.0000          4.7115
  301          8.0010         33.0000         32.0000          4.0000          4.9237
  289          9.0154         33.0000         32.0000          1.0000         22.3561
  293          9.0154         33.0000         32.0000          2.0000         23.6351
  297          9.0154         33.0000         32.0000          3.0000         24.7269
  301          9.0154         33.0000         32.0000          4.0000         25.7807
  289          9.0154         33.0000         32.0000          1.0000         22.3511
  293          9.0154         33.0000         32.0000          2.0000         23.6322
  297          9.0154         33.0000         32.0000          3.0000         24.7247
  301          9.0154         33.0000         32.0000          4.0000         25.7790
  289          9.0154         33.0000         32.0000          1.0000         22.3461
  293          9.0154         33.0000         32.0000          2.0000         23.6293
  297          9.0154         33.0000         32.0000          3.0000         24.7226
  301          9.0154         33.0000         32.0000          4.0000         25.7772
  289         10.0100         33.0000         32.0000          1.0000         38.7056
  293         10.0100         33.0000         32.0000          2.0000         41.0158
  297         10.0100         33.0000         32.0000          3.0000         42.8782
  301         10.0100         33.0000         32.0000          4.0000         44.6456
  289         10.0100         33.0000         32.0000          1.0000         38.6959
  293         10.0100         33.0000         32.0000          2.0000         41.0101
  297         10.0100         33.0000         32.0000          3.0000         42.8741
  301         10.0100         33.0000         32.0000          4.0000         44.6422
  289         10.0100         33.0000         32.0000          1.0000         38.6863
  293         10.0100         33.0000         32.0000          2.0000         41.0045
  297         10.0100         33.0000         32.0000          3.0000         42.8699
  301         10.0100         33.0000         32.0000          4.0000         44.6388
  289         11.0146         33.0000         32.0000          1.0000         55.8714
  293         11.0146         33.0000         32.0000          2.0000         59.1770
  297         11.0146         33.0000         32.0000          3.0000         61.9015
  301         11.0146         33.0000         32.0000          4.0000         64.5063
  289         11.0146         33.0000         32.0000          1.0000         55.8586
  293         11.0146         33.0000         32.0000          2.0000         59.1696
  297         11.0146         33.0000         32.0000          3.0000         61.8960
  301         11.0146         33.0000         32.0000          4.0000         64.5018
  289         11.0146         33.0000         32.0000          1.0000         55.8458
  293         11.0146         33.0000         32.0000          2.0000         59.1621
  297         11.0146         33.0000         32.0000          3.0000         61.8905
  301         11.0146         33.0000         32.0000          4.0000         64.4973
  289         12.0078         33.0000         32.0000          1.0000         61.6545
  293         12.0078         33.0000         32.0000          2.0000         64.6630
  297         12.0078         33.0000         32.0000          3.0000         67.4006
  301         12.0078         33.0000         32.0000          4.0000         70.0604
  289         12.0078         33.0000         32.0000          1.0000         61.6374
  293         12.0078         33.0000         32.0000          2.0000         64.6534
  297         12.0078         33.0000         32.0000          3.0000         67.3936
  301         12.0078         33.0000         32.0000          4.0000         70.0547
  289         12.0078         33.0000         32.0000          1.0000         61.6203
  293         12.0078         33.0000         32.0000          2.0000         64.6437
  297         12.0078         33.0000         32.0000          3.0000         67.3865
  301         12.0078         33.0000         32.0000          4.0000         70.0490
  289         12.0078         33.0000         32.0000          1.0000         61.6031
  293         12.0078         33.0000         32.0000          2.0000         64.6341
  297         12.0078         33.0000         32.0000          3.0000         67.3795
  301         12.0078         33.0000         32.0000          4.0000         70.0433
  289         13.0162         33.0000         32.0000          1.0000         61.4046
  293         13.0162         33.0000         32.0000          2.0000         64.7771
  297         13.0162         33.0000         32.0000          3.0000         67.5023
  301         13.0162         33.0000         32.0000          4.0000         70.0920
  289         13.0162         33.0000         32.0000          1.0000         61.3863
  293         13.0162         33.0000         32.0000          2.0000         64.7667
  297         13.0162         33.0000         32.0000          3.0000         67.4947
  301         13.0162         33.0000         32.0000          4.0000         70.0858
  289         14.0010         33.0000         32.0000          1.0000         64.6942
  293         14.0010         33.0000         32.0000          2.0000         68.2486
  297         14.0010         33.0000         32.0000          3.0000         71.2984
  301         14.0010         33.0000         32.0000          4.0000         74.2478
  289         14.0010         33.0000         32.0000          1.0000         64.6786
  293         14.0010         33.0000         32.0000          2.0000         68.2397
  297         14.0010         33.0000         32.0000          3.0000         71.2919
  301         14.0010         33.0000         32.0000          4.0000         74.2425
  289         14.0010         33.0000         32.0000          1.0000         64.6630
  293         14.0010         33.0000         32.0000          2.0000         68.2308
  297         14.0010         33.0000         32.0000          3.0000         71.2854
  301         14.0010         33.0000         32.0000          4.0000         74.2372
  289         15.0012         33.0000         32.0000          1.0000         58.0382
  293         15.0012         33.0000         32.0000          2.0000         60.7835
  297         15.0012         33.0000         32.0000          3.0000         63.2731
  301         15.0012         33.0000         32.0000          4.0000         65.6811
  289         15.0012         33.0000         32.0000          1.0000         58.0205
  293         15.0012         33.0000         32.0000          2.0000         60.7735
  297         15.0012         33.0000         32.0000          3.0000         63.2659
  301         15.0012         33.0000         32.0000          4.0000         65.6753
  289         15.0012         33.0000         32.0000          1.0000         58.0028
  293         15.0012         33.0000         32.0000          2.0000         60.7636
  297         15.0012         33.0000         32.0000          3.0000         63.2586
  301         15.0012         33.0000         32.0000          4.0000         65.6694
  289         16.0025         33.0000         32.0000          1.0000         49.9007
  293         16.0025         33.0000         32.0000          2.0000         52.2415
  297         16.0025         33.0000         32.0000          3.0000         54.3804
  301         16.0025         33.0000         32.0000          4.0000         56.4680
  289         16.0025         33.0000         32.0000          1.0000         49.8857
  293         16.0025         33.0000         32.0000          2.0000         52.2332
  297         16.0025         33.0000         32.0000          3.0000         54.3743
  301         16.0025         33.0000         32.0000          4.0000         56.4631
  289         16.0025         33.0000         32.0000          1.0000         49.8708
  293         16.0025         33.0000         32.0000          2.0000         52.2248
  297         16.0025         33.0000         32.0000          3.0000         54.3682
  301         16.0025         33.0000         32.0000          4.0000         56.4581
  289         17.0138         33.0000         32.0000          1.0000         39.1245
  293         17.0138         33.0000         32.0000          2.0000         41.1613
  297         17.0138         33.0000         32.0000          3.0000         43.0312
  301         17.0138         33.0000         32.0000          4.0000         44.8688
  289         17.0138         33.0000         32.0000          1.0000         39.1160
  293         17.0138         33.0000         32.0000          2.0000         41.1565
  297         17.0138         33.0000         32.0000          3.0000         43.0277
  301         17.0138         33.0000         32.0000          4.0000         44.8659
  289         17.0138         33.0000         32.0000          1.0000         39.1076
  293         17.0138         33.0000         32.0000          2.0000         41.1517
  297         17.0138         33.0000         32.0000          3.0000         43.0242
  301         17.0138         33.0000         32.0000          4.0000         44.8630
  289         18.0179         33.0000         32.0000          1.0000         24.2486
  293         18.0179         33.0000         32.0000          2.0000         25.4911
  297         18.0179         33.0000         32.0000          3.0000         26.6330
  301         18.0179         33.0000         32.0000          4.0000         27.7573
  289         18.0179         33.0000         32.0000          1.0000         24.2431
  293         18.0179         33.0000         32.0000          2.0000         25.4879
  297         18.0179         33.0000         32.0000          3.0000         26.6307
  301         18.0179         33.0000         32.0000          4.0000         27.7554
  289         18.0179         33.0000         32.0000          1.0000         24.2376
  293         18.0179         33.0000         32.0000          2.0000         25.4848
  297         18.0179         33.0000         32.0000          3.0000         26.6284
  301         18.0179         33.0000         32.0000          4.0000         27.7535
  289         19.0133         33.0000         32.0000          1.0000          6.6588
  293         19.0133         33.0000         32.0000          2.0000          7.0257
  297         19.0133         33.0000         32.0000          3.0000          7.3628
  301         19.0133         33.0000         32.0000          4.0000          7.6941
  289         19.0133         33.0000         32.0000          1.0000          6.6576
  293         19.0133         33.0000         32.0000          2.0000          7.0251
  297         19.0133         33.0000         32.0000          3.0000          7.3623
  301         19.0133         33.0000         32.0000          4.0000          7.6937
  289         20.0143         33.0000         32.0000          1.0000          0.0000
  293         20.0143         33.0000         32.0000          2.0000          0.0000
  297         20.0143         33.0000         32.0000          3.0000          0.0000
  301         20.0143         33.0000         32.0000          4.0000          0.0000
  289         20.0143         33.0000         32.0000          1.0000          0.0000
  293         20.0143         33.0000         32.0000          2.0000          0.0000
  297         20.0143         33.0000         32.0000          3.0000          0.0000
  301         20.0143         33.0000         32.0000          4.0000          0.0000
  289         21.0154         33.0000         32.0000          1.0000          0.0000
  293         21.0154         33.0000         32.0000          2.0000          0.0000
  297         21.0154         33.0000         32.0000          3.0000          0.0000
  301         21.0154         33.0000         32.0000          4.0000          0.0000
  289         21.0154         33.0000         32.0000          1.0000          0.0000
  293         21.0154         33.0000         32.0000          2.0000          0.0000
  297         21.0154         33.0000         32.0000          3.0000          0.0000
  301         21.0154         33.0000         32.0000          4.0000          0.0000
  289         22.0091         33.0000         32.0000          1.0000          0.0000
  293         22.0091         33.0000         32.0000          2.0000          0.0000
  297         22.0091         33.0000         32.0000          3.0000          0.0000
  301         22.0091         33.0000         32.0000          4.0000          0.0000
  289         22.0091         33.0000         32.0000          1.0000          0.0000
  293         22.0091         33.0000         32.0000          2.0000          0.0000
  297         22.0091         33.0000         32.0000          3.0000          0.0000
  301         22.0091         33.0000         32.0000          4.0000          0.0000
  289         23.0248         33.0000         32.0000          1.0000          0.0000
  293         23.0248         33.0000         32.0000          2.0000          0.0000
  297         23.0248         33.0000         32.0000          3.0000          0.0000
  301         23.0248         33.0000         32.0000          4.0000          0.0000
  289         23.0248         33.0000         32.0000          1.0000          0.0000
  293         23.0248         33.0000         32.0000          2.0000          0.0000
  297         23.0248         33.0000         32.0000          3.0000          0.0000
  301         23.0248         33.0000         32.0000          4.0000          0.0000
