  241          1.0064         33.0000         33.0000          4.0000        299.2100
  242          1.0064         34.0000         33.0000          4.0000        299.2100
  243          1.0064         35.0000         33.0000          4.0000        299.2100
  244          1.0064         36.0000         33.0000          4.0000        299.2100
  245          1.0064         33.0000         34.0000          4.0000        299.2100
  246          1.0064         34.0000         34.0000          4.0000        299.2100
  247          1.0064         35.0000         34.0000          4.0000        299.2100
  248          1.0064         36.0000         34.0000          4.0000        299.2100
  249          1.0064         33.0000         35.0000          4.0000        299.2100
  250          1.0064         34.0000         35.0000          4.0000        299.2100
  251          1.0064         35.0000         35.0000          4.0000        299.2100
  252          1.0064         36.0000         35.0000          4.0000        299.2100
  253          1.0064         33.0000         36.0000          4.0000        299.2100
  254          1.0064         34.0000         36.0000          4.0000        299.2100
  255          1.0064         35.0000         36.0000          4.0000        299.2100
  256          1.0064         36.0000         36.0000          4.0000        299.2100
  241          1.0064         33.0000         33.0000          4.0000        299.2101
  242          1.0064         34.0000         33.0000          4.0000        299.2101
  243          1.0064         35.0000         33.0000          4.0000        299.2101
  244          1.0064         36.0000         33.0000          4.0000        299.2101
  245          1.0064         33.0000         34.0000          4.0000        299.2101
  246          1.0064         34.0000         34.0000          4.0000        299.2101
  247          1.0064         35.0000         34.0000          4.0000        299.2101
  248          1.0064         36.0000         34.0000          4.0000        299.2101
  249          1.0064         33.0000         35.0000          4.0000        299.2101
  250          1.0064         34.0000         35.0000          4.0000        299.2101
  251          1.0064         35.0000         35.0000          4.0000        299.2101
  252          1.0064         36.0000         35.0000          4.0000        299.2101
  253          1.0064         33.0000         36.0000          4.0000        299.2101
  254          1.0064         34.0000         36.0000          4.0000        299.2101
  255          1.0064         35.0000         36.0000          4.0000        299.2101
  256          1.0064         36.0000         36.0000          4.0000        299.2101
  241          2.0400         33.0000         33.0000          4.0000        298.7986
  242          2.0400         34.0000         33.0000          4.0000        298.7986
  243          2.0400         35.0000         33.0000          4.0000        298.7986
  244          2.0400         36.0000         33.0000          4.0000        298.7986
  245          2.0400         33.0000         34.0000          4.0000        298.7986
  246          2.0400         34.0000         34.0000          4.0000        298.7986
  247          2.0400         35.0000         34.0000          4.0000        298.7986
  248          2.0400         36.0000         34.0000          4.0000        298.7986
  249          2.0400         33.0000         35.0000          4.0000        298.7986
  250          2.0400         34.0000         35.0000          4.0000        298.7986
  251          2.0400         35.0000         35.0000          4.0000        298.7986
  252          2.0400         36.0000         35.0000          4.0000        298.7986
  253          2.0400         33.0000         36.0000          4.0000        298.7986
  254          2.0400         34.0000         36.0000          4.0000        298.7986
  255          2.0400         35.0000         36.0000          4.0000        298.7986
  256          2.0400         36.0000         36.0000          4.0000        298.7986
  241          2.0400         33.0000         33.0000          4.0000        298.7986
  242          2.0400         34.0000         33.0000          4.0000        298.7986
  243          2.0400         35.0000         33.0000          4.0000        298.7986
  244          2.0400         36.0000         33.0000          4.0000        298.7986
  245          2.0400         33.0000         34.0000          4.0000        298.7986
  246          2.0400         34.0000         34.0000          4.0000        298.7986
  247          2.0400         35.0000         34.0000          4.0000        298.7986
  248          2.0400         36.0000         34.0000          4.0000        298.7986
  249          2.0400         33.0000         35.0000          4.0000        298.7986
  250          2.0400         34.0000         35.0000          4.0000        298.7986
  251          2.0400         35.0000         35.0000          4.0000        298.7986
  252          2.0400         36.0000         35.0000          4.0000        298.7986
  253          2.0400         33.0000         36.0000          4.0000        298.7986
  254          2.0400         34.0000         36.0000          4.0000        298.7986
  255          2.0400         35.0000         36.0000          4.0000        298.7986
  256          2.0400         36.0000         36.0000          4.0000        298.7986
  241          3.0193         33.0000         33.0000          4.0000        298.3250
  242          3.0193         34.0000         33.0000          4.0000        298.3250
  243          3.0193         35.0000         33.0000          4.0000        298.3250
  244          3.0193         36.0000         33.0000          4.0000        298.3250
  245          3.0193         33.0000         34.0000          4.0000        298.3250
  246          3.0193         34.0000         34.0000          4.0000        298.3250
  247          3.0193         35.0000         34.0000          4.0000        298.3250
  248          3.0193         36.0000         34.0000          4.0000        298.3250
  249          3.0193         33.0000         35.0000          4.0000        298.3250
  250          3.0193         34.0000         35.0000          4.0000        298.3250
  251          3.0193         35.0000         35.0000          4.0000        298.3250
  252          3.0193         36.0000         35.0000          4.0000        298.3250
  253          3.0193         33.0000         36.0000          4.0000        298.3250
  254          3.0193         34.0000         36.0000          4.0000        298.3250
  255          3.0193         35.0000         36.0000          4.0000        298.3250
  256          3.0193         36.0000         36.0000          4.0000        298.3250
  241          3.0193         33.0000         33.0000          4.0000        298.3252
  242          3.0193         34.0000         33.0000          4.0000        298.3252
  243          3.0193         35.0000         33.0000          4.0000        298.3252
  244          3.0193         36.0000         33.0000          4.0000        298.3252
  245          3.0193         33.0000         34.0000          4.0000        298.3252
  246          3.0193         34.0000         34.0000          4.0000        298.3252
  247          3.0193         35.0000         34.0000          4.0000        298.3252
  248          3.0193         36.0000         34.0000          4.0000        298.3252
  249          3.0193         33.0000         35.0000          4.0000        298.3252
  250          3.0193         34.0000         35.0000          4.0000        298.3252
  251          3.0193         35.0000         35.0000          4.0000        298.3252
  252          3.0193         36.0000         35.0000          4.0000        298.3252
  253          3.0193         33.0000         36.0000          4.0000        298.3252
  254          3.0193         34.0000         36.0000          4.0000        298.3252
  255          3.0193         35.0000         36.0000          4.0000        298.3252
  256          3.0193         36.0000         36.0000          4.0000        298.3252
  241          4.0393         33.0000         33.0000          4.0000        297.9522
  242          4.0393         34.0000         33.0000          4.0000        297.9522
  243          4.0393         35.0000         33.0000          4.0000        297.9522
  244          4.0393         36.0000         33.0000          4.0000        297.9522
  245          4.0393         33.0000         34.0000          4.0000        297.9522
  246          4.0393         34.0000         34.0000          4.0000        297.9522
  247          4.0393         35.0000         34.0000          4.0000        297.9522
  248          4.0393         36.0000         34.0000          4.0000        297.9522
  249          4.0393         33.0000         35.0000          4.0000        297.9522
  250          4.0393         34.0000         35.0000          4.0000        297.9522
  251          4.0393         35.0000         35.0000          4.0000        297.9522
  252          4.0393         36.0000         35.0000          4.0000        297.9522
  253          4.0393         33.0000         36.0000          4.0000        297.9522
  254          4.0393         34.0000         36.0000          4.0000        297.9522
  255          4.0393         35.0000         36.0000          4.0000        297.9522
  256          4.0393         36.0000         36.0000          4.0000        297.9522
  241          4.0393         33.0000         33.0000          4.0000        297.9524
  242          4.0393         34.0000         33.0000          4.0000        297.9524
  243          4.0393         35.0000         33.0000          4.0000        297.9524
  244          4.0393         36.0000         33.0000          4.0000        297.9524
  245          4.0393         33.0000         34.0000          4.0000        297.9524
  246          4.0393         34.0000         34.0000          4.0000        297.9524
  247          4.0393         35.0000         34.0000          4.0000        297.9524
  248          4.0393         36.0000         34.0000          4.0000        297.9524
  249          4.0393         33.0000         35.0000          4.0000        297.9524
  250          4.0393         34.0000         35.0000          4.0000        297.9524
  251          4.0393         35.0000         35.0000          4.0000        297.9524
  252          4.0393         36.0000         35.0000          4.0000        297.9524
  253          4.0393         33.0000         36.0000          4.0000        297.9524
  254          4.0393         34.0000         36.0000          4.0000        297.9524
  255          4.0393         35.0000         36.0000          4.0000        297.9524
  256          4.0393         36.0000         36.0000          4.0000        297.9524
  241          5.0185         33.0000         33.0000          4.0000        297.6059
  242          5.0185         34.0000         33.0000          4.0000        297.6059
  243          5.0185         35.0000         33.0000          4.0000        297.6059
  244          5.0185         36.0000         33.0000          4.0000        297.6059
  245          5.0185         33.0000         34.0000          4.0000        297.6059
  246          5.0185         34.0000         34.0000          4.0000        297.6059
  247          5.0185         35.0000         34.0000          4.0000        297.6059
  248          5.0185         36.0000         34.0000          4.0000        297.6059
  249          5.0185         33.0000         35.0000          4.0000        297.6059
  250          5.0185         34.0000         35.0000          4.0000        297.6059
  251          5.0185         35.0000         35.0000          4.0000        297.6059
  252          5.0185         36.0000         35.0000          4.0000        297.6059
  253          5.0185         33.0000         36.0000          4.0000        297.6059
  254          5.0185         34.0000         36.0000          4.0000        297.6059
  255          5.0185         35.0000         36.0000          4.0000        297.6059
  256          5.0185         36.0000         36.0000          4.0000        297.6059
  241          5.0185         33.0000         33.0000          4.0000        297.6061
  242          5.0185         34.0000         33.0000          4.0000        297.6061
  243          5.0185         35.0000         33.0000          4.0000        297.6061
  244          5.0185         36.0000         33.0000          4.0000        297.6061
  245          5.0185         33.0000         34.0000          4.0000        297.6061
  246          5.0185         34.0000         34.0000          4.0000        297.6061
  247          5.0185         35.0000         34.0000          4.0000        297.6061
  248          5.0185         36.0000         34.0000          4.0000        297.6061
  249          5.0185         33.0000         35.0000          4.0000        297.6061
  250          5.0185         34.0000         35.0000          4.0000        297.6061
  251          5.0185         35.0000         35.0000          4.0000        297.6061
  252          5.0185         36.0000         35.0000          4.0000        297.6061
  253          5.0185         33.0000         36.0000          4.0000        297.6061
  254          5.0185         34.0000         36.0000          4.0000        297.6061
  255          5.0185         35.0000         36.0000          4.0000        297.6061
  256          5.0185         36.0000         36.0000          4.0000        297.6061
  241          6.0385         33.0000         33.0000          4.0000        297.4231
  242          6.0385         34.0000         33.0000          4.0000        297.4231
  243          6.0385         35.0000         33.0000          4.0000        297.4231
  244          6.0385         36.0000         33.0000          4.0000        297.4231
  245          6.0385         33.0000         34.0000          4.0000        297.4231
  246          6.0385         34.0000         34.0000          4.0000        297.4231
  247          6.0385         35.0000         34.0000          4.0000        297.4231
  248          6.0385         36.0000         34.0000          4.0000        297.4231
  249          6.0385         33.0000         35.0000          4.0000        297.4231
  250          6.0385         34.0000         35.0000          4.0000        297.4231
  251          6.0385         35.0000         35.0000          4.0000        297.4231
  252          6.0385         36.0000         35.0000          4.0000        297.4231
  253          6.0385         33.0000         36.0000          4.0000        297.4231
  254          6.0385         34.0000         36.0000          4.0000        297.4231
  255          6.0385         35.0000         36.0000          4.0000        297.4231
  256          6.0385         36.0000         36.0000          4.0000        297.4231
  241          6.0385         33.0000         33.0000          4.0000        297.4233
  242          6.0385         34.0000         33.0000          4.0000        297.4233
  243          6.0385         35.0000         33.0000          4.0000        297.4233
  244          6.0385         36.0000         33.0000          4.0000        297.4233
  245          6.0385         33.0000         34.0000          4.0000        297.4233
  246          6.0385         34.0000         34.0000          4.0000        297.4233
  247          6.0385         35.0000         34.0000          4.0000        297.4233
  248          6.0385         36.0000         34.0000          4.0000        297.4233
  249          6.0385         33.0000         35.0000          4.0000        297.4233
  250          6.0385         34.0000         35.0000          4.0000        297.4233
  251          6.0385         35.0000         35.0000          4.0000        297.4233
  252          6.0385         36.0000         35.0000          4.0000        297.4233
  253          6.0385         33.0000         36.0000          4.0000        297.4233
  254          6.0385         34.0000         36.0000          4.0000        297.4233
  255          6.0385         35.0000         36.0000          4.0000        297.4233
  256          6.0385         36.0000         36.0000          4.0000        297.4233
  241          7.0463         33.0000         33.0000          4.0000        297.2446
  242          7.0463         34.0000         33.0000          4.0000        297.2446
  243          7.0463         35.0000         33.0000          4.0000        297.2446
  244          7.0463         36.0000         33.0000          4.0000        297.2446
  245          7.0463         33.0000         34.0000          4.0000        297.2446
  246          7.0463         34.0000         34.0000          4.0000        297.2446
  247          7.0463         35.0000         34.0000          4.0000        297.2446
  248          7.0463         36.0000         34.0000          4.0000        297.2446
  249          7.0463         33.0000         35.0000          4.0000        297.2446
  250          7.0463         34.0000         35.0000          4.0000        297.2446
  251          7.0463         35.0000         35.0000          4.0000        297.2446
  252          7.0463         36.0000         35.0000          4.0000        297.2446
  253          7.0463         33.0000         36.0000          4.0000        297.2446
  254          7.0463         34.0000         36.0000          4.0000        297.2446
  255          7.0463         35.0000         36.0000          4.0000        297.2446
  256          7.0463         36.0000         36.0000          4.0000        297.2446
  241          7.0463         33.0000         33.0000          4.0000        297.2444
  242          7.0463         34.0000         33.0000          4.0000        297.2444
  243          7.0463         35.0000         33.0000          4.0000        297.2444
  244          7.0463         36.0000         33.0000          4.0000        297.2444
  245          7.0463         33.0000         34.0000          4.0000        297.2444
  246          7.0463         34.0000         34.0000          4.0000        297.2444
  247          7.0463         35.0000         34.0000          4.0000        297.2444
  248          7.0463         36.0000         34.0000          4.0000        297.2444
  249          7.0463         33.0000         35.0000          4.0000        297.2444
  250          7.0463         34.0000         35.0000          4.0000        297.2444
  251          7.0463         35.0000         35.0000          4.0000        297.2444
  252          7.0463         36.0000         35.0000          4.0000        297.2444
  253          7.0463         33.0000         36.0000          4.0000        297.2444
  254          7.0463         34.0000         36.0000          4.0000        297.2444
  255          7.0463         35.0000         36.0000          4.0000        297.2444
  256          7.0463         36.0000         36.0000          4.0000        297.2444
  241          8.0010         33.0000         33.0000          4.0000        297.6171
  242          8.0010         34.0000         33.0000          4.0000        297.6171
  243          8.0010         35.0000         33.0000          4.0000        297.6171
  244          8.0010         36.0000         33.0000          4.0000        297.6171
  245          8.0010         33.0000         34.0000          4.0000        297.6171
  246          8.0010         34.0000         34.0000          4.0000        297.6171
  247          8.0010         35.0000         34.0000          4.0000        297.6171
  248          8.0010         36.0000         34.0000          4.0000        297.6171
  249          8.0010         33.0000         35.0000          4.0000        297.6171
  250          8.0010         34.0000         35.0000          4.0000        297.6171
  251          8.0010         35.0000         35.0000          4.0000        297.6171
  252          8.0010         36.0000         35.0000          4.0000        297.6171
  253          8.0010         33.0000         36.0000          4.0000        297.6171
  254          8.0010         34.0000         36.0000          4.0000        297.6171
  255          8.0010         35.0000         36.0000          4.0000        297.6171
  256          8.0010         36.0000         36.0000          4.0000        297.6171
  241          8.0010         33.0000         33.0000          4.0000        297.6168
  242          8.0010         34.0000         33.0000          4.0000        297.6168
  243          8.0010         35.0000         33.0000          4.0000        297.6168
  244          8.0010         36.0000         33.0000          4.0000        297.6168
  245          8.0010         33.0000         34.0000          4.0000        297.6168
  246          8.0010         34.0000         34.0000          4.0000        297.6168
  247          8.0010         35.0000         34.0000          4.0000        297.6168
  248          8.0010         36.0000         34.0000          4.0000        297.6168
  249          8.0010         33.0000         35.0000          4.0000        297.6168
  250          8.0010         34.0000         35.0000          4.0000        297.6168
  251          8.0010         35.0000         35.0000          4.0000        297.6168
  252          8.0010         36.0000         35.0000          4.0000        297.6168
  253          8.0010         33.0000         36.0000          4.0000        297.6168
  254          8.0010         34.0000         36.0000          4.0000        297.6168
  255          8.0010         35.0000         36.0000          4.0000        297.6168
  256          8.0010         36.0000         36.0000          4.0000        297.6168
  241          8.0010         33.0000         33.0000          4.0000        297.6168
  242          8.0010         34.0000         33.0000          4.0000        297.6168
  243          8.0010         35.0000         33.0000          4.0000        297.6168
  244          8.0010         36.0000         33.0000          4.0000        297.6168
  245          8.0010         33.0000         34.0000          4.0000        297.6168
  246          8.0010         34.0000         34.0000          4.0000        297.6168
  247          8.0010         35.0000         34.0000          4.0000        297.6168
  248          8.0010         36.0000         34.0000          4.0000        297.6168
  249          8.0010         33.0000         35.0000          4.0000        297.6168
  250          8.0010         34.0000         35.0000          4.0000        297.6168
  251          8.0010         35.0000         35.0000          4.0000        297.6168
  252          8.0010         36.0000         35.0000          4.0000        297.6168
  253          8.0010         33.0000         36.0000          4.0000        297.6168
  254          8.0010         34.0000         36.0000          4.0000        297.6168
  255          8.0010         35.0000         36.0000          4.0000        297.6168
  256          8.0010         36.0000         36.0000          4.0000        297.6168
  241          9.0154         33.0000         33.0000          4.0000        300.8206
  242          9.0154         34.0000         33.0000          4.0000        300.8206
  243          9.0154         35.0000         33.0000          4.0000        300.8206
  244          9.0154         36.0000         33.0000          4.0000        300.8206
  245          9.0154         33.0000         34.0000          4.0000        300.8206
  246          9.0154         34.0000         34.0000          4.0000        300.8206
  247          9.0154         35.0000         34.0000          4.0000        300.8206
  248          9.0154         36.0000         34.0000          4.0000        300.8206
  249          9.0154         33.0000         35.0000          4.0000        300.8206
  250          9.0154         34.0000         35.0000          4.0000        300.8206
  251          9.0154         35.0000         35.0000          4.0000        300.8206
  252          9.0154         36.0000         35.0000          4.0000        300.8206
  253          9.0154         33.0000         36.0000          4.0000        300.8206
  254          9.0154         34.0000         36.0000          4.0000        300.8206
  255          9.0154         35.0000         36.0000          4.0000        300.8206
  256          9.0154         36.0000         36.0000          4.0000        300.8206
  241          9.0154         33.0000         33.0000          4.0000        300.8204
  242          9.0154         34.0000         33.0000          4.0000        300.8204
  243          9.0154         35.0000         33.0000          4.0000        300.8204
  244          9.0154         36.0000         33.0000          4.0000        300.8204
  245          9.0154         33.0000         34.0000          4.0000        300.8204
  246          9.0154         34.0000         34.0000          4.0000        300.8204
  247          9.0154         35.0000         34.0000          4.0000        300.8204
  248          9.0154         36.0000         34.0000          4.0000        300.8204
  249          9.0154         33.0000         35.0000          4.0000        300.8204
  250          9.0154         34.0000         35.0000          4.0000        300.8204
  251          9.0154         35.0000         35.0000          4.0000        300.8204
  252          9.0154         36.0000         35.0000          4.0000        300.8204
  253          9.0154         33.0000         36.0000          4.0000        300.8204
  254          9.0154         34.0000         36.0000          4.0000        300.8204
  255          9.0154         35.0000         36.0000          4.0000        300.8204
  256          9.0154         36.0000         36.0000          4.0000        300.8204
  241          9.0154         33.0000         33.0000          4.0000        300.8204
  242          9.0154         34.0000         33.0000          4.0000        300.8204
  243          9.0154         35.0000         33.0000          4.0000        300.8204
  244          9.0154         36.0000         33.0000          4.0000        300.8204
  245          9.0154         33.0000         34.0000          4.0000        300.8204
  246          9.0154         34.0000         34.0000          4.0000        300.8204
  247          9.0154         35.0000         34.0000          4.0000        300.8204
  248          9.0154         36.0000         34.0000          4.0000        300.8204
  249          9.0154         33.0000         35.0000          4.0000        300.8204
  250          9.0154         34.0000         35.0000          4.0000        300.8204
  251          9.0154         35.0000         35.0000          4.0000        300.8204
  252          9.0154         36.0000         35.0000          4.0000        300.8204
  253          9.0154         33.0000         36.0000          4.0000        300.8204
  254          9.0154         34.0000         36.0000          4.0000        300.8204
  255          9.0154         35.0000         36.0000          4.0000        300.8204
  256          9.0154         36.0000         36.0000          4.0000        300.8204
  241         10.0100         33.0000         33.0000          4.0000        305.5119
  242         10.0100         34.0000         33.0000          4.0000        305.5119
  243         10.0100         35.0000         33.0000          4.0000        305.5119
  244         10.0100         36.0000         33.0000          4.0000        305.5119
  245         10.0100         33.0000         34.0000          4.0000        305.5119
  246         10.0100         34.0000         34.0000          4.0000        305.5119
  247         10.0100         35.0000         34.0000          4.0000        305.5119
  248         10.0100         36.0000         34.0000          4.0000        305.5119
  249         10.0100         33.0000         35.0000          4.0000        305.5119
  250         10.0100         34.0000         35.0000          4.0000        305.5119
  251         10.0100         35.0000         35.0000          4.0000        305.5119
  252         10.0100         36.0000         35.0000          4.0000        305.5119
  253         10.0100         33.0000         36.0000          4.0000        305.5119
  254         10.0100         34.0000         36.0000          4.0000        305.5119
  255         10.0100         35.0000         36.0000          4.0000        305.5119
  256         10.0100         36.0000         36.0000          4.0000        305.5119
  241         10.0100         33.0000         33.0000          4.0000        305.5113
  242         10.0100         34.0000         33.0000          4.0000        305.5113
  243         10.0100         35.0000         33.0000          4.0000        305.5113
  244         10.0100         36.0000         33.0000          4.0000        305.5113
  245         10.0100         33.0000         34.0000          4.0000        305.5113
  246         10.0100         34.0000         34.0000          4.0000        305.5113
  247         10.0100         35.0000         34.0000          4.0000        305.5113
  248         10.0100         36.0000         34.0000          4.0000        305.5113
  249         10.0100         33.0000         35.0000          4.0000        305.5113
  250         10.0100         34.0000         35.0000          4.0000        305.5113
  251         10.0100         35.0000         35.0000          4.0000        305.5113
  252         10.0100         36.0000         35.0000          4.0000        305.5113
  253         10.0100         33.0000         36.0000          4.0000        305.5113
  254         10.0100         34.0000         36.0000          4.0000        305.5113
  255         10.0100         35.0000         36.0000          4.0000        305.5113
  256         10.0100         36.0000         36.0000          4.0000        305.5113
  241         10.0100         33.0000         33.0000          4.0000        305.5113
  242         10.0100         34.0000         33.0000          4.0000        305.5113
  243         10.0100         35.0000         33.0000          4.0000        305.5113
  244         10.0100         36.0000         33.0000          4.0000        305.5113
  245         10.0100         33.0000         34.0000          4.0000        305.5113
  246         10.0100         34.0000         34.0000          4.0000        305.5113
  247         10.0100         35.0000         34.0000          4.0000        305.5113
  248         10.0100         36.0000         34.0000          4.0000        305.5113
  249         10.0100         33.0000         35.0000          4.0000        305.5113
  250         10.0100         34.0000         35.0000          4.0000        305.5113
  251         10.0100         35.0000         35.0000          4.0000        305.5113
  252         10.0100         36.0000         35.0000          4.0000        305.5113
  253         10.0100         33.0000         36.0000          4.0000        305.5113
  254         10.0100         34.0000         36.0000          4.0000        305.5113
  255         10.0100         35.0000         36.0000          4.0000        305.5113
  256         10.0100         36.0000         36.0000          4.0000        305.5113
  241         11.0146         33.0000         33.0000          4.0000        309.8933
  242         11.0146         34.0000         33.0000          4.0000        309.8933
  243         11.0146         35.0000         33.0000          4.0000        309.8933
  244         11.0146         36.0000         33.0000          4.0000        309.8933
  245         11.0146         33.0000         34.0000          4.0000        309.8933
  246         11.0146         34.0000         34.0000          4.0000        309.8933
  247         11.0146         35.0000         34.0000          4.0000        309.8933
  248         11.0146         36.0000         34.0000          4.0000        309.8933
  249         11.0146         33.0000         35.0000          4.0000        309.8933
  250         11.0146         34.0000         35.0000          4.0000        309.8933
  251         11.0146         35.0000         35.0000          4.0000        309.8933
  252         11.0146         36.0000         35.0000          4.0000        309.8933
  253         11.0146         33.0000         36.0000          4.0000        309.8933
  254         11.0146         34.0000         36.0000          4.0000        309.8933
  255         11.0146         35.0000         36.0000          4.0000        309.8933
  256         11.0146         36.0000         36.0000          4.0000        309.8933
  241         11.0146         33.0000         33.0000          4.0000        309.8928
  242         11.0146         34.0000         33.0000          4.0000        309.8928
  243         11.0146         35.0000         33.0000          4.0000        309.8928
  244         11.0146         36.0000         33.0000          4.0000        309.8928
  245         11.0146         33.0000         34.0000          4.0000        309.8928
  246         11.0146         34.0000         34.0000          4.0000        309.8928
  247         11.0146         35.0000         34.0000          4.0000        309.8928
  248         11.0146         36.0000         34.0000          4.0000        309.8928
  249         11.0146         33.0000         35.0000          4.0000        309.8928
  250         11.0146         34.0000         35.0000          4.0000        309.8928
  251         11.0146         35.0000         35.0000          4.0000        309.8928
  252         11.0146         36.0000         35.0000          4.0000        309.8928
  253         11.0146         33.0000         36.0000          4.0000        309.8928
  254         11.0146         34.0000         36.0000          4.0000        309.8928
  255         11.0146         35.0000         36.0000          4.0000        309.8928
  256         11.0146         36.0000         36.0000          4.0000        309.8928
  241         11.0146         33.0000         33.0000          4.0000        309.8928
  242         11.0146         34.0000         33.0000          4.0000        309.8928
  243         11.0146         35.0000         33.0000          4.0000        309.8928
  244         11.0146         36.0000         33.0000          4.0000        309.8928
  245         11.0146         33.0000         34.0000          4.0000        309.8928
  246         11.0146         34.0000         34.0000          4.0000        309.8928
  247         11.0146         35.0000         34.0000          4.0000        309.8928
  248         11.0146         36.0000         34.0000          4.0000        309.8928
  249         11.0146         33.0000         35.0000          4.0000        309.8928
  250         11.0146         34.0000         35.0000          4.0000        309.8928
  251         11.0146         35.0000         35.0000          4.0000        309.8928
  252         11.0146         36.0000         35.0000          4.0000        309.8928
  253         11.0146         33.0000         36.0000          4.0000        309.8928
  254         11.0146         34.0000         36.0000          4.0000        309.8928
  255         11.0146         35.0000         36.0000          4.0000        309.8928
  256         11.0146         36.0000         36.0000          4.0000        309.8928
  241         12.0078         33.0000         33.0000          4.0000        314.2568
  242         12.0078         34.0000         33.0000          4.0000        314.2568
  243         12.0078         35.0000         33.0000          4.0000        314.2568
  244         12.0078         36.0000         33.0000          4.0000        314.2568
  245         12.0078         33.0000         34.0000          4.0000        314.2568
  246         12.0078         34.0000         34.0000          4.0000        314.2568
  247         12.0078         35.0000         34.0000          4.0000        314.2568
  248         12.0078         36.0000         34.0000          4.0000        314.2568
  249         12.0078         33.0000         35.0000          4.0000        314.2568
  250         12.0078         34.0000         35.0000          4.0000        314.2568
  251         12.0078         35.0000         35.0000          4.0000        314.2568
  252         12.0078         36.0000         35.0000          4.0000        314.2568
  253         12.0078         33.0000         36.0000          4.0000        314.2568
  254         12.0078         34.0000         36.0000          4.0000        314.2568
  255         12.0078         35.0000         36.0000          4.0000        314.2568
  256         12.0078         36.0000         36.0000          4.0000        314.2568
  241         12.0078         33.0000         33.0000          4.0000        314.2563
  242         12.0078         34.0000         33.0000          4.0000        314.2563
  243         12.0078         35.0000         33.0000          4.0000        314.2563
  244         12.0078         36.0000         33.0000          4.0000        314.2563
  245         12.0078         33.0000         34.0000          4.0000        314.2563
  246         12.0078         34.0000         34.0000          4.0000        314.2563
  247         12.0078         35.0000         34.0000          4.0000        314.2563
  248         12.0078         36.0000         34.0000          4.0000        314.2563
  249         12.0078         33.0000         35.0000          4.0000        314.2563
  250         12.0078         34.0000         35.0000          4.0000        314.2563
  251         12.0078         35.0000         35.0000          4.0000        314.2563
  252         12.0078         36.0000         35.0000          4.0000        314.2563
  253         12.0078         33.0000         36.0000          4.0000        314.2563
  254         12.0078         34.0000         36.0000          4.0000        314.2563
  255         12.0078         35.0000         36.0000          4.0000        314.2563
  256         12.0078         36.0000         36.0000          4.0000        314.2563
  241         12.0078         33.0000         33.0000          4.0000        314.2563
  242         12.0078         34.0000         33.0000          4.0000        314.2563
  243         12.0078         35.0000         33.0000          4.0000        314.2563
  244         12.0078         36.0000         33.0000          4.0000        314.2563
  245         12.0078         33.0000         34.0000          4.0000        314.2563
  246         12.0078         34.0000         34.0000          4.0000        314.2563
  247         12.0078         35.0000         34.0000          4.0000        314.2563
  248         12.0078         36.0000         34.0000          4.0000        314.2563
  249         12.0078         33.0000         35.0000          4.0000        314.2563
  250         12.0078         34.0000         35.0000          4.0000        314.2563
  251         12.0078         35.0000         35.0000          4.0000        314.2563
  252         12.0078         36.0000         35.0000          4.0000        314.2563
  253         12.0078         33.0000         36.0000          4.0000        314.2563
  254         12.0078         34.0000         36.0000          4.0000        314.2563
  255         12.0078         35.0000         36.0000          4.0000        314.2563
  256         12.0078         36.0000         36.0000          4.0000        314.2563
  241         12.0078         33.0000         33.0000          4.0000        314.2563
  242         12.0078         34.0000         33.0000          4.0000        314.2563
  243         12.0078         35.0000         33.0000          4.0000        314.2563
  244         12.0078         36.0000         33.0000          4.0000        314.2563
  245         12.0078         33.0000         34.0000          4.0000        314.2563
  246         12.0078         34.0000         34.0000          4.0000        314.2563
  247         12.0078         35.0000         34.0000          4.0000        314.2563
  248         12.0078         36.0000         34.0000          4.0000        314.2563
  249         12.0078         33.0000         35.0000          4.0000        314.2563
  250         12.0078         34.0000         35.0000          4.0000        314.2563
  251         12.0078         35.0000         35.0000          4.0000        314.2563
  252         12.0078         36.0000         35.0000          4.0000        314.2563
  253         12.0078         33.0000         36.0000          4.0000        314.2563
  254         12.0078         34.0000         36.0000          4.0000        314.2563
  255         12.0078         35.0000         36.0000          4.0000        314.2563
  256         12.0078         36.0000         36.0000          4.0000        314.2563
  241         13.0162         33.0000         33.0000          4.0000        317.1617
  242         13.0162         34.0000         33.0000          4.0000        317.1617
  243         13.0162         35.0000         33.0000          4.0000        317.1617
  244         13.0162         36.0000         33.0000          4.0000        317.1617
  245         13.0162         33.0000         34.0000          4.0000        317.1617
  246         13.0162         34.0000         34.0000          4.0000        317.1617
  247         13.0162         35.0000         34.0000          4.0000        317.1617
  248         13.0162         36.0000         34.0000          4.0000        317.1617
  249         13.0162         33.0000         35.0000          4.0000        317.1617
  250         13.0162         34.0000         35.0000          4.0000        317.1617
  251         13.0162         35.0000         35.0000          4.0000        317.1617
  252         13.0162         36.0000         35.0000          4.0000        317.1617
  253         13.0162         33.0000         36.0000          4.0000        317.1617
  254         13.0162         34.0000         36.0000          4.0000        317.1617
  255         13.0162         35.0000         36.0000          4.0000        317.1617
  256         13.0162         36.0000         36.0000          4.0000        317.1617
  241         13.0162         33.0000         33.0000          4.0000        317.1619
  242         13.0162         34.0000         33.0000          4.0000        317.1619
  243         13.0162         35.0000         33.0000          4.0000        317.1619
  244         13.0162         36.0000         33.0000          4.0000        317.1619
  245         13.0162         33.0000         34.0000          4.0000        317.1619
  246         13.0162         34.0000         34.0000          4.0000        317.1619
  247         13.0162         35.0000         34.0000          4.0000        317.1619
  248         13.0162         36.0000         34.0000          4.0000        317.1619
  249         13.0162         33.0000         35.0000          4.0000        317.1619
  250         13.0162         34.0000         35.0000          4.0000        317.1619
  251         13.0162         35.0000         35.0000          4.0000        317.1619
  252         13.0162         36.0000         35.0000          4.0000        317.1619
  253         13.0162         33.0000         36.0000          4.0000        317.1619
  254         13.0162         34.0000         36.0000          4.0000        317.1619
  255         13.0162         35.0000         36.0000          4.0000        317.1619
  256         13.0162         36.0000         36.0000          4.0000        317.1619
  241         14.0010         33.0000         33.0000          4.0000        317.5461
  242         14.0010         34.0000         33.0000          4.0000        317.5461
  243         14.0010         35.0000         33.0000          4.0000        317.5461
  244         14.0010         36.0000         33.0000          4.0000        317.5461
  245         14.0010         33.0000         34.0000          4.0000        317.5461
  246         14.0010         34.0000         34.0000          4.0000        317.5461
  247         14.0010         35.0000         34.0000          4.0000        317.5461
  248         14.0010         36.0000         34.0000          4.0000        317.5461
  249         14.0010         33.0000         35.0000          4.0000        317.5461
  250         14.0010         34.0000         35.0000          4.0000        317.5461
  251         14.0010         35.0000         35.0000          4.0000        317.5461
  252         14.0010         36.0000         35.0000          4.0000        317.5461
  253         14.0010         33.0000         36.0000          4.0000        317.5461
  254         14.0010         34.0000         36.0000          4.0000        317.5461
  255         14.0010         35.0000         36.0000          4.0000        317.5461
  256         14.0010         36.0000         36.0000          4.0000        317.5461
  241         14.0010         33.0000         33.0000          4.0000        317.5435
  242         14.0010         34.0000         33.0000          4.0000        317.5435
  243         14.0010         35.0000         33.0000          4.0000        317.5435
  244         14.0010         36.0000         33.0000          4.0000        317.5435
  245         14.0010         33.0000         34.0000          4.0000        317.5435
  246         14.0010         34.0000         34.0000          4.0000        317.5435
  247         14.0010         35.0000         34.0000          4.0000        317.5435
  248         14.0010         36.0000         34.0000          4.0000        317.5435
  249         14.0010         33.0000         35.0000          4.0000        317.5435
  250         14.0010         34.0000         35.0000          4.0000        317.5435
  251         14.0010         35.0000         35.0000          4.0000        317.5435
  252         14.0010         36.0000         35.0000          4.0000        317.5435
  253         14.0010         33.0000         36.0000          4.0000        317.5435
  254         14.0010         34.0000         36.0000          4.0000        317.5435
  255         14.0010         35.0000         36.0000          4.0000        317.5435
  256         14.0010         36.0000         36.0000          4.0000        317.5435
  241         14.0010         33.0000         33.0000          4.0000        317.5435
  242         14.0010         34.0000         33.0000          4.0000        317.5435
  243         14.0010         35.0000         33.0000          4.0000        317.5435
  244         14.0010         36.0000         33.0000          4.0000        317.5435
  245         14.0010         33.0000         34.0000          4.0000        317.5435
  246         14.0010         34.0000         34.0000          4.0000        317.5435
  247         14.0010         35.0000         34.0000          4.0000        317.5435
  248         14.0010         36.0000         34.0000          4.0000        317.5435
  249         14.0010         33.0000         35.0000          4.0000        317.5435
  250         14.0010         34.0000         35.0000          4.0000        317.5435
  251         14.0010         35.0000         35.0000          4.0000        317.5435
  252         14.0010         36.0000         35.0000          4.0000        317.5435
  253         14.0010         33.0000         36.0000          4.0000        317.5435
  254         14.0010         34.0000         36.0000          4.0000        317.5435
  255         14.0010         35.0000         36.0000          4.0000        317.5435
  256         14.0010         36.0000         36.0000          4.0000        317.5435
  241         15.0012         33.0000         33.0000          4.0000        319.4359
  242         15.0012         34.0000         33.0000          4.0000        319.4359
  243         15.0012         35.0000         33.0000          4.0000        319.4359
  244         15.0012         36.0000         33.0000          4.0000        319.4359
  245         15.0012         33.0000         34.0000          4.0000        319.4359
  246         15.0012         34.0000         34.0000          4.0000        319.4359
  247         15.0012         35.0000         34.0000          4.0000        319.4359
  248         15.0012         36.0000         34.0000          4.0000        319.4359
  249         15.0012         33.0000         35.0000          4.0000        319.4359
  250         15.0012         34.0000         35.0000          4.0000        319.4359
  251         15.0012         35.0000         35.0000          4.0000        319.4359
  252         15.0012         36.0000         35.0000          4.0000        319.4359
  253         15.0012         33.0000         36.0000          4.0000        319.4359
  254         15.0012         34.0000         36.0000          4.0000        319.4359
  255         15.0012         35.0000         36.0000          4.0000        319.4359
  256         15.0012         36.0000         36.0000          4.0000        319.4359
  241         15.0012         33.0000         33.0000          4.0000        319.4535
  242         15.0012         34.0000         33.0000          4.0000        319.4535
  243         15.0012         35.0000         33.0000          4.0000        319.4535
  244         15.0012         36.0000         33.0000          4.0000        319.4535
  245         15.0012         33.0000         34.0000          4.0000        319.4535
  246         15.0012         34.0000         34.0000          4.0000        319.4535
  247         15.0012         35.0000         34.0000          4.0000        319.4535
  248         15.0012         36.0000         34.0000          4.0000        319.4535
  249         15.0012         33.0000         35.0000          4.0000        319.4535
  250         15.0012         34.0000         35.0000          4.0000        319.4535
  251         15.0012         35.0000         35.0000          4.0000        319.4535
  252         15.0012         36.0000         35.0000          4.0000        319.4535
  253         15.0012         33.0000         36.0000          4.0000        319.4535
  254         15.0012         34.0000         36.0000          4.0000        319.4535
  255         15.0012         35.0000         36.0000          4.0000        319.4535
  256         15.0012         36.0000         36.0000          4.0000        319.4535
  241         15.0012         33.0000         33.0000          4.0000        319.4531
  242         15.0012         34.0000         33.0000          4.0000        319.4531
  243         15.0012         35.0000         33.0000          4.0000        319.4531
  244         15.0012         36.0000         33.0000          4.0000        319.4531
  245         15.0012         33.0000         34.0000          4.0000        319.4531
  246         15.0012         34.0000         34.0000          4.0000        319.4531
  247         15.0012         35.0000         34.0000          4.0000        319.4531
  248         15.0012         36.0000         34.0000          4.0000        319.4531
  249         15.0012         33.0000         35.0000          4.0000        319.4531
  250         15.0012         34.0000         35.0000          4.0000        319.4531
  251         15.0012         35.0000         35.0000          4.0000        319.4531
  252         15.0012         36.0000         35.0000          4.0000        319.4531
  253         15.0012         33.0000         36.0000          4.0000        319.4531
  254         15.0012         34.0000         36.0000          4.0000        319.4531
  255         15.0012         35.0000         36.0000          4.0000        319.4531
  256         15.0012         36.0000         36.0000          4.0000        319.4531
  241         16.0025         33.0000         33.0000          4.0000        318.3799
  242         16.0025         34.0000         33.0000          4.0000        318.3799
  243         16.0025         35.0000         33.0000          4.0000        318.3799
  244         16.0025         36.0000         33.0000          4.0000        318.3799
  245         16.0025         33.0000         34.0000          4.0000        318.3799
  246         16.0025         34.0000         34.0000          4.0000        318.3799
  247         16.0025         35.0000         34.0000          4.0000        318.3799
  248         16.0025         36.0000         34.0000          4.0000        318.3799
  249         16.0025         33.0000         35.0000          4.0000        318.3799
  250         16.0025         34.0000         35.0000          4.0000        318.3799
  251         16.0025         35.0000         35.0000          4.0000        318.3799
  252         16.0025         36.0000         35.0000          4.0000        318.3799
  253         16.0025         33.0000         36.0000          4.0000        318.3799
  254         16.0025         34.0000         36.0000          4.0000        318.3799
  255         16.0025         35.0000         36.0000          4.0000        318.3799
  256         16.0025         36.0000         36.0000          4.0000        318.3799
  241         16.0025         33.0000         33.0000          4.0000        318.3801
  242         16.0025         34.0000         33.0000          4.0000        318.3801
  243         16.0025         35.0000         33.0000          4.0000        318.3801
  244         16.0025         36.0000         33.0000          4.0000        318.3801
  245         16.0025         33.0000         34.0000          4.0000        318.3801
  246         16.0025         34.0000         34.0000          4.0000        318.3801
  247         16.0025         35.0000         34.0000          4.0000        318.3801
  248         16.0025         36.0000         34.0000          4.0000        318.3801
  249         16.0025         33.0000         35.0000          4.0000        318.3801
  250         16.0025         34.0000         35.0000          4.0000        318.3801
  251         16.0025         35.0000         35.0000          4.0000        318.3801
  252         16.0025         36.0000         35.0000          4.0000        318.3801
  253         16.0025         33.0000         36.0000          4.0000        318.3801
  254         16.0025         34.0000         36.0000          4.0000        318.3801
  255         16.0025         35.0000         36.0000          4.0000        318.3801
  256         16.0025         36.0000         36.0000          4.0000        318.3801
  241         16.0025         33.0000         33.0000          4.0000        318.3801
  242         16.0025         34.0000         33.0000          4.0000        318.3801
  243         16.0025         35.0000         33.0000          4.0000        318.3801
  244         16.0025         36.0000         33.0000          4.0000        318.3801
  245         16.0025         33.0000         34.0000          4.0000        318.3801
  246         16.0025         34.0000         34.0000          4.0000        318.3801
  247         16.0025         35.0000         34.0000          4.0000        318.3801
  248         16.0025         36.0000         34.0000          4.0000        318.3801
  249         16.0025         33.0000         35.0000          4.0000        318.3801
  250         16.0025         34.0000         35.0000          4.0000        318.3801
  251         16.0025         35.0000         35.0000          4.0000        318.3801
  252         16.0025         36.0000         35.0000          4.0000        318.3801
  253         16.0025         33.0000         36.0000          4.0000        318.3801
  254         16.0025         34.0000         36.0000          4.0000        318.3801
  255         16.0025         35.0000         36.0000          4.0000        318.3801
  256         16.0025         36.0000         36.0000          4.0000        318.3801
  241         17.0138         33.0000         33.0000          4.0000        315.0450
  242         17.0138         34.0000         33.0000          4.0000        315.0450
  243         17.0138         35.0000         33.0000          4.0000        315.0450
  244         17.0138         36.0000         33.0000          4.0000        315.0450
  245         17.0138         33.0000         34.0000          4.0000        315.0450
  246         17.0138         34.0000         34.0000          4.0000        315.0450
  247         17.0138         35.0000         34.0000          4.0000        315.0450
  248         17.0138         36.0000         34.0000          4.0000        315.0450
  249         17.0138         33.0000         35.0000          4.0000        315.0450
  250         17.0138         34.0000         35.0000          4.0000        315.0450
  251         17.0138         35.0000         35.0000          4.0000        315.0450
  252         17.0138         36.0000         35.0000          4.0000        315.0450
  253         17.0138         33.0000         36.0000          4.0000        315.0450
  254         17.0138         34.0000         36.0000          4.0000        315.0450
  255         17.0138         35.0000         36.0000          4.0000        315.0450
  256         17.0138         36.0000         36.0000          4.0000        315.0450
  241         17.0138         33.0000         33.0000          4.0000        315.0429
  242         17.0138         34.0000         33.0000          4.0000        315.0429
  243         17.0138         35.0000         33.0000          4.0000        315.0429
  244         17.0138         36.0000         33.0000          4.0000        315.0429
  245         17.0138         33.0000         34.0000          4.0000        315.0429
  246         17.0138         34.0000         34.0000          4.0000        315.0429
  247         17.0138         35.0000         34.0000          4.0000        315.0429
  248         17.0138         36.0000         34.0000          4.0000        315.0429
  249         17.0138         33.0000         35.0000          4.0000        315.0429
  250         17.0138         34.0000         35.0000          4.0000        315.0429
  251         17.0138         35.0000         35.0000          4.0000        315.0429
  252         17.0138         36.0000         35.0000          4.0000        315.0429
  253         17.0138         33.0000         36.0000          4.0000        315.0429
  254         17.0138         34.0000         36.0000          4.0000        315.0429
  255         17.0138         35.0000         36.0000          4.0000        315.0429
  256         17.0138         36.0000         36.0000          4.0000        315.0429
  241         17.0138         33.0000         33.0000          4.0000        315.0429
  242         17.0138         34.0000         33.0000          4.0000        315.0429
  243         17.0138         35.0000         33.0000          4.0000        315.0429
  244         17.0138         36.0000         33.0000          4.0000        315.0429
  245         17.0138         33.0000         34.0000          4.0000        315.0429
  246         17.0138         34.0000         34.0000          4.0000        315.0429
  247         17.0138         35.0000         34.0000          4.0000        315.0429
  248         17.0138         36.0000         34.0000          4.0000        315.0429
  249         17.0138         33.0000         35.0000          4.0000        315.0429
  250         17.0138         34.0000         35.0000          4.0000        315.0429
  251         17.0138         35.0000         35.0000          4.0000        315.0429
  252         17.0138         36.0000         35.0000          4.0000        315.0429
  253         17.0138         33.0000         36.0000          4.0000        315.0429
  254         17.0138         34.0000         36.0000          4.0000        315.0429
  255         17.0138         35.0000         36.0000          4.0000        315.0429
  256         17.0138         36.0000         36.0000          4.0000        315.0429
  241         18.0179         33.0000         33.0000          4.0000        310.9678
  242         18.0179         34.0000         33.0000          4.0000        310.9678
  243         18.0179         35.0000         33.0000          4.0000        310.9678
  244         18.0179         36.0000         33.0000          4.0000        310.9678
  245         18.0179         33.0000         34.0000          4.0000        310.9678
  246         18.0179         34.0000         34.0000          4.0000        310.9678
  247         18.0179         35.0000         34.0000          4.0000        310.9678
  248         18.0179         36.0000         34.0000          4.0000        310.9678
  249         18.0179         33.0000         35.0000          4.0000        310.9678
  250         18.0179         34.0000         35.0000          4.0000        310.9678
  251         18.0179         35.0000         35.0000          4.0000        310.9678
  252         18.0179         36.0000         35.0000          4.0000        310.9678
  253         18.0179         33.0000         36.0000          4.0000        310.9678
  254         18.0179         34.0000         36.0000          4.0000        310.9678
  255         18.0179         35.0000         36.0000          4.0000        310.9678
  256         18.0179         36.0000         36.0000          4.0000        310.9678
  241         18.0179         33.0000         33.0000          4.0000        310.9687
  242         18.0179         34.0000         33.0000          4.0000        310.9687
  243         18.0179         35.0000         33.0000          4.0000        310.9687
  244         18.0179         36.0000         33.0000          4.0000        310.9687
  245         18.0179         33.0000         34.0000          4.0000        310.9687
  246         18.0179         34.0000         34.0000          4.0000        310.9687
  247         18.0179         35.0000         34.0000          4.0000        310.9687
  248         18.0179         36.0000         34.0000          4.0000        310.9687
  249         18.0179         33.0000         35.0000          4.0000        310.9687
  250         18.0179         34.0000         35.0000          4.0000        310.9687
  251         18.0179         35.0000         35.0000          4.0000        310.9687
  252         18.0179         36.0000         35.0000          4.0000        310.9687
  253         18.0179         33.0000         36.0000          4.0000        310.9687
  254         18.0179         34.0000         36.0000          4.0000        310.9687
  255         18.0179         35.0000         36.0000          4.0000        310.9687
  256         18.0179         36.0000         36.0000          4.0000        310.9687
  241         18.0179         33.0000         33.0000          4.0000        310.9687
  242         18.0179         34.0000         33.0000          4.0000        310.9687
  243         18.0179         35.0000         33.0000          4.0000        310.9687
  244         18.0179         36.0000         33.0000          4.0000        310.9687
  245         18.0179         33.0000         34.0000          4.0000        310.9687
  246         18.0179         34.0000         34.0000          4.0000        310.9687
  247         18.0179         35.0000         34.0000          4.0000        310.9687
  248         18.0179         36.0000         34.0000          4.0000        310.9687
  249         18.0179         33.0000         35.0000          4.0000        310.9687
  250         18.0179         34.0000         35.0000          4.0000        310.9687
  251         18.0179         35.0000         35.0000          4.0000        310.9687
  252         18.0179         36.0000         35.0000          4.0000        310.9687
  253         18.0179         33.0000         36.0000          4.0000        310.9687
  254         18.0179         34.0000         36.0000          4.0000        310.9687
  255         18.0179         35.0000         36.0000          4.0000        310.9687
  256         18.0179         36.0000         36.0000          4.0000        310.9687
  241         19.0133         33.0000         33.0000          4.0000        307.3882
  242         19.0133         34.0000         33.0000          4.0000        307.3882
  243         19.0133         35.0000         33.0000          4.0000        307.3882
  244         19.0133         36.0000         33.0000          4.0000        307.3882
  245         19.0133         33.0000         34.0000          4.0000        307.3882
  246         19.0133         34.0000         34.0000          4.0000        307.3882
  247         19.0133         35.0000         34.0000          4.0000        307.3882
  248         19.0133         36.0000         34.0000          4.0000        307.3882
  249         19.0133         33.0000         35.0000          4.0000        307.3882
  250         19.0133         34.0000         35.0000          4.0000        307.3882
  251         19.0133         35.0000         35.0000          4.0000        307.3882
  252         19.0133         36.0000         35.0000          4.0000        307.3882
  253         19.0133         33.0000         36.0000          4.0000        307.3882
  254         19.0133         34.0000         36.0000          4.0000        307.3882
  255         19.0133         35.0000         36.0000          4.0000        307.3882
  256         19.0133         36.0000         36.0000          4.0000        307.3882
  241         19.0133         33.0000         33.0000          4.0000        307.3882
  242         19.0133         34.0000         33.0000          4.0000        307.3882
  243         19.0133         35.0000         33.0000          4.0000        307.3882
  244         19.0133         36.0000         33.0000          4.0000        307.3882
  245         19.0133         33.0000         34.0000          4.0000        307.3882
  246         19.0133         34.0000         34.0000          4.0000        307.3882
  247         19.0133         35.0000         34.0000          4.0000        307.3882
  248         19.0133         36.0000         34.0000          4.0000        307.3882
  249         19.0133         33.0000         35.0000          4.0000        307.3882
  250         19.0133         34.0000         35.0000          4.0000        307.3882
  251         19.0133         35.0000         35.0000          4.0000        307.3882
  252         19.0133         36.0000         35.0000          4.0000        307.3882
  253         19.0133         33.0000         36.0000          4.0000        307.3882
  254         19.0133         34.0000         36.0000          4.0000        307.3882
  255         19.0133         35.0000         36.0000          4.0000        307.3882
  256         19.0133         36.0000         36.0000          4.0000        307.3882
  241         20.0143         33.0000         33.0000          4.0000        304.8816
  242         20.0143         34.0000         33.0000          4.0000        304.8816
  243         20.0143         35.0000         33.0000          4.0000        304.8816
  244         20.0143         36.0000         33.0000          4.0000        304.8816
  245         20.0143         33.0000         34.0000          4.0000        304.8816
  246         20.0143         34.0000         34.0000          4.0000        304.8816
  247         20.0143         35.0000         34.0000          4.0000        304.8816
  248         20.0143         36.0000         34.0000          4.0000        304.8816
  249         20.0143         33.0000         35.0000          4.0000        304.8816
  250         20.0143         34.0000         35.0000          4.0000        304.8816
  251         20.0143         35.0000         35.0000          4.0000        304.8816
  252         20.0143         36.0000         35.0000          4.0000        304.8816
  253         20.0143         33.0000         36.0000          4.0000        304.8816
  254         20.0143         34.0000         36.0000          4.0000        304.8816
  255         20.0143         35.0000         36.0000          4.0000        304.8816
  256         20.0143         36.0000         36.0000          4.0000        304.8816
  241         20.0143         33.0000         33.0000          4.0000        304.8818
  242         20.0143         34.0000         33.0000          4.0000        304.8818
  243         20.0143         35.0000         33.0000          4.0000        304.8818
  244         20.0143         36.0000         33.0000          4.0000        304.8818
  245         20.0143         33.0000         34.0000          4.0000        304.8818
  246         20.0143         34.0000         34.0000          4.0000        304.8818
  247         20.0143         35.0000         34.0000          4.0000        304.8818
  248         20.0143         36.0000         34.0000          4.0000        304.8818
  249         20.0143         33.0000         35.0000          4.0000        304.8818
  250         20.0143         34.0000         35.0000          4.0000        304.8818
  251         20.0143         35.0000         35.0000          4.0000        304.8818
  252         20.0143         36.0000         35.0000          4.0000        304.8818
  253         20.0143         33.0000         36.0000          4.0000        304.8818
  254         20.0143         34.0000         36.0000          4.0000        304.8818
  255         20.0143         35.0000         36.0000          4.0000        304.8818
  256         20.0143         36.0000         36.0000          4.0000        304.8818
  241         21.0154         33.0000         33.0000          4.0000        303.1801
  242         21.0154         34.0000         33.0000          4.0000        303.1801
  243         21.0154         35.0000         33.0000          4.0000        303.1801
  244         21.0154         36.0000         33.0000          4.0000        303.1801
  245         21.0154         33.0000         34.0000          4.0000        303.1801
  246         21.0154         34.0000         34.0000          4.0000        303.1801
  247         21.0154         35.0000         34.0000          4.0000        303.1801
  248         21.0154         36.0000         34.0000          4.0000        303.1801
  249         21.0154         33.0000         35.0000          4.0000        303.1801
  250         21.0154         34.0000         35.0000          4.0000        303.1801
  251         21.0154         35.0000         35.0000          4.0000        303.1801
  252         21.0154         36.0000         35.0000          4.0000        303.1801
  253         21.0154         33.0000         36.0000          4.0000        303.1801
  254         21.0154         34.0000         36.0000          4.0000        303.1801
  255         21.0154         35.0000         36.0000          4.0000        303.1801
  256         21.0154         36.0000         36.0000          4.0000        303.1801
  241         21.0154         33.0000         33.0000          4.0000        303.1800
  242         21.0154         34.0000         33.0000          4.0000        303.1800
  243         21.0154         35.0000         33.0000          4.0000        303.1800
  244         21.0154         36.0000         33.0000          4.0000        303.1800
  245         21.0154         33.0000         34.0000          4.0000        303.1800
  246         21.0154         34.0000         34.0000          4.0000        303.1800
  247         21.0154         35.0000         34.0000          4.0000        303.1800
  248         21.0154         36.0000         34.0000          4.0000        303.1800
  249         21.0154         33.0000         35.0000          4.0000        303.1800
  250         21.0154         34.0000         35.0000          4.0000        303.1800
  251         21.0154         35.0000         35.0000          4.0000        303.1800
  252         21.0154         36.0000         35.0000          4.0000        303.1800
  253         21.0154         33.0000         36.0000          4.0000        303.1800
  254         21.0154         34.0000         36.0000          4.0000        303.1800
  255         21.0154         35.0000         36.0000          4.0000        303.1800
  256         21.0154         36.0000         36.0000          4.0000        303.1800
  241         22.0091         33.0000         33.0000          4.0000        301.7755
  242         22.0091         34.0000         33.0000          4.0000        301.7755
  243         22.0091         35.0000         33.0000          4.0000        301.7755
  244         22.0091         36.0000         33.0000          4.0000        301.7755
  245         22.0091         33.0000         34.0000          4.0000        301.7755
  246         22.0091         34.0000         34.0000          4.0000        301.7755
  247         22.0091         35.0000         34.0000          4.0000        301.7755
  248         22.0091         36.0000         34.0000          4.0000        301.7755
  249         22.0091         33.0000         35.0000          4.0000        301.7755
  250         22.0091         34.0000         35.0000          4.0000        301.7755
  251         22.0091         35.0000         35.0000          4.0000        301.7755
  252         22.0091         36.0000         35.0000          4.0000        301.7755
  253         22.0091         33.0000         36.0000          4.0000        301.7755
  254         22.0091         34.0000         36.0000          4.0000        301.7755
  255         22.0091         35.0000         36.0000          4.0000        301.7755
  256         22.0091         36.0000         36.0000          4.0000        301.7755
  241         22.0091         33.0000         33.0000          4.0000        301.7756
  242         22.0091         34.0000         33.0000          4.0000        301.7756
  243         22.0091         35.0000         33.0000          4.0000        301.7756
  244         22.0091         36.0000         33.0000          4.0000        301.7756
  245         22.0091         33.0000         34.0000          4.0000        301.7756
  246         22.0091         34.0000         34.0000          4.0000        301.7756
  247         22.0091         35.0000         34.0000          4.0000        301.7756
  248         22.0091         36.0000         34.0000          4.0000        301.7756
  249         22.0091         33.0000         35.0000          4.0000        301.7756
  250         22.0091         34.0000         35.0000          4.0000        301.7756
  251         22.0091         35.0000         35.0000          4.0000        301.7756
  252         22.0091         36.0000         35.0000          4.0000        301.7756
  253         22.0091         33.0000         36.0000          4.0000        301.7756
  254         22.0091         34.0000         36.0000          4.0000        301.7756
  255         22.0091         35.0000         36.0000          4.0000        301.7756
  256         22.0091         36.0000         36.0000          4.0000        301.7756
  241         23.0248         33.0000         33.0000          4.0000        300.7346
  242         23.0248         34.0000         33.0000          4.0000        300.7346
  243         23.0248         35.0000         33.0000          4.0000        300.7346
  244         23.0248         36.0000         33.0000          4.0000        300.7346
  245         23.0248         33.0000         34.0000          4.0000        300.7346
  246         23.0248         34.0000         34.0000          4.0000        300.7346
  247         23.0248         35.0000         34.0000          4.0000        300.7346
  248         23.0248         36.0000         34.0000          4.0000        300.7346
  249         23.0248         33.0000         35.0000          4.0000        300.7346
  250         23.0248         34.0000         35.0000          4.0000        300.7346
  251         23.0248         35.0000         35.0000          4.0000        300.7346
  252         23.0248         36.0000         35.0000          4.0000        300.7346
  253         23.0248         33.0000         36.0000          4.0000        300.7346
  254         23.0248         34.0000         36.0000          4.0000        300.7346
  255         23.0248         35.0000         36.0000          4.0000        300.7346
  256         23.0248         36.0000         36.0000          4.0000        300.7346
  241         23.0248         33.0000         33.0000          4.0000        300.7349
  242         23.0248         34.0000         33.0000          4.0000        300.7349
  243         23.0248         35.0000         33.0000          4.0000        300.7349
  244         23.0248         36.0000         33.0000          4.0000        300.7349
  245         23.0248         33.0000         34.0000          4.0000        300.7349
  246         23.0248         34.0000         34.0000          4.0000        300.7349
  247         23.0248         35.0000         34.0000          4.0000        300.7349
  248         23.0248         36.0000         34.0000          4.0000        300.7349
  249         23.0248         33.0000         35.0000          4.0000        300.7349
  250         23.0248         34.0000         35.0000          4.0000        300.7349
  251         23.0248         35.0000         35.0000          4.0000        300.7349
  252         23.0248         36.0000         35.0000          4.0000        300.7349
  253         23.0248         33.0000         36.0000          4.0000        300.7349
  254         23.0248         34.0000         36.0000          4.0000        300.7349
  255         23.0248         35.0000         36.0000          4.0000        300.7349
  256         23.0248         36.0000         36.0000          4.0000        300.7349
