  305          1.0064         32.0000         33.0000          1.0000        304.0266
  309          1.0064         32.0000         33.0000          2.0000        303.9913
  313          1.0064         32.0000         33.0000          3.0000        303.9625
  317          1.0064         32.0000         33.0000          4.0000        303.9474
  305          1.0064         32.0000         33.0000          1.0000        304.0264
  309          1.0064         32.0000         33.0000          2.0000        303.9909
  313          1.0064         32.0000         33.0000          3.0000        303.9620
  317          1.0064         32.0000         33.0000          4.0000        303.9469
  305          2.0400         32.0000         33.0000          1.0000        303.5243
  309          2.0400         32.0000         33.0000          2.0000        303.4829
  313          2.0400         32.0000         33.0000          3.0000        303.4506
  317          2.0400         32.0000         33.0000          4.0000        303.4310
  305          2.0400         32.0000         33.0000          1.0000        303.5235
  309          2.0400         32.0000         33.0000          2.0000        303.4819
  313          2.0400         32.0000         33.0000          3.0000        303.4496
  317          2.0400         32.0000         33.0000          4.0000        303.4300
  305          3.0193         32.0000         33.0000          1.0000        303.1801
  309          3.0193         32.0000         33.0000          2.0000        303.1307
  313          3.0193         32.0000         33.0000          3.0000        303.0950
  317          3.0193         32.0000         33.0000          4.0000        303.0727
  305          3.0193         32.0000         33.0000          1.0000        303.1799
  309          3.0193         32.0000         33.0000          2.0000        303.1303
  313          3.0193         32.0000         33.0000          3.0000        303.0945
  317          3.0193         32.0000         33.0000          4.0000        303.0722
  305          4.0393         32.0000         33.0000          1.0000        302.8128
  309          4.0393         32.0000         33.0000          2.0000        302.7561
  313          4.0393         32.0000         33.0000          3.0000        302.7171
  317          4.0393         32.0000         33.0000          4.0000        302.6919
  305          4.0393         32.0000         33.0000          1.0000        302.8125
  309          4.0393         32.0000         33.0000          2.0000        302.7556
  313          4.0393         32.0000         33.0000          3.0000        302.7165
  317          4.0393         32.0000         33.0000          4.0000        302.6913
  305          5.0185         32.0000         33.0000          1.0000        302.4416
  309          5.0185         32.0000         33.0000          2.0000        302.3780
  313          5.0185         32.0000         33.0000          3.0000        302.3356
  317          5.0185         32.0000         33.0000          4.0000        302.3071
  305          5.0185         32.0000         33.0000          1.0000        302.4416
  309          5.0185         32.0000         33.0000          2.0000        302.3777
  313          5.0185         32.0000         33.0000          3.0000        302.3352
  317          5.0185         32.0000         33.0000          4.0000        302.3067
  305          6.0385         32.0000         33.0000          1.0000        302.1338
  309          6.0385         32.0000         33.0000          2.0000        302.0671
  313          6.0385         32.0000         33.0000          3.0000        302.0239
  317          6.0385         32.0000         33.0000          4.0000        301.9947
  305          6.0385         32.0000         33.0000          1.0000        302.1337
  309          6.0385         32.0000         33.0000          2.0000        302.0667
  313          6.0385         32.0000         33.0000          3.0000        302.0235
  317          6.0385         32.0000         33.0000          4.0000        301.9942
  305          7.0463         32.0000         33.0000          1.0000        301.8292
  309          7.0463         32.0000         33.0000          2.0000        301.7593
  313          7.0463         32.0000         33.0000          3.0000        301.7153
  317          7.0463         32.0000         33.0000          4.0000        301.6851
  305          7.0463         32.0000         33.0000          1.0000        301.8328
  309          7.0463         32.0000         33.0000          2.0000        301.7628
  313          7.0463         32.0000         33.0000          3.0000        301.7186
  317          7.0463         32.0000         33.0000          4.0000        301.6882
  305          8.0010         32.0000         33.0000          1.0000        301.9910
  309          8.0010         32.0000         33.0000          2.0000        301.9389
  313          8.0010         32.0000         33.0000          3.0000        301.9094
  317          8.0010         32.0000         33.0000          4.0000        301.8922
  305          8.0010         32.0000         33.0000          1.0000        301.9962
  309          8.0010         32.0000         33.0000          2.0000        301.9440
  313          8.0010         32.0000         33.0000          3.0000        301.9142
  317          8.0010         32.0000         33.0000          4.0000        301.8968
  305          8.0010         32.0000         33.0000          1.0000        301.9965
  309          8.0010         32.0000         33.0000          2.0000        301.9442
  313          8.0010         32.0000         33.0000          3.0000        301.9144
  317          8.0010         32.0000         33.0000          4.0000        301.8970
  305          9.0154         32.0000         33.0000          1.0000        303.9190
  309          9.0154         32.0000         33.0000          2.0000        303.9860
  313          9.0154         32.0000         33.0000          3.0000        304.0382
  317          9.0154         32.0000         33.0000          4.0000        304.0870
  305          9.0154         32.0000         33.0000          1.0000        303.9290
  309          9.0154         32.0000         33.0000          2.0000        303.9967
  313          9.0154         32.0000         33.0000          3.0000        304.0489
  317          9.0154         32.0000         33.0000          4.0000        304.0975
  305          9.0154         32.0000         33.0000          1.0000        303.9294
  309          9.0154         32.0000         33.0000          2.0000        303.9969
  313          9.0154         32.0000         33.0000          3.0000        304.0490
  317          9.0154         32.0000         33.0000          4.0000        304.0975
  305         10.0100         32.0000         33.0000          1.0000        306.0665
  309         10.0100         32.0000         33.0000          2.0000        306.2935
  313         10.0100         32.0000         33.0000          3.0000        306.4511
  317         10.0100         32.0000         33.0000          4.0000        306.5761
  305         10.0100         32.0000         33.0000          1.0000        306.0749
  309         10.0100         32.0000         33.0000          2.0000        306.3023
  313         10.0100         32.0000         33.0000          3.0000        306.4599
  317         10.0100         32.0000         33.0000          4.0000        306.5846
  305         10.0100         32.0000         33.0000          1.0000        306.0756
  309         10.0100         32.0000         33.0000          2.0000        306.3028
  313         10.0100         32.0000         33.0000          3.0000        306.4602
  317         10.0100         32.0000         33.0000          4.0000        306.5849
  305         11.0146         32.0000         33.0000          1.0000        308.5383
  309         11.0146         32.0000         33.0000          2.0000        308.9248
  313         11.0146         32.0000         33.0000          3.0000        309.1752
  317         11.0146         32.0000         33.0000          4.0000        309.3641
  305         11.0146         32.0000         33.0000          1.0000        308.5440
  309         11.0146         32.0000         33.0000          2.0000        308.9312
  313         11.0146         32.0000         33.0000          3.0000        309.1817
  317         11.0146         32.0000         33.0000          4.0000        309.3705
  305         11.0146         32.0000         33.0000          1.0000        308.5446
  309         11.0146         32.0000         33.0000          2.0000        308.9316
  313         11.0146         32.0000         33.0000          3.0000        309.1820
  317         11.0146         32.0000         33.0000          4.0000        309.3708
  305         12.0078         32.0000         33.0000          1.0000        312.8752
  309         12.0078         32.0000         33.0000          2.0000        313.3440
  313         12.0078         32.0000         33.0000          3.0000        313.6168
  317         12.0078         32.0000         33.0000          4.0000        313.8059
  305         12.0078         32.0000         33.0000          1.0000        313.1483
  309         12.0078         32.0000         33.0000          2.0000        313.4398
  313         12.0078         32.0000         33.0000          3.0000        313.6358
  317         12.0078         32.0000         33.0000          4.0000        313.7916
  305         12.0078         32.0000         33.0000          1.0000        313.1579
  309         12.0078         32.0000         33.0000          2.0000        313.4445
  313         12.0078         32.0000         33.0000          3.0000        313.6383
  317         12.0078         32.0000         33.0000          4.0000        313.7930
  305         12.0078         32.0000         33.0000          1.0000        313.1588
  309         12.0078         32.0000         33.0000          2.0000        313.4448
  313         12.0078         32.0000         33.0000          3.0000        313.6385
  317         12.0078         32.0000         33.0000          4.0000        313.7931
  305         13.0162         32.0000         33.0000          1.0000        312.9172
  309         13.0162         32.0000         33.0000          2.0000        313.2886
  313         13.0162         32.0000         33.0000          3.0000        313.5077
  317         13.0162         32.0000         33.0000          4.0000        313.6631
  305         13.0162         32.0000         33.0000          1.0000        312.9154
  309         13.0162         32.0000         33.0000          2.0000        313.2860
  313         13.0162         32.0000         33.0000          3.0000        313.5049
  317         13.0162         32.0000         33.0000          4.0000        313.6603
  305         14.0010         32.0000         33.0000          1.0000        313.3097
  309         14.0010         32.0000         33.0000          2.0000        313.6675
  313         14.0010         32.0000         33.0000          3.0000        313.9071
  317         14.0010         32.0000         33.0000          4.0000        314.0996
  305         14.0010         32.0000         33.0000          1.0000        313.3500
  309         14.0010         32.0000         33.0000          2.0000        313.7091
  313         14.0010         32.0000         33.0000          3.0000        313.9478
  317         14.0010         32.0000         33.0000          4.0000        314.1385
  305         14.0010         32.0000         33.0000          1.0000        313.3528
  309         14.0010         32.0000         33.0000          2.0000        313.7113
  313         14.0010         32.0000         33.0000          3.0000        313.9496
  317         14.0010         32.0000         33.0000          4.0000        314.1401
  305         15.0012         32.0000         33.0000          1.0000        316.2921
  309         15.0012         32.0000         33.0000          2.0000        316.5648
  313         15.0012         32.0000         33.0000          3.0000        316.7287
  317         15.0012         32.0000         33.0000          4.0000        316.8484
  305         15.0012         32.0000         33.0000          1.0000        316.2428
  309         15.0012         32.0000         33.0000          2.0000        316.5119
  313         15.0012         32.0000         33.0000          3.0000        316.6765
  317         15.0012         32.0000         33.0000          4.0000        316.7984
  305         15.0012         32.0000         33.0000          1.0000        316.2418
  309         15.0012         32.0000         33.0000          2.0000        316.5114
  313         15.0012         32.0000         33.0000          3.0000        316.6763
  317         15.0012         32.0000         33.0000          4.0000        316.7983
  305         16.0025         32.0000         33.0000          1.0000        317.4109
  309         16.0025         32.0000         33.0000          2.0000        317.6255
  313         16.0025         32.0000         33.0000          3.0000        317.7595
  317         16.0025         32.0000         33.0000          4.0000        317.8579
  305         16.0025         32.0000         33.0000          1.0000        317.4075
  309         16.0025         32.0000         33.0000          2.0000        317.6216
  313         16.0025         32.0000         33.0000          3.0000        317.7556
  317         16.0025         32.0000         33.0000          4.0000        317.8540
  305         16.0025         32.0000         33.0000          1.0000        317.4078
  309         16.0025         32.0000         33.0000          2.0000        317.6217
  313         16.0025         32.0000         33.0000          3.0000        317.7556
  317         16.0025         32.0000         33.0000          4.0000        317.8540
  305         17.0138         32.0000         33.0000          1.0000        314.6751
  309         17.0138         32.0000         33.0000          2.0000        314.8874
  313         17.0138         32.0000         33.0000          3.0000        315.0304
  317         17.0138         32.0000         33.0000          4.0000        315.1415
  305         17.0138         32.0000         33.0000          1.0000        314.7043
  309         17.0138         32.0000         33.0000          2.0000        314.9178
  313         17.0138         32.0000         33.0000          3.0000        315.0602
  317         17.0138         32.0000         33.0000          4.0000        315.1700
  305         17.0138         32.0000         33.0000          1.0000        314.7062
  309         17.0138         32.0000         33.0000          2.0000        314.9193
  313         17.0138         32.0000         33.0000          3.0000        315.0615
  317         17.0138         32.0000         33.0000          4.0000        315.1712
  305         18.0179         32.0000         33.0000          1.0000        312.7152
  309         18.0179         32.0000         33.0000          2.0000        312.8470
  313         18.0179         32.0000         33.0000          3.0000        312.9310
  317         18.0179         32.0000         33.0000          4.0000        312.9893
  305         18.0179         32.0000         33.0000          1.0000        312.6844
  309         18.0179         32.0000         33.0000          2.0000        312.8149
  313         18.0179         32.0000         33.0000          3.0000        312.8995
  317         18.0179         32.0000         33.0000          4.0000        312.9592
  305         18.0179         32.0000         33.0000          1.0000        312.6827
  309         18.0179         32.0000         33.0000          2.0000        312.8135
  313         18.0179         32.0000         33.0000          3.0000        312.8983
  317         18.0179         32.0000         33.0000          4.0000        312.9580
  305         19.0133         32.0000         33.0000          1.0000        308.5908
  309         19.0133         32.0000         33.0000          2.0000        308.6726
  313         19.0133         32.0000         33.0000          3.0000        308.7165
  317         19.0133         32.0000         33.0000          4.0000        308.9800
  305         19.0133         32.0000         33.0000          1.0000        308.5877
  309         19.0133         32.0000         33.0000          2.0000        308.6692
  313         19.0133         32.0000         33.0000          3.0000        308.7131
  317         19.0133         32.0000         33.0000          4.0000        308.9767
  305         20.0143         32.0000         33.0000          1.0000        306.8790
  309         20.0143         32.0000         33.0000          2.0000        306.9167
  313         20.0143         32.0000         33.0000          3.0000        306.9268
  317         20.0143         32.0000         33.0000          4.0000        306.9954
  305         20.0143         32.0000         33.0000          1.0000        306.8763
  309         20.0143         32.0000         33.0000          2.0000        306.9137
  313         20.0143         32.0000         33.0000          3.0000        306.9239
  317         20.0143         32.0000         33.0000          4.0000        306.9925
  305         21.0154         32.0000         33.0000          1.0000        305.9465
  309         21.0154         32.0000         33.0000          2.0000        305.9646
  313         21.0154         32.0000         33.0000          3.0000        305.9625
  317         21.0154         32.0000         33.0000          4.0000        305.9857
  305         21.0154         32.0000         33.0000          1.0000        305.9447
  309         21.0154         32.0000         33.0000          2.0000        305.9625
  313         21.0154         32.0000         33.0000          3.0000        305.9603
  317         21.0154         32.0000         33.0000          4.0000        305.9836
  305         22.0091         32.0000         33.0000          1.0000        305.4285
  309         22.0091         32.0000         33.0000          2.0000        305.4303
  313         22.0091         32.0000         33.0000          3.0000        305.4187
  317         22.0091         32.0000         33.0000          4.0000        305.4253
  305         22.0091         32.0000         33.0000          1.0000        305.4271
  309         22.0091         32.0000         33.0000          2.0000        305.4286
  313         22.0091         32.0000         33.0000          3.0000        305.4169
  317         22.0091         32.0000         33.0000          4.0000        305.4236
  305         23.0248         32.0000         33.0000          1.0000        304.9964
  309         23.0248         32.0000         33.0000          2.0000        304.9847
  313         23.0248         32.0000         33.0000          3.0000        304.9665
  317         23.0248         32.0000         33.0000          4.0000        304.9649
  305         23.0248         32.0000         33.0000          1.0000        304.9958
  309         23.0248         32.0000         33.0000          2.0000        304.9838
  313         23.0248         32.0000         33.0000          3.0000        304.9656
  317         23.0248         32.0000         33.0000          4.0000        304.9640
