  290          1.0064         34.0000         32.0000          1.0000        299.6133
  291          1.0064         35.0000         32.0000          1.0000        299.5910
  292          1.0064         36.0000         32.0000          1.0000        299.5713
  294          1.0064         34.0000         32.0000          2.0000        299.4959
  295          1.0064         35.0000         32.0000          2.0000        299.4888
  296          1.0064         36.0000         32.0000          2.0000        299.4786
  298          1.0064         34.0000         32.0000          3.0000        299.3953
  299          1.0064         35.0000         32.0000          3.0000        299.3925
  300          1.0064         36.0000         32.0000          3.0000        299.3885
  302          1.0064         34.0000         32.0000          4.0000        299.3067
  303          1.0064         35.0000         32.0000          4.0000        299.3052
  304          1.0064         36.0000         32.0000          4.0000        299.3020
  290          1.0064         34.0000         32.0000          1.0000        299.6154
  291          1.0064         35.0000         32.0000          1.0000        299.5934
  292          1.0064         36.0000         32.0000          1.0000        299.5731
  294          1.0064         34.0000         32.0000          2.0000        299.4962
  295          1.0064         35.0000         32.0000          2.0000        299.4892
  296          1.0064         36.0000         32.0000          2.0000        299.4789
  298          1.0064         34.0000         32.0000          3.0000        299.3951
  299          1.0064         35.0000         32.0000          3.0000        299.3923
  300          1.0064         36.0000         32.0000          3.0000        299.3881
  302          1.0064         34.0000         32.0000          4.0000        299.3062
  303          1.0064         35.0000         32.0000          4.0000        299.3047
  304          1.0064         36.0000         32.0000          4.0000        299.3014
  290          2.0400         34.0000         32.0000          1.0000        299.3107
  291          2.0400         35.0000         32.0000          1.0000        299.2909
  292          2.0400         36.0000         32.0000          1.0000        299.2708
  294          2.0400         34.0000         32.0000          2.0000        299.1925
  295          2.0400         35.0000         32.0000          2.0000        299.1861
  296          2.0400         36.0000         32.0000          2.0000        299.1761
  298          2.0400         34.0000         32.0000          3.0000        299.0948
  299          2.0400         35.0000         32.0000          3.0000        299.0922
  300          2.0400         36.0000         32.0000          3.0000        299.0882
  302          2.0400         34.0000         32.0000          4.0000        299.0099
  303          2.0400         35.0000         32.0000          4.0000        299.0085
  304          2.0400         36.0000         32.0000          4.0000        299.0054
  290          2.0400         34.0000         32.0000          1.0000        299.3147
  291          2.0400         35.0000         32.0000          1.0000        299.2951
  292          2.0400         36.0000         32.0000          1.0000        299.2745
  294          2.0400         34.0000         32.0000          2.0000        299.1950
  295          2.0400         35.0000         32.0000          2.0000        299.1887
  296          2.0400         36.0000         32.0000          2.0000        299.1785
  298          2.0400         34.0000         32.0000          3.0000        299.0970
  299          2.0400         35.0000         32.0000          3.0000        299.0945
  300          2.0400         36.0000         32.0000          3.0000        299.0904
  302          2.0400         34.0000         32.0000          4.0000        299.0121
  303          2.0400         35.0000         32.0000          4.0000        299.0107
  304          2.0400         36.0000         32.0000          4.0000        299.0076
  290          3.0193         34.0000         32.0000          1.0000        299.0389
  291          3.0193         35.0000         32.0000          1.0000        299.0184
  292          3.0193         36.0000         32.0000          1.0000        298.9968
  294          3.0193         34.0000         32.0000          2.0000        298.9197
  295          3.0193         35.0000         32.0000          2.0000        298.9130
  296          3.0193         36.0000         32.0000          2.0000        298.9025
  298          3.0193         34.0000         32.0000          3.0000        298.8253
  299          3.0193         35.0000         32.0000          3.0000        298.8227
  300          3.0193         36.0000         32.0000          3.0000        298.8184
  302          3.0193         34.0000         32.0000          4.0000        298.7442
  303          3.0193         35.0000         32.0000          4.0000        298.7427
  304          3.0193         36.0000         32.0000          4.0000        298.7395
  290          3.0193         34.0000         32.0000          1.0000        299.0409
  291          3.0193         35.0000         32.0000          1.0000        299.0207
  292          3.0193         36.0000         32.0000          1.0000        298.9985
  294          3.0193         34.0000         32.0000          2.0000        298.9199
  295          3.0193         35.0000         32.0000          2.0000        298.9133
  296          3.0193         36.0000         32.0000          2.0000        298.9026
  298          3.0193         34.0000         32.0000          3.0000        298.8249
  299          3.0193         35.0000         32.0000          3.0000        298.8223
  300          3.0193         36.0000         32.0000          3.0000        298.8179
  302          3.0193         34.0000         32.0000          4.0000        298.7435
  303          3.0193         35.0000         32.0000          4.0000        298.7421
  304          3.0193         36.0000         32.0000          4.0000        298.7388
  290          4.0393         34.0000         32.0000          1.0000        298.7959
  291          4.0393         35.0000         32.0000          1.0000        298.7754
  292          4.0393         36.0000         32.0000          1.0000        298.7526
  294          4.0393         34.0000         32.0000          2.0000        298.6754
  295          4.0393         35.0000         32.0000          2.0000        298.6687
  296          4.0393         36.0000         32.0000          2.0000        298.6577
  298          4.0393         34.0000         32.0000          3.0000        298.5831
  299          4.0393         35.0000         32.0000          3.0000        298.5804
  300          4.0393         36.0000         32.0000          3.0000        298.5759
  302          4.0393         34.0000         32.0000          4.0000        298.5046
  303          4.0393         35.0000         32.0000          4.0000        298.5032
  304          4.0393         36.0000         32.0000          4.0000        298.4999
  290          4.0393         34.0000         32.0000          1.0000        298.7979
  291          4.0393         35.0000         32.0000          1.0000        298.7777
  292          4.0393         36.0000         32.0000          1.0000        298.7543
  294          4.0393         34.0000         32.0000          2.0000        298.6756
  295          4.0393         35.0000         32.0000          2.0000        298.6689
  296          4.0393         36.0000         32.0000          2.0000        298.6578
  298          4.0393         34.0000         32.0000          3.0000        298.5827
  299          4.0393         35.0000         32.0000          3.0000        298.5800
  300          4.0393         36.0000         32.0000          3.0000        298.5755
  302          4.0393         34.0000         32.0000          4.0000        298.5040
  303          4.0393         35.0000         32.0000          4.0000        298.5026
  304          4.0393         36.0000         32.0000          4.0000        298.4992
  290          5.0185         34.0000         32.0000          1.0000        298.5481
  291          5.0185         35.0000         32.0000          1.0000        298.5280
  292          5.0185         36.0000         32.0000          1.0000        298.5043
  294          5.0185         34.0000         32.0000          2.0000        298.4255
  295          5.0185         35.0000         32.0000          2.0000        298.4189
  296          5.0185         36.0000         32.0000          2.0000        298.4077
  298          5.0185         34.0000         32.0000          3.0000        298.3341
  299          5.0185         35.0000         32.0000          3.0000        298.3315
  300          5.0185         36.0000         32.0000          3.0000        298.3269
  302          5.0185         34.0000         32.0000          4.0000        298.2572
  303          5.0185         35.0000         32.0000          4.0000        298.2558
  304          5.0185         36.0000         32.0000          4.0000        298.2525
  290          5.0185         34.0000         32.0000          1.0000        298.5506
  291          5.0185         35.0000         32.0000          1.0000        298.5306
  292          5.0185         36.0000         32.0000          1.0000        298.5063
  294          5.0185         34.0000         32.0000          2.0000        298.4262
  295          5.0185         35.0000         32.0000          2.0000        298.4196
  296          5.0185         36.0000         32.0000          2.0000        298.4082
  298          5.0185         34.0000         32.0000          3.0000        298.3341
  299          5.0185         35.0000         32.0000          3.0000        298.3315
  300          5.0185         36.0000         32.0000          3.0000        298.3269
  302          5.0185         34.0000         32.0000          4.0000        298.2569
  303          5.0185         35.0000         32.0000          4.0000        298.2556
  304          5.0185         36.0000         32.0000          4.0000        298.2522
  290          6.0385         34.0000         32.0000          1.0000        298.4364
  291          6.0385         35.0000         32.0000          1.0000        298.4168
  292          6.0385         36.0000         32.0000          1.0000        298.3932
  294          6.0385         34.0000         32.0000          2.0000        298.3189
  295          6.0385         35.0000         32.0000          2.0000        298.3124
  296          6.0385         36.0000         32.0000          2.0000        298.3014
  298          6.0385         34.0000         32.0000          3.0000        298.2338
  299          6.0385         35.0000         32.0000          3.0000        298.2312
  300          6.0385         36.0000         32.0000          3.0000        298.2266
  302          6.0385         34.0000         32.0000          4.0000        298.1631
  303          6.0385         35.0000         32.0000          4.0000        298.1618
  304          6.0385         36.0000         32.0000          4.0000        298.1585
  290          6.0385         34.0000         32.0000          1.0000        298.4387
  291          6.0385         35.0000         32.0000          1.0000        298.4193
  292          6.0385         36.0000         32.0000          1.0000        298.3951
  294          6.0385         34.0000         32.0000          2.0000        298.3194
  295          6.0385         35.0000         32.0000          2.0000        298.3130
  296          6.0385         36.0000         32.0000          2.0000        298.3018
  298          6.0385         34.0000         32.0000          3.0000        298.2337
  299          6.0385         35.0000         32.0000          3.0000        298.2311
  300          6.0385         36.0000         32.0000          3.0000        298.2265
  302          6.0385         34.0000         32.0000          4.0000        298.1628
  303          6.0385         35.0000         32.0000          4.0000        298.1614
  304          6.0385         36.0000         32.0000          4.0000        298.1581
  290          7.0463         34.0000         32.0000          1.0000        298.3391
  291          7.0463         35.0000         32.0000          1.0000        298.3199
  292          7.0463         36.0000         32.0000          1.0000        298.2966
  294          7.0463         34.0000         32.0000          2.0000        298.2272
  295          7.0463         35.0000         32.0000          2.0000        298.2209
  296          7.0463         36.0000         32.0000          2.0000        298.2101
  298          7.0463         34.0000         32.0000          3.0000        298.1486
  299          7.0463         35.0000         32.0000          3.0000        298.1461
  300          7.0463         36.0000         32.0000          3.0000        298.1416
  302          7.0463         34.0000         32.0000          4.0000        298.0845
  303          7.0463         35.0000         32.0000          4.0000        298.0832
  304          7.0463         36.0000         32.0000          4.0000        298.0800
  290          7.0463         34.0000         32.0000          1.0000        298.3468
  291          7.0463         35.0000         32.0000          1.0000        298.3279
  292          7.0463         36.0000         32.0000          1.0000        298.3042
  294          7.0463         34.0000         32.0000          2.0000        298.2334
  295          7.0463         35.0000         32.0000          2.0000        298.2271
  296          7.0463         36.0000         32.0000          2.0000        298.2162
  298          7.0463         34.0000         32.0000          3.0000        298.1538
  299          7.0463         35.0000         32.0000          3.0000        298.1514
  300          7.0463         36.0000         32.0000          3.0000        298.1468
  302          7.0463         34.0000         32.0000          4.0000        298.0889
  303          7.0463         35.0000         32.0000          4.0000        298.0876
  304          7.0463         36.0000         32.0000          4.0000        298.0844
  290          8.0010         34.0000         32.0000          1.0000        300.1038
  291          8.0010         35.0000         32.0000          1.0000        300.0854
  292          8.0010         36.0000         32.0000          1.0000        300.0720
  294          8.0010         34.0000         32.0000          2.0000        300.0854
  295          8.0010         35.0000         32.0000          2.0000        300.0793
  296          8.0010         36.0000         32.0000          2.0000        300.0729
  298          8.0010         34.0000         32.0000          3.0000        300.0863
  299          8.0010         35.0000         32.0000          3.0000        300.0840
  300          8.0010         36.0000         32.0000          3.0000        300.0806
  302          8.0010         34.0000         32.0000          4.0000        300.0950
  303          8.0010         35.0000         32.0000          4.0000        300.0938
  304          8.0010         36.0000         32.0000          4.0000        300.0920
  290          8.0010         34.0000         32.0000          1.0000        300.1170
  291          8.0010         35.0000         32.0000          1.0000        300.0987
  292          8.0010         36.0000         32.0000          1.0000        300.0851
  294          8.0010         34.0000         32.0000          2.0000        300.0974
  295          8.0010         35.0000         32.0000          2.0000        300.0913
  296          8.0010         36.0000         32.0000          2.0000        300.0848
  298          8.0010         34.0000         32.0000          3.0000        300.0974
  299          8.0010         35.0000         32.0000          3.0000        300.0950
  300          8.0010         36.0000         32.0000          3.0000        300.0916
  302          8.0010         34.0000         32.0000          4.0000        300.1053
  303          8.0010         35.0000         32.0000          4.0000        300.1041
  304          8.0010         36.0000         32.0000          4.0000        300.1023
  290          8.0010         34.0000         32.0000          1.0000        300.1182
  291          8.0010         35.0000         32.0000          1.0000        300.1000
  292          8.0010         36.0000         32.0000          1.0000        300.0862
  294          8.0010         34.0000         32.0000          2.0000        300.0980
  295          8.0010         35.0000         32.0000          2.0000        300.0920
  296          8.0010         36.0000         32.0000          2.0000        300.0854
  298          8.0010         34.0000         32.0000          3.0000        300.0979
  299          8.0010         35.0000         32.0000          3.0000        300.0955
  300          8.0010         36.0000         32.0000          3.0000        300.0921
  302          8.0010         34.0000         32.0000          4.0000        300.1058
  303          8.0010         35.0000         32.0000          4.0000        300.1045
  304          8.0010         36.0000         32.0000          4.0000        300.1027
  290          9.0154         34.0000         32.0000          1.0000        308.5386
  291          9.0154         35.0000         32.0000          1.0000        308.6072
  292          9.0154         36.0000         32.0000          1.0000        308.6547
  294          9.0154         34.0000         32.0000          2.0000        308.9333
  295          9.0154         35.0000         32.0000          2.0000        308.9420
  296          9.0154         36.0000         32.0000          2.0000        308.9600
  298          9.0154         34.0000         32.0000          3.0000        309.2226
  299          9.0154         35.0000         32.0000          3.0000        309.2235
  300          9.0154         36.0000         32.0000          3.0000        309.2254
  302          9.0154         34.0000         32.0000          4.0000        309.4781
  303          9.0154         35.0000         32.0000          4.0000        309.4770
  304          9.0154         36.0000         32.0000          4.0000        309.4792
  290          9.0154         34.0000         32.0000          1.0000        308.5585
  291          9.0154         35.0000         32.0000          1.0000        308.6289
  292          9.0154         36.0000         32.0000          1.0000        308.6767
  294          9.0154         34.0000         32.0000          2.0000        308.9526
  295          9.0154         35.0000         32.0000          2.0000        308.9616
  296          9.0154         36.0000         32.0000          2.0000        308.9796
  298          9.0154         34.0000         32.0000          3.0000        309.2401
  299          9.0154         35.0000         32.0000          3.0000        309.2410
  300          9.0154         36.0000         32.0000          3.0000        309.2430
  302          9.0154         34.0000         32.0000          4.0000        309.4937
  303          9.0154         35.0000         32.0000          4.0000        309.4926
  304          9.0154         36.0000         32.0000          4.0000        309.4948
  290          9.0154         34.0000         32.0000          1.0000        308.5587
  291          9.0154         35.0000         32.0000          1.0000        308.6291
  292          9.0154         36.0000         32.0000          1.0000        308.6766
  294          9.0154         34.0000         32.0000          2.0000        308.9520
  295          9.0154         35.0000         32.0000          2.0000        308.9611
  296          9.0154         36.0000         32.0000          2.0000        308.9790
  298          9.0154         34.0000         32.0000          3.0000        309.2394
  299          9.0154         35.0000         32.0000          3.0000        309.2404
  300          9.0154         36.0000         32.0000          3.0000        309.2423
  302          9.0154         34.0000         32.0000          4.0000        309.4930
  303          9.0154         35.0000         32.0000          4.0000        309.4920
  304          9.0154         36.0000         32.0000          4.0000        309.4941
  290         10.0100         34.0000         32.0000          1.0000        316.1035
  291         10.0100         35.0000         32.0000          1.0000        316.3282
  292         10.0100         36.0000         32.0000          1.0000        316.4420
  294         10.0100         34.0000         32.0000          2.0000        316.8705
  295         10.0100         35.0000         32.0000          2.0000        316.9079
  296         10.0100         36.0000         32.0000          2.0000        316.9572
  298         10.0100         34.0000         32.0000          3.0000        317.3723
  299         10.0100         35.0000         32.0000          3.0000        317.3827
  300         10.0100         36.0000         32.0000          3.0000        317.3962
  302         10.0100         34.0000         32.0000          4.0000        317.7890
  303         10.0100         35.0000         32.0000          4.0000        317.7923
  304         10.0100         36.0000         32.0000          4.0000        317.8021
  290         10.0100         34.0000         32.0000          1.0000        316.1086
  291         10.0100         35.0000         32.0000          1.0000        316.3342
  292         10.0100         36.0000         32.0000          1.0000        316.4479
  294         10.0100         34.0000         32.0000          2.0000        316.8736
  295         10.0100         35.0000         32.0000          2.0000        316.9112
  296         10.0100         36.0000         32.0000          2.0000        316.9605
  298         10.0100         34.0000         32.0000          3.0000        317.3735
  299         10.0100         35.0000         32.0000          3.0000        317.3840
  300         10.0100         36.0000         32.0000          3.0000        317.3975
  302         10.0100         34.0000         32.0000          4.0000        317.7886
  303         10.0100         35.0000         32.0000          4.0000        317.7919
  304         10.0100         36.0000         32.0000          4.0000        317.8017
  290         10.0100         34.0000         32.0000          1.0000        316.1110
  291         10.0100         35.0000         32.0000          1.0000        316.3368
  292         10.0100         36.0000         32.0000          1.0000        316.4500
  294         10.0100         34.0000         32.0000          2.0000        316.8749
  295         10.0100         35.0000         32.0000          2.0000        316.9126
  296         10.0100         36.0000         32.0000          2.0000        316.9617
  298         10.0100         34.0000         32.0000          3.0000        317.3745
  299         10.0100         35.0000         32.0000          3.0000        317.3850
  300         10.0100         36.0000         32.0000          3.0000        317.3984
  302         10.0100         34.0000         32.0000          4.0000        317.7894
  303         10.0100         35.0000         32.0000          4.0000        317.7928
  304         10.0100         36.0000         32.0000          4.0000        317.8025
  290         11.0146         34.0000         32.0000          1.0000        322.6125
  291         11.0146         35.0000         32.0000          1.0000        322.8065
  292         11.0146         36.0000         32.0000          1.0000        323.0410
  294         11.0146         34.0000         32.0000          2.0000        323.6639
  295         11.0146         35.0000         32.0000          2.0000        323.7029
  296         11.0146         36.0000         32.0000          2.0000        323.7768
  298         11.0146         34.0000         32.0000          3.0000        324.3668
  299         11.0146         35.0000         32.0000          3.0000        324.3786
  300         11.0146         36.0000         32.0000          3.0000        324.3991
  302         11.0146         34.0000         32.0000          4.0000        324.9434
  303         11.0146         35.0000         32.0000          4.0000        324.9475
  304         11.0146         36.0000         32.0000          4.0000        324.9626
  290         11.0146         34.0000         32.0000          1.0000        322.6261
  291         11.0146         35.0000         32.0000          1.0000        322.8210
  292         11.0146         36.0000         32.0000          1.0000        323.0561
  294         11.0146         34.0000         32.0000          2.0000        323.6768
  295         11.0146         35.0000         32.0000          2.0000        323.7161
  296         11.0146         36.0000         32.0000          2.0000        323.7900
  298         11.0146         34.0000         32.0000          3.0000        324.3788
  299         11.0146         35.0000         32.0000          3.0000        324.3906
  300         11.0146         36.0000         32.0000          3.0000        324.4111
  302         11.0146         34.0000         32.0000          4.0000        324.9543
  303         11.0146         35.0000         32.0000          4.0000        324.9584
  304         11.0146         36.0000         32.0000          4.0000        324.9736
  290         11.0146         34.0000         32.0000          1.0000        322.6266
  291         11.0146         35.0000         32.0000          1.0000        322.8214
  292         11.0146         36.0000         32.0000          1.0000        323.0563
  294         11.0146         34.0000         32.0000          2.0000        323.6769
  295         11.0146         35.0000         32.0000          2.0000        323.7162
  296         11.0146         36.0000         32.0000          2.0000        323.7900
  298         11.0146         34.0000         32.0000          3.0000        324.3788
  299         11.0146         35.0000         32.0000          3.0000        324.3906
  300         11.0146         36.0000         32.0000          3.0000        324.4111
  302         11.0146         34.0000         32.0000          4.0000        324.9543
  303         11.0146         35.0000         32.0000          4.0000        324.9584
  304         11.0146         36.0000         32.0000          4.0000        324.9735
  290         12.0078         34.0000         32.0000          1.0000        325.5473
  291         12.0078         35.0000         32.0000          1.0000        325.6049
  292         12.0078         36.0000         32.0000          1.0000        325.9015
  294         12.0078         34.0000         32.0000          2.0000        326.7741
  295         12.0078         35.0000         32.0000          2.0000        326.7858
  296         12.0078         36.0000         32.0000          2.0000        326.8626
  298         12.0078         34.0000         32.0000          3.0000        327.5081
  299         12.0078         35.0000         32.0000          3.0000        327.5130
  300         12.0078         36.0000         32.0000          3.0000        327.5352
  302         12.0078         34.0000         32.0000          4.0000        328.0774
  303         12.0078         35.0000         32.0000          4.0000        328.0805
  304         12.0078         36.0000         32.0000          4.0000        328.0976
  290         12.0078         34.0000         32.0000          1.0000        325.5952
  291         12.0078         35.0000         32.0000          1.0000        325.5885
  292         12.0078         36.0000         32.0000          1.0000        325.7204
  294         12.0078         34.0000         32.0000          2.0000        326.8036
  295         12.0078         35.0000         32.0000          2.0000        326.7864
  296         12.0078         36.0000         32.0000          2.0000        326.8338
  298         12.0078         34.0000         32.0000          3.0000        327.5274
  299         12.0078         35.0000         32.0000          3.0000        327.5222
  300         12.0078         36.0000         32.0000          3.0000        327.5364
  302         12.0078         34.0000         32.0000          4.0000        328.0925
  303         12.0078         35.0000         32.0000          4.0000        328.0921
  304         12.0078         36.0000         32.0000          4.0000        328.1062
  290         12.0078         34.0000         32.0000          1.0000        325.5941
  291         12.0078         35.0000         32.0000          1.0000        325.5894
  292         12.0078         36.0000         32.0000          1.0000        325.7267
  294         12.0078         34.0000         32.0000          2.0000        326.8029
  295         12.0078         35.0000         32.0000          2.0000        326.7866
  296         12.0078         36.0000         32.0000          2.0000        326.8346
  298         12.0078         34.0000         32.0000          3.0000        327.5270
  299         12.0078         35.0000         32.0000          3.0000        327.5220
  300         12.0078         36.0000         32.0000          3.0000        327.5363
  302         12.0078         34.0000         32.0000          4.0000        328.0923
  303         12.0078         35.0000         32.0000          4.0000        328.0918
  304         12.0078         36.0000         32.0000          4.0000        328.1058
  290         12.0078         34.0000         32.0000          1.0000        325.5948
  291         12.0078         35.0000         32.0000          1.0000        325.5897
  292         12.0078         36.0000         32.0000          1.0000        325.7265
  294         12.0078         34.0000         32.0000          2.0000        326.8033
  295         12.0078         35.0000         32.0000          2.0000        326.7868
  296         12.0078         36.0000         32.0000          2.0000        326.8348
  298         12.0078         34.0000         32.0000          3.0000        327.5273
  299         12.0078         35.0000         32.0000          3.0000        327.5222
  300         12.0078         36.0000         32.0000          3.0000        327.5365
  302         12.0078         34.0000         32.0000          4.0000        328.0925
  303         12.0078         35.0000         32.0000          4.0000        328.0920
  304         12.0078         36.0000         32.0000          4.0000        328.1060
  290         13.0162         34.0000         32.0000          1.0000        326.0477
  291         13.0162         35.0000         32.0000          1.0000        326.0534
  292         13.0162         36.0000         32.0000          1.0000        326.2647
  294         13.0162         34.0000         32.0000          2.0000        327.3496
  295         13.0162         35.0000         32.0000          2.0000        327.3443
  296         13.0162         36.0000         32.0000          2.0000        327.4116
  298         13.0162         34.0000         32.0000          3.0000        328.0607
  299         13.0162         35.0000         32.0000          3.0000        328.0590
  300         13.0162         36.0000         32.0000          3.0000        328.0810
  302         13.0162         34.0000         32.0000          4.0000        328.5756
  303         13.0162         35.0000         32.0000          4.0000        328.5760
  304         13.0162         36.0000         32.0000          4.0000        328.5928
  290         13.0162         34.0000         32.0000          1.0000        326.0472
  291         13.0162         35.0000         32.0000          1.0000        326.0528
  292         13.0162         36.0000         32.0000          1.0000        326.2633
  294         13.0162         34.0000         32.0000          2.0000        327.3466
  295         13.0162         35.0000         32.0000          2.0000        327.3413
  296         13.0162         36.0000         32.0000          2.0000        327.4083
  298         13.0162         34.0000         32.0000          3.0000        328.0571
  299         13.0162         35.0000         32.0000          3.0000        328.0554
  300         13.0162         36.0000         32.0000          3.0000        328.0773
  302         13.0162         34.0000         32.0000          4.0000        328.5719
  303         13.0162         35.0000         32.0000          4.0000        328.5724
  304         13.0162         36.0000         32.0000          4.0000        328.5891
  290         14.0010         34.0000         32.0000          1.0000        326.1102
  291         14.0010         35.0000         32.0000          1.0000        326.1023
  292         14.0010         36.0000         32.0000          1.0000        326.2633
  294         14.0010         34.0000         32.0000          2.0000        327.3180
  295         14.0010         35.0000         32.0000          2.0000        327.3116
  296         14.0010         36.0000         32.0000          2.0000        327.3740
  298         14.0010         34.0000         32.0000          3.0000        328.0832
  299         14.0010         35.0000         32.0000          3.0000        328.0817
  300         14.0010         36.0000         32.0000          3.0000        328.1012
  302         14.0010         34.0000         32.0000          4.0000        328.6880
  303         14.0010         35.0000         32.0000          4.0000        328.6884
  304         14.0010         36.0000         32.0000          4.0000        328.7049
  290         14.0010         34.0000         32.0000          1.0000        326.1631
  291         14.0010         35.0000         32.0000          1.0000        326.1555
  292         14.0010         36.0000         32.0000          1.0000        326.3184
  294         14.0010         34.0000         32.0000          2.0000        327.3725
  295         14.0010         35.0000         32.0000          2.0000        327.3662
  296         14.0010         36.0000         32.0000          2.0000        327.4293
  298         14.0010         34.0000         32.0000          3.0000        328.1349
  299         14.0010         35.0000         32.0000          3.0000        328.1336
  300         14.0010         36.0000         32.0000          3.0000        328.1534
  302         14.0010         34.0000         32.0000          4.0000        328.7356
  303         14.0010         35.0000         32.0000          4.0000        328.7361
  304         14.0010         36.0000         32.0000          4.0000        328.7527
  290         14.0010         34.0000         32.0000          1.0000        326.1670
  291         14.0010         35.0000         32.0000          1.0000        326.1595
  292         14.0010         36.0000         32.0000          1.0000        326.3219
  294         14.0010         34.0000         32.0000          2.0000        327.3748
  295         14.0010         35.0000         32.0000          2.0000        327.3685
  296         14.0010         36.0000         32.0000          2.0000        327.4315
  298         14.0010         34.0000         32.0000          3.0000        328.1366
  299         14.0010         35.0000         32.0000          3.0000        328.1353
  300         14.0010         36.0000         32.0000          3.0000        328.1550
  302         14.0010         34.0000         32.0000          4.0000        328.7371
  303         14.0010         35.0000         32.0000          4.0000        328.7375
  304         14.0010         36.0000         32.0000          4.0000        328.7541
  290         15.0012         34.0000         32.0000          1.0000        327.5865
  291         15.0012         35.0000         32.0000          1.0000        327.5111
  292         15.0012         36.0000         32.0000          1.0000        327.6430
  294         15.0012         34.0000         32.0000          2.0000        328.8758
  295         15.0012         35.0000         32.0000          2.0000        328.8401
  296         15.0012         36.0000         32.0000          2.0000        328.8896
  298         15.0012         34.0000         32.0000          3.0000        329.5439
  299         15.0012         35.0000         32.0000          3.0000        329.5332
  300         15.0012         36.0000         32.0000          3.0000        329.5501
  302         15.0012         34.0000         32.0000          4.0000        330.0349
  303         15.0012         35.0000         32.0000          4.0000        330.0327
  304         15.0012         36.0000         32.0000          4.0000        330.0474
  290         15.0012         34.0000         32.0000          1.0000        327.5280
  291         15.0012         35.0000         32.0000          1.0000        327.4521
  292         15.0012         36.0000         32.0000          1.0000        327.5791
  294         15.0012         34.0000         32.0000          2.0000        328.8109
  295         15.0012         35.0000         32.0000          2.0000        328.7750
  296         15.0012         36.0000         32.0000          2.0000        328.8227
  298         15.0012         34.0000         32.0000          3.0000        329.4817
  299         15.0012         35.0000         32.0000          3.0000        329.4709
  300         15.0012         36.0000         32.0000          3.0000        329.4871
  302         15.0012         34.0000         32.0000          4.0000        329.9784
  303         15.0012         35.0000         32.0000          4.0000        329.9762
  304         15.0012         36.0000         32.0000          4.0000        329.9907
  290         15.0012         34.0000         32.0000          1.0000        327.5253
  291         15.0012         35.0000         32.0000          1.0000        327.4490
  292         15.0012         36.0000         32.0000          1.0000        327.5771
  294         15.0012         34.0000         32.0000          2.0000        328.8114
  295         15.0012         35.0000         32.0000          2.0000        328.7753
  296         15.0012         36.0000         32.0000          2.0000        328.8234
  298         15.0012         34.0000         32.0000          3.0000        329.4831
  299         15.0012         35.0000         32.0000          3.0000        329.4722
  300         15.0012         36.0000         32.0000          3.0000        329.4885
  302         15.0012         34.0000         32.0000          4.0000        329.9798
  303         15.0012         35.0000         32.0000          4.0000        329.9776
  304         15.0012         36.0000         32.0000          4.0000        329.9922
  290         16.0025         34.0000         32.0000          1.0000        324.0725
  291         16.0025         35.0000         32.0000          1.0000        323.8712
  292         16.0025         36.0000         32.0000          1.0000        323.9364
  294         16.0025         34.0000         32.0000          2.0000        324.9972
  295         16.0025         35.0000         32.0000          2.0000        324.9521
  296         16.0025         36.0000         32.0000          2.0000        324.9744
  298         16.0025         34.0000         32.0000          3.0000        325.5330
  299         16.0025         35.0000         32.0000          3.0000        325.5205
  300         16.0025         36.0000         32.0000          3.0000        325.5284
  302         16.0025         34.0000         32.0000          4.0000        325.9289
  303         16.0025         35.0000         32.0000          4.0000        325.9261
  304         16.0025         36.0000         32.0000          4.0000        325.9363
  290         16.0025         34.0000         32.0000          1.0000        324.0843
  291         16.0025         35.0000         32.0000          1.0000        323.8833
  292         16.0025         36.0000         32.0000          1.0000        323.9482
  294         16.0025         34.0000         32.0000          2.0000        325.0086
  295         16.0025         35.0000         32.0000          2.0000        324.9635
  296         16.0025         36.0000         32.0000          2.0000        324.9857
  298         16.0025         34.0000         32.0000          3.0000        325.5447
  299         16.0025         35.0000         32.0000          3.0000        325.5323
  300         16.0025         36.0000         32.0000          3.0000        325.5401
  302         16.0025         34.0000         32.0000          4.0000        325.9415
  303         16.0025         35.0000         32.0000          4.0000        325.9387
  304         16.0025         36.0000         32.0000          4.0000        325.9489
  290         16.0025         34.0000         32.0000          1.0000        324.0819
  291         16.0025         35.0000         32.0000          1.0000        323.8806
  292         16.0025         36.0000         32.0000          1.0000        323.9458
  294         16.0025         34.0000         32.0000          2.0000        325.0072
  295         16.0025         35.0000         32.0000          2.0000        324.9620
  296         16.0025         36.0000         32.0000          2.0000        324.9842
  298         16.0025         34.0000         32.0000          3.0000        325.5436
  299         16.0025         35.0000         32.0000          3.0000        325.5312
  300         16.0025         36.0000         32.0000          3.0000        325.5391
  302         16.0025         34.0000         32.0000          4.0000        325.9406
  303         16.0025         35.0000         32.0000          4.0000        325.9377
  304         16.0025         36.0000         32.0000          4.0000        325.9480
  290         17.0138         34.0000         32.0000          1.0000        320.2594
  291         17.0138         35.0000         32.0000          1.0000        320.1622
  292         17.0138         36.0000         32.0000          1.0000        320.2253
  294         17.0138         34.0000         32.0000          2.0000        320.9823
  295         17.0138         35.0000         32.0000          2.0000        320.9611
  296         17.0138         36.0000         32.0000          2.0000        320.9834
  298         17.0138         34.0000         32.0000          3.0000        321.4772
  299         17.0138         35.0000         32.0000          3.0000        321.4712
  300         17.0138         36.0000         32.0000          3.0000        321.4774
  302         17.0138         34.0000         32.0000          4.0000        321.8806
  303         17.0138         35.0000         32.0000          4.0000        321.8791
  304         17.0138         36.0000         32.0000          4.0000        321.8877
  290         17.0138         34.0000         32.0000          1.0000        320.2871
  291         17.0138         35.0000         32.0000          1.0000        320.1907
  292         17.0138         36.0000         32.0000          1.0000        320.2554
  294         17.0138         34.0000         32.0000          2.0000        321.0098
  295         17.0138         35.0000         32.0000          2.0000        320.9889
  296         17.0138         36.0000         32.0000          2.0000        321.0117
  298         17.0138         34.0000         32.0000          3.0000        321.5016
  299         17.0138         35.0000         32.0000          3.0000        321.4957
  300         17.0138         36.0000         32.0000          3.0000        321.5021
  302         17.0138         34.0000         32.0000          4.0000        321.9007
  303         17.0138         35.0000         32.0000          4.0000        321.8992
  304         17.0138         36.0000         32.0000          4.0000        321.9079
  290         17.0138         34.0000         32.0000          1.0000        320.2928
  291         17.0138         35.0000         32.0000          1.0000        320.1967
  292         17.0138         36.0000         32.0000          1.0000        320.2606
  294         17.0138         34.0000         32.0000          2.0000        321.0131
  295         17.0138         35.0000         32.0000          2.0000        320.9923
  296         17.0138         36.0000         32.0000          2.0000        321.0148
  298         17.0138         34.0000         32.0000          3.0000        321.5041
  299         17.0138         35.0000         32.0000          3.0000        321.4982
  300         17.0138         36.0000         32.0000          3.0000        321.5046
  302         17.0138         34.0000         32.0000          4.0000        321.9028
  303         17.0138         35.0000         32.0000          4.0000        321.9014
  304         17.0138         36.0000         32.0000          4.0000        321.9100
  290         18.0179         34.0000         32.0000          1.0000        313.8868
  291         18.0179         35.0000         32.0000          1.0000        313.8037
  292         18.0179         36.0000         32.0000          1.0000        313.8413
  294         18.0179         34.0000         32.0000          2.0000        314.2939
  295         18.0179         35.0000         32.0000          2.0000        314.2798
  296         18.0179         36.0000         32.0000          2.0000        314.2928
  298         18.0179         34.0000         32.0000          3.0000        314.5761
  299         18.0179         35.0000         32.0000          3.0000        314.5729
  300         18.0179         36.0000         32.0000          3.0000        314.5771
  302         18.0179         34.0000         32.0000          4.0000        314.7961
  303         18.0179         35.0000         32.0000          4.0000        314.7960
  304         18.0179         36.0000         32.0000          4.0000        314.8015
  290         18.0179         34.0000         32.0000          1.0000        313.8411
  291         18.0179         35.0000         32.0000          1.0000        313.7583
  292         18.0179         36.0000         32.0000          1.0000        313.7934
  294         18.0179         34.0000         32.0000          2.0000        314.2438
  295         18.0179         35.0000         32.0000          2.0000        314.2298
  296         18.0179         36.0000         32.0000          2.0000        314.2419
  298         18.0179         34.0000         32.0000          3.0000        314.5273
  299         18.0179         35.0000         32.0000          3.0000        314.5241
  300         18.0179         36.0000         32.0000          3.0000        314.5279
  302         18.0179         34.0000         32.0000          4.0000        314.7503
  303         18.0179         35.0000         32.0000          4.0000        314.7502
  304         18.0179         36.0000         32.0000          4.0000        314.7556
  290         18.0179         34.0000         32.0000          1.0000        313.8378
  291         18.0179         35.0000         32.0000          1.0000        313.7548
  292         18.0179         36.0000         32.0000          1.0000        313.7903
  294         18.0179         34.0000         32.0000          2.0000        314.2418
  295         18.0179         35.0000         32.0000          2.0000        314.2277
  296         18.0179         36.0000         32.0000          2.0000        314.2399
  298         18.0179         34.0000         32.0000          3.0000        314.5257
  299         18.0179         35.0000         32.0000          3.0000        314.5225
  300         18.0179         36.0000         32.0000          3.0000        314.5264
  302         18.0179         34.0000         32.0000          4.0000        314.7490
  303         18.0179         35.0000         32.0000          4.0000        314.7488
  304         18.0179         36.0000         32.0000          4.0000        314.7543
  290         19.0133         34.0000         32.0000          1.0000        307.0134
  291         19.0133         35.0000         32.0000          1.0000        306.9860
  292         19.0133         36.0000         32.0000          1.0000        307.0021
  294         19.0133         34.0000         32.0000          2.0000        307.1418
  295         19.0133         35.0000         32.0000          2.0000        307.1365
  296         19.0133         36.0000         32.0000          2.0000        307.1411
  298         19.0133         34.0000         32.0000          3.0000        307.2123
  299         19.0133         35.0000         32.0000          3.0000        307.2108
  300         19.0133         36.0000         32.0000          3.0000        307.2123
  302         19.0133         34.0000         32.0000          4.0000        307.2566
  303         19.0133         35.0000         32.0000          4.0000        307.2562
  304         19.0133         36.0000         32.0000          4.0000        307.2576
  290         19.0133         34.0000         32.0000          1.0000        307.0102
  291         19.0133         35.0000         32.0000          1.0000        306.9830
  292         19.0133         36.0000         32.0000          1.0000        306.9985
  294         19.0133         34.0000         32.0000          2.0000        307.1370
  295         19.0133         35.0000         32.0000          2.0000        307.1317
  296         19.0133         36.0000         32.0000          2.0000        307.1361
  298         19.0133         34.0000         32.0000          3.0000        307.2071
  299         19.0133         35.0000         32.0000          3.0000        307.2056
  300         19.0133         36.0000         32.0000          3.0000        307.2070
  302         19.0133         34.0000         32.0000          4.0000        307.2514
  303         19.0133         35.0000         32.0000          4.0000        307.2510
  304         19.0133         36.0000         32.0000          4.0000        307.2524
  290         20.0143         34.0000         32.0000          1.0000        302.9397
  291         20.0143         35.0000         32.0000          1.0000        302.9208
  292         20.0143         36.0000         32.0000          1.0000        302.9191
  294         20.0143         34.0000         32.0000          2.0000        302.8934
  295         20.0143         35.0000         32.0000          2.0000        302.8886
  296         20.0143         36.0000         32.0000          2.0000        302.8854
  298         20.0143         34.0000         32.0000          3.0000        302.8218
  299         20.0143         35.0000         32.0000          3.0000        302.8200
  300         20.0143         36.0000         32.0000          3.0000        302.8191
  302         20.0143         34.0000         32.0000          4.0000        302.7461
  303         20.0143         35.0000         32.0000          4.0000        302.7452
  304         20.0143         36.0000         32.0000          4.0000        302.7438
  290         20.0143         34.0000         32.0000          1.0000        302.9363
  291         20.0143         35.0000         32.0000          1.0000        302.9177
  292         20.0143         36.0000         32.0000          1.0000        302.9153
  294         20.0143         34.0000         32.0000          2.0000        302.8883
  295         20.0143         35.0000         32.0000          2.0000        302.8835
  296         20.0143         36.0000         32.0000          2.0000        302.8801
  298         20.0143         34.0000         32.0000          3.0000        302.8163
  299         20.0143         35.0000         32.0000          3.0000        302.8145
  300         20.0143         36.0000         32.0000          3.0000        302.8135
  302         20.0143         34.0000         32.0000          4.0000        302.7406
  303         20.0143         35.0000         32.0000          4.0000        302.7398
  304         20.0143         36.0000         32.0000          4.0000        302.7383
  290         21.0154         34.0000         32.0000          1.0000        301.6147
  291         21.0154         35.0000         32.0000          1.0000        301.5989
  292         21.0154         36.0000         32.0000          1.0000        301.5914
  294         21.0154         34.0000         32.0000          2.0000        301.5293
  295         21.0154         35.0000         32.0000          2.0000        301.5247
  296         21.0154         36.0000         32.0000          2.0000        301.5193
  298         21.0154         34.0000         32.0000          3.0000        301.4337
  299         21.0154         35.0000         32.0000          3.0000        301.4318
  300         21.0154         36.0000         32.0000          3.0000        301.4301
  302         21.0154         34.0000         32.0000          4.0000        301.3421
  303         21.0154         35.0000         32.0000          4.0000        301.3411
  304         21.0154         36.0000         32.0000          4.0000        301.3390
  290         21.0154         34.0000         32.0000          1.0000        301.6134
  291         21.0154         35.0000         32.0000          1.0000        301.5977
  292         21.0154         36.0000         32.0000          1.0000        301.5896
  294         21.0154         34.0000         32.0000          2.0000        301.5263
  295         21.0154         35.0000         32.0000          2.0000        301.5217
  296         21.0154         36.0000         32.0000          2.0000        301.5161
  298         21.0154         34.0000         32.0000          3.0000        301.4303
  299         21.0154         35.0000         32.0000          3.0000        301.4284
  300         21.0154         36.0000         32.0000          3.0000        301.4265
  302         21.0154         34.0000         32.0000          4.0000        301.3386
  303         21.0154         35.0000         32.0000          4.0000        301.3376
  304         21.0154         36.0000         32.0000          4.0000        301.3355
  290         22.0091         34.0000         32.0000          1.0000        300.6352
  291         22.0091         35.0000         32.0000          1.0000        300.6157
  292         22.0091         36.0000         32.0000          1.0000        300.6034
  294         22.0091         34.0000         32.0000          2.0000        300.5262
  295         22.0091         35.0000         32.0000          2.0000        300.5201
  296         22.0091         36.0000         32.0000          2.0000        300.5124
  298         22.0091         34.0000         32.0000          3.0000        300.4148
  299         22.0091         35.0000         32.0000          3.0000        300.4123
  300         22.0091         36.0000         32.0000          3.0000        300.4095
  302         22.0091         34.0000         32.0000          4.0000        300.3104
  303         22.0091         35.0000         32.0000          4.0000        300.3091
  304         22.0091         36.0000         32.0000          4.0000        300.3063
  290         22.0091         34.0000         32.0000          1.0000        300.6351
  291         22.0091         35.0000         32.0000          1.0000        300.6157
  292         22.0091         36.0000         32.0000          1.0000        300.6027
  294         22.0091         34.0000         32.0000          2.0000        300.5241
  295         22.0091         35.0000         32.0000          2.0000        300.5181
  296         22.0091         36.0000         32.0000          2.0000        300.5102
  298         22.0091         34.0000         32.0000          3.0000        300.4123
  299         22.0091         35.0000         32.0000          3.0000        300.4098
  300         22.0091         36.0000         32.0000          3.0000        300.4069
  302         22.0091         34.0000         32.0000          4.0000        300.3078
  303         22.0091         35.0000         32.0000          4.0000        300.3065
  304         22.0091         36.0000         32.0000          4.0000        300.3037
  290         23.0248         34.0000         32.0000          1.0000        300.1440
  291         23.0248         35.0000         32.0000          1.0000        300.1217
  292         23.0248         36.0000         32.0000          1.0000        300.1059
  294         23.0248         34.0000         32.0000          2.0000        300.0279
  295         23.0248         35.0000         32.0000          2.0000        300.0208
  296         23.0248         36.0000         32.0000          2.0000        300.0116
  298         23.0248         34.0000         32.0000          3.0000        299.9163
  299         23.0248         35.0000         32.0000          3.0000        299.9134
  300         23.0248         36.0000         32.0000          3.0000        299.9099
  302         23.0248         34.0000         32.0000          4.0000        299.8135
  303         23.0248         35.0000         32.0000          4.0000        299.8119
  304         23.0248         36.0000         32.0000          4.0000        299.8088
  290         23.0248         34.0000         32.0000          1.0000        300.1451
  291         23.0248         35.0000         32.0000          1.0000        300.1229
  292         23.0248         36.0000         32.0000          1.0000        300.1065
  294         23.0248         34.0000         32.0000          2.0000        300.0270
  295         23.0248         35.0000         32.0000          2.0000        300.0200
  296         23.0248         36.0000         32.0000          2.0000        300.0105
  298         23.0248         34.0000         32.0000          3.0000        299.9149
  299         23.0248         35.0000         32.0000          3.0000        299.9120
  300         23.0248         36.0000         32.0000          3.0000        299.9084
  302         23.0248         34.0000         32.0000          4.0000        299.8118
  303         23.0248         35.0000         32.0000          4.0000        299.8103
  304         23.0248         36.0000         32.0000          4.0000        299.8071
