  290          1.0064         34.0000         32.0000          1.0000          0.0000
  291          1.0064         35.0000         32.0000          1.0000          0.0000
  292          1.0064         36.0000         32.0000          1.0000          0.0000
  294          1.0064         34.0000         32.0000          2.0000          0.0000
  295          1.0064         35.0000         32.0000          2.0000          0.0000
  296          1.0064         36.0000         32.0000          2.0000          0.0000
  298          1.0064         34.0000         32.0000          3.0000          0.0000
  299          1.0064         35.0000         32.0000          3.0000          0.0000
  300          1.0064         36.0000         32.0000          3.0000          0.0000
  302          1.0064         34.0000         32.0000          4.0000          0.0000
  303          1.0064         35.0000         32.0000          4.0000          0.0000
  304          1.0064         36.0000         32.0000          4.0000          0.0000
  290          1.0064         34.0000         32.0000          1.0000          0.0000
  291          1.0064         35.0000         32.0000          1.0000          0.0000
  292          1.0064         36.0000         32.0000          1.0000          0.0000
  294          1.0064         34.0000         32.0000          2.0000          0.0000
  295          1.0064         35.0000         32.0000          2.0000          0.0000
  296          1.0064         36.0000         32.0000          2.0000          0.0000
  298          1.0064         34.0000         32.0000          3.0000          0.0000
  299          1.0064         35.0000         32.0000          3.0000          0.0000
  300          1.0064         36.0000         32.0000          3.0000          0.0000
  302          1.0064         34.0000         32.0000          4.0000          0.0000
  303          1.0064         35.0000         32.0000          4.0000          0.0000
  304          1.0064         36.0000         32.0000          4.0000          0.0000
  290          2.0400         34.0000         32.0000          1.0000          0.0000
  291          2.0400         35.0000         32.0000          1.0000          0.0000
  292          2.0400         36.0000         32.0000          1.0000          0.0000
  294          2.0400         34.0000         32.0000          2.0000          0.0000
  295          2.0400         35.0000         32.0000          2.0000          0.0000
  296          2.0400         36.0000         32.0000          2.0000          0.0000
  298          2.0400         34.0000         32.0000          3.0000          0.0000
  299          2.0400         35.0000         32.0000          3.0000          0.0000
  300          2.0400         36.0000         32.0000          3.0000          0.0000
  302          2.0400         34.0000         32.0000          4.0000          0.0000
  303          2.0400         35.0000         32.0000          4.0000          0.0000
  304          2.0400         36.0000         32.0000          4.0000          0.0000
  290          2.0400         34.0000         32.0000          1.0000          0.0000
  291          2.0400         35.0000         32.0000          1.0000          0.0000
  292          2.0400         36.0000         32.0000          1.0000          0.0000
  294          2.0400         34.0000         32.0000          2.0000          0.0000
  295          2.0400         35.0000         32.0000          2.0000          0.0000
  296          2.0400         36.0000         32.0000          2.0000          0.0000
  298          2.0400         34.0000         32.0000          3.0000          0.0000
  299          2.0400         35.0000         32.0000          3.0000          0.0000
  300          2.0400         36.0000         32.0000          3.0000          0.0000
  302          2.0400         34.0000         32.0000          4.0000          0.0000
  303          2.0400         35.0000         32.0000          4.0000          0.0000
  304          2.0400         36.0000         32.0000          4.0000          0.0000
  290          3.0193         34.0000         32.0000          1.0000          0.0000
  291          3.0193         35.0000         32.0000          1.0000          0.0000
  292          3.0193         36.0000         32.0000          1.0000          0.0000
  294          3.0193         34.0000         32.0000          2.0000          0.0000
  295          3.0193         35.0000         32.0000          2.0000          0.0000
  296          3.0193         36.0000         32.0000          2.0000          0.0000
  298          3.0193         34.0000         32.0000          3.0000          0.0000
  299          3.0193         35.0000         32.0000          3.0000          0.0000
  300          3.0193         36.0000         32.0000          3.0000          0.0000
  302          3.0193         34.0000         32.0000          4.0000          0.0000
  303          3.0193         35.0000         32.0000          4.0000          0.0000
  304          3.0193         36.0000         32.0000          4.0000          0.0000
  290          3.0193         34.0000         32.0000          1.0000          0.0000
  291          3.0193         35.0000         32.0000          1.0000          0.0000
  292          3.0193         36.0000         32.0000          1.0000          0.0000
  294          3.0193         34.0000         32.0000          2.0000          0.0000
  295          3.0193         35.0000         32.0000          2.0000          0.0000
  296          3.0193         36.0000         32.0000          2.0000          0.0000
  298          3.0193         34.0000         32.0000          3.0000          0.0000
  299          3.0193         35.0000         32.0000          3.0000          0.0000
  300          3.0193         36.0000         32.0000          3.0000          0.0000
  302          3.0193         34.0000         32.0000          4.0000          0.0000
  303          3.0193         35.0000         32.0000          4.0000          0.0000
  304          3.0193         36.0000         32.0000          4.0000          0.0000
  290          4.0393         34.0000         32.0000          1.0000          0.0000
  291          4.0393         35.0000         32.0000          1.0000          0.0000
  292          4.0393         36.0000         32.0000          1.0000          0.0000
  294          4.0393         34.0000         32.0000          2.0000          0.0000
  295          4.0393         35.0000         32.0000          2.0000          0.0000
  296          4.0393         36.0000         32.0000          2.0000          0.0000
  298          4.0393         34.0000         32.0000          3.0000          0.0000
  299          4.0393         35.0000         32.0000          3.0000          0.0000
  300          4.0393         36.0000         32.0000          3.0000          0.0000
  302          4.0393         34.0000         32.0000          4.0000          0.0000
  303          4.0393         35.0000         32.0000          4.0000          0.0000
  304          4.0393         36.0000         32.0000          4.0000          0.0000
  290          4.0393         34.0000         32.0000          1.0000          0.0000
  291          4.0393         35.0000         32.0000          1.0000          0.0000
  292          4.0393         36.0000         32.0000          1.0000          0.0000
  294          4.0393         34.0000         32.0000          2.0000          0.0000
  295          4.0393         35.0000         32.0000          2.0000          0.0000
  296          4.0393         36.0000         32.0000          2.0000          0.0000
  298          4.0393         34.0000         32.0000          3.0000          0.0000
  299          4.0393         35.0000         32.0000          3.0000          0.0000
  300          4.0393         36.0000         32.0000          3.0000          0.0000
  302          4.0393         34.0000         32.0000          4.0000          0.0000
  303          4.0393         35.0000         32.0000          4.0000          0.0000
  304          4.0393         36.0000         32.0000          4.0000          0.0000
  290          5.0185         34.0000         32.0000          1.0000          0.0000
  291          5.0185         35.0000         32.0000          1.0000          0.0000
  292          5.0185         36.0000         32.0000          1.0000          0.0000
  294          5.0185         34.0000         32.0000          2.0000          0.0000
  295          5.0185         35.0000         32.0000          2.0000          0.0000
  296          5.0185         36.0000         32.0000          2.0000          0.0000
  298          5.0185         34.0000         32.0000          3.0000          0.0000
  299          5.0185         35.0000         32.0000          3.0000          0.0000
  300          5.0185         36.0000         32.0000          3.0000          0.0000
  302          5.0185         34.0000         32.0000          4.0000          0.0000
  303          5.0185         35.0000         32.0000          4.0000          0.0000
  304          5.0185         36.0000         32.0000          4.0000          0.0000
  290          5.0185         34.0000         32.0000          1.0000          0.0000
  291          5.0185         35.0000         32.0000          1.0000          0.0000
  292          5.0185         36.0000         32.0000          1.0000          0.0000
  294          5.0185         34.0000         32.0000          2.0000          0.0000
  295          5.0185         35.0000         32.0000          2.0000          0.0000
  296          5.0185         36.0000         32.0000          2.0000          0.0000
  298          5.0185         34.0000         32.0000          3.0000          0.0000
  299          5.0185         35.0000         32.0000          3.0000          0.0000
  300          5.0185         36.0000         32.0000          3.0000          0.0000
  302          5.0185         34.0000         32.0000          4.0000          0.0000
  303          5.0185         35.0000         32.0000          4.0000          0.0000
  304          5.0185         36.0000         32.0000          4.0000          0.0000
  290          6.0385         34.0000         32.0000          1.0000          0.0000
  291          6.0385         35.0000         32.0000          1.0000          0.0000
  292          6.0385         36.0000         32.0000          1.0000          0.0000
  294          6.0385         34.0000         32.0000          2.0000          0.0000
  295          6.0385         35.0000         32.0000          2.0000          0.0000
  296          6.0385         36.0000         32.0000          2.0000          0.0000
  298          6.0385         34.0000         32.0000          3.0000          0.0000
  299          6.0385         35.0000         32.0000          3.0000          0.0000
  300          6.0385         36.0000         32.0000          3.0000          0.0000
  302          6.0385         34.0000         32.0000          4.0000          0.0000
  303          6.0385         35.0000         32.0000          4.0000          0.0000
  304          6.0385         36.0000         32.0000          4.0000          0.0000
  290          6.0385         34.0000         32.0000          1.0000          0.0000
  291          6.0385         35.0000         32.0000          1.0000          0.0000
  292          6.0385         36.0000         32.0000          1.0000          0.0000
  294          6.0385         34.0000         32.0000          2.0000          0.0000
  295          6.0385         35.0000         32.0000          2.0000          0.0000
  296          6.0385         36.0000         32.0000          2.0000          0.0000
  298          6.0385         34.0000         32.0000          3.0000          0.0000
  299          6.0385         35.0000         32.0000          3.0000          0.0000
  300          6.0385         36.0000         32.0000          3.0000          0.0000
  302          6.0385         34.0000         32.0000          4.0000          0.0000
  303          6.0385         35.0000         32.0000          4.0000          0.0000
  304          6.0385         36.0000         32.0000          4.0000          0.0000
  290          7.0463         34.0000         32.0000          1.0000          0.1035
  291          7.0463         35.0000         32.0000          1.0000          0.1035
  292          7.0463         36.0000         32.0000          1.0000          0.1040
  294          7.0463         34.0000         32.0000          2.0000          0.1095
  295          7.0463         35.0000         32.0000          2.0000          0.1095
  296          7.0463         36.0000         32.0000          2.0000          0.1098
  298          7.0463         34.0000         32.0000          3.0000          0.1150
  299          7.0463         35.0000         32.0000          3.0000          0.1150
  300          7.0463         36.0000         32.0000          3.0000          0.1150
  302          7.0463         34.0000         32.0000          4.0000          0.1201
  303          7.0463         35.0000         32.0000          4.0000          0.1201
  304          7.0463         36.0000         32.0000          4.0000          0.1202
  290          7.0463         34.0000         32.0000          1.0000          0.1035
  291          7.0463         35.0000         32.0000          1.0000          0.1035
  292          7.0463         36.0000         32.0000          1.0000          0.1040
  294          7.0463         34.0000         32.0000          2.0000          0.1095
  295          7.0463         35.0000         32.0000          2.0000          0.1095
  296          7.0463         36.0000         32.0000          2.0000          0.1098
  298          7.0463         34.0000         32.0000          3.0000          0.1150
  299          7.0463         35.0000         32.0000          3.0000          0.1150
  300          7.0463         36.0000         32.0000          3.0000          0.1150
  302          7.0463         34.0000         32.0000          4.0000          0.1201
  303          7.0463         35.0000         32.0000          4.0000          0.1201
  304          7.0463         36.0000         32.0000          4.0000          0.1202
  290          8.0010         34.0000         32.0000          1.0000          2.2469
  291          8.0010         35.0000         32.0000          1.0000          2.2462
  292          8.0010         36.0000         32.0000          1.0000          2.2573
  294          8.0010         34.0000         32.0000          2.0000          2.3777
  295          8.0010         35.0000         32.0000          2.0000          2.3774
  296          8.0010         36.0000         32.0000          2.0000          2.3825
  298          8.0010         34.0000         32.0000          3.0000          2.4959
  299          8.0010         35.0000         32.0000          3.0000          2.4958
  300          8.0010         36.0000         32.0000          3.0000          2.4970
  302          8.0010         34.0000         32.0000          4.0000          2.6077
  303          8.0010         35.0000         32.0000          4.0000          2.6076
  304          8.0010         36.0000         32.0000          4.0000          2.6095
  290          8.0010         34.0000         32.0000          1.0000          2.2465
  291          8.0010         35.0000         32.0000          1.0000          2.2458
  292          8.0010         36.0000         32.0000          1.0000          2.2570
  294          8.0010         34.0000         32.0000          2.0000          2.3775
  295          8.0010         35.0000         32.0000          2.0000          2.3772
  296          8.0010         36.0000         32.0000          2.0000          2.3824
  298          8.0010         34.0000         32.0000          3.0000          2.4958
  299          8.0010         35.0000         32.0000          3.0000          2.4956
  300          8.0010         36.0000         32.0000          3.0000          2.4968
  302          8.0010         34.0000         32.0000          4.0000          2.6076
  303          8.0010         35.0000         32.0000          4.0000          2.6075
  304          8.0010         36.0000         32.0000          4.0000          2.6094
  290          8.0010         34.0000         32.0000          1.0000          2.2461
  291          8.0010         35.0000         32.0000          1.0000          2.2455
  292          8.0010         36.0000         32.0000          1.0000          2.2567
  294          8.0010         34.0000         32.0000          2.0000          2.3773
  295          8.0010         35.0000         32.0000          2.0000          2.3770
  296          8.0010         36.0000         32.0000          2.0000          2.3822
  298          8.0010         34.0000         32.0000          3.0000          2.4956
  299          8.0010         35.0000         32.0000          3.0000          2.4954
  300          8.0010         36.0000         32.0000          3.0000          2.4966
  302          8.0010         34.0000         32.0000          4.0000          2.6075
  303          8.0010         35.0000         32.0000          4.0000          2.6073
  304          8.0010         36.0000         32.0000          4.0000          2.6092
  290          9.0154         34.0000         32.0000          1.0000         11.7970
  291          9.0154         35.0000         32.0000          1.0000         11.8538
  292          9.0154         36.0000         32.0000          1.0000         11.9212
  294          9.0154         34.0000         32.0000          2.0000         12.5035
  295          9.0154         35.0000         32.0000          2.0000         12.5101
  296          9.0154         36.0000         32.0000          2.0000         12.5386
  298          9.0154         34.0000         32.0000          3.0000         13.0987
  299          9.0154         35.0000         32.0000          3.0000         13.0984
  300          9.0154         36.0000         32.0000          3.0000         13.1028
  302          9.0154         34.0000         32.0000          4.0000         13.6527
  303          9.0154         35.0000         32.0000          4.0000         13.6509
  304          9.0154         36.0000         32.0000          4.0000         13.6581
  290          9.0154         34.0000         32.0000          1.0000         11.7945
  291          9.0154         35.0000         32.0000          1.0000         11.8515
  292          9.0154         36.0000         32.0000          1.0000         11.9192
  294          9.0154         34.0000         32.0000          2.0000         12.5020
  295          9.0154         35.0000         32.0000          2.0000         12.5086
  296          9.0154         36.0000         32.0000          2.0000         12.5372
  298          9.0154         34.0000         32.0000          3.0000         13.0975
  299          9.0154         35.0000         32.0000          3.0000         13.0973
  300          9.0154         36.0000         32.0000          3.0000         13.1018
  302          9.0154         34.0000         32.0000          4.0000         13.6517
  303          9.0154         35.0000         32.0000          4.0000         13.6499
  304          9.0154         36.0000         32.0000          4.0000         13.6572
  290          9.0154         34.0000         32.0000          1.0000         11.7920
  291          9.0154         35.0000         32.0000          1.0000         11.8491
  292          9.0154         36.0000         32.0000          1.0000         11.9171
  294          9.0154         34.0000         32.0000          2.0000         12.5004
  295          9.0154         35.0000         32.0000          2.0000         12.5071
  296          9.0154         36.0000         32.0000          2.0000         12.5358
  298          9.0154         34.0000         32.0000          3.0000         13.0963
  299          9.0154         35.0000         32.0000          3.0000         13.0962
  300          9.0154         36.0000         32.0000          3.0000         13.1007
  302          9.0154         34.0000         32.0000          4.0000         13.6508
  303          9.0154         35.0000         32.0000          4.0000         13.6490
  304          9.0154         36.0000         32.0000          4.0000         13.6563
  290         10.0100         34.0000         32.0000          1.0000         20.4476
  291         10.0100         35.0000         32.0000          1.0000         20.6364
  292         10.0100         36.0000         32.0000          1.0000         20.7716
  294         10.0100         34.0000         32.0000          2.0000         21.7119
  295         10.0100         35.0000         32.0000          2.0000         21.7408
  296         10.0100         36.0000         32.0000          2.0000         21.8021
  298         10.0100         34.0000         32.0000          3.0000         22.7199
  299         10.0100         35.0000         32.0000          3.0000         22.7267
  300         10.0100         36.0000         32.0000          3.0000         22.7415
  302         10.0100         34.0000         32.0000          4.0000         23.6463
  303         10.0100         35.0000         32.0000          4.0000         23.6474
  304         10.0100         36.0000         32.0000          4.0000         23.6641
  290         10.0100         34.0000         32.0000          1.0000         20.4426
  291         10.0100         35.0000         32.0000          1.0000         20.6318
  292         10.0100         36.0000         32.0000          1.0000         20.7676
  294         10.0100         34.0000         32.0000          2.0000         21.7089
  295         10.0100         35.0000         32.0000          2.0000         21.7378
  296         10.0100         36.0000         32.0000          2.0000         21.7994
  298         10.0100         34.0000         32.0000          3.0000         22.7176
  299         10.0100         35.0000         32.0000          3.0000         22.7244
  300         10.0100         36.0000         32.0000          3.0000         22.7394
  302         10.0100         34.0000         32.0000          4.0000         23.6445
  303         10.0100         35.0000         32.0000          4.0000         23.6456
  304         10.0100         36.0000         32.0000          4.0000         23.6623
  290         10.0100         34.0000         32.0000          1.0000         20.4377
  291         10.0100         35.0000         32.0000          1.0000         20.6272
  292         10.0100         36.0000         32.0000          1.0000         20.7635
  294         10.0100         34.0000         32.0000          2.0000         21.7058
  295         10.0100         35.0000         32.0000          2.0000         21.7349
  296         10.0100         36.0000         32.0000          2.0000         21.7967
  298         10.0100         34.0000         32.0000          3.0000         22.7154
  299         10.0100         35.0000         32.0000          3.0000         22.7222
  300         10.0100         36.0000         32.0000          3.0000         22.7373
  302         10.0100         34.0000         32.0000          4.0000         23.6427
  303         10.0100         35.0000         32.0000          4.0000         23.6438
  304         10.0100         36.0000         32.0000          4.0000         23.6606
  290         11.0146         34.0000         32.0000          1.0000         29.4785
  291         11.0146         35.0000         32.0000          1.0000         29.6077
  292         11.0146         36.0000         32.0000          1.0000         29.8877
  294         11.0146         34.0000         32.0000          2.0000         31.3054
  295         11.0146         35.0000         32.0000          2.0000         31.3298
  296         11.0146         36.0000         32.0000          2.0000         31.4232
  298         11.0146         34.0000         32.0000          3.0000         32.7923
  299         11.0146         35.0000         32.0000          3.0000         32.7979
  300         11.0146         36.0000         32.0000          3.0000         32.8202
  302         11.0146         34.0000         32.0000          4.0000         34.1625
  303         11.0146         35.0000         32.0000          4.0000         34.1630
  304         11.0146         36.0000         32.0000          4.0000         34.1884
  290         11.0146         34.0000         32.0000          1.0000         29.4720
  291         11.0146         35.0000         32.0000          1.0000         29.6017
  292         11.0146         36.0000         32.0000          1.0000         29.8823
  294         11.0146         34.0000         32.0000          2.0000         31.3014
  295         11.0146         35.0000         32.0000          2.0000         31.3260
  296         11.0146         36.0000         32.0000          2.0000         31.4196
  298         11.0146         34.0000         32.0000          3.0000         32.7893
  299         11.0146         35.0000         32.0000          3.0000         32.7950
  300         11.0146         36.0000         32.0000          3.0000         32.8174
  302         11.0146         34.0000         32.0000          4.0000         34.1601
  303         11.0146         35.0000         32.0000          4.0000         34.1606
  304         11.0146         36.0000         32.0000          4.0000         34.1861
  290         11.0146         34.0000         32.0000          1.0000         29.4655
  291         11.0146         35.0000         32.0000          1.0000         29.5956
  292         11.0146         36.0000         32.0000          1.0000         29.8770
  294         11.0146         34.0000         32.0000          2.0000         31.2974
  295         11.0146         35.0000         32.0000          2.0000         31.3221
  296         11.0146         36.0000         32.0000          2.0000         31.4160
  298         11.0146         34.0000         32.0000          3.0000         32.7863
  299         11.0146         35.0000         32.0000          3.0000         32.7921
  300         11.0146         36.0000         32.0000          3.0000         32.8146
  302         11.0146         34.0000         32.0000          4.0000         34.1577
  303         11.0146         35.0000         32.0000          4.0000         34.1582
  304         11.0146         36.0000         32.0000          4.0000         34.1838
  290         12.0078         34.0000         32.0000          1.0000         32.0746
  291         12.0078         35.0000         32.0000          1.0000         31.9808
  292         12.0078         36.0000         32.0000          1.0000         32.1250
  294         12.0078         34.0000         32.0000          2.0000         34.1288
  295         12.0078         35.0000         32.0000          2.0000         34.0882
  296         12.0078         36.0000         32.0000          2.0000         34.1507
  298         12.0078         34.0000         32.0000          3.0000         35.6870
  299         12.0078         35.0000         32.0000          3.0000         35.6737
  300         12.0078         36.0000         32.0000          3.0000         35.6892
  302         12.0078         34.0000         32.0000          4.0000         37.1004
  303         12.0078         35.0000         32.0000          4.0000         37.0966
  304         12.0078         36.0000         32.0000          4.0000         37.1223
  290         12.0078         34.0000         32.0000          1.0000         32.0661
  291         12.0078         35.0000         32.0000          1.0000         31.9732
  292         12.0078         36.0000         32.0000          1.0000         32.1184
  294         12.0078         34.0000         32.0000          2.0000         34.1237
  295         12.0078         35.0000         32.0000          2.0000         34.0833
  296         12.0078         36.0000         32.0000          2.0000         34.1462
  298         12.0078         34.0000         32.0000          3.0000         35.6832
  299         12.0078         35.0000         32.0000          3.0000         35.6700
  300         12.0078         36.0000         32.0000          3.0000         35.6857
  302         12.0078         34.0000         32.0000          4.0000         37.0974
  303         12.0078         35.0000         32.0000          4.0000         37.0935
  304         12.0078         36.0000         32.0000          4.0000         37.1194
  290         12.0078         34.0000         32.0000          1.0000         32.0576
  291         12.0078         35.0000         32.0000          1.0000         31.9656
  292         12.0078         36.0000         32.0000          1.0000         32.1118
  294         12.0078         34.0000         32.0000          2.0000         34.1185
  295         12.0078         35.0000         32.0000          2.0000         34.0784
  296         12.0078         36.0000         32.0000          2.0000         34.1417
  298         12.0078         34.0000         32.0000          3.0000         35.6795
  299         12.0078         35.0000         32.0000          3.0000         35.6663
  300         12.0078         36.0000         32.0000          3.0000         35.6822
  302         12.0078         34.0000         32.0000          4.0000         37.0943
  303         12.0078         35.0000         32.0000          4.0000         37.0905
  304         12.0078         36.0000         32.0000          4.0000         37.1165
  290         12.0078         34.0000         32.0000          1.0000         32.0492
  291         12.0078         35.0000         32.0000          1.0000         31.9580
  292         12.0078         36.0000         32.0000          1.0000         32.1052
  294         12.0078         34.0000         32.0000          2.0000         34.1133
  295         12.0078         35.0000         32.0000          2.0000         34.0734
  296         12.0078         36.0000         32.0000          2.0000         34.1372
  298         12.0078         34.0000         32.0000          3.0000         35.6757
  299         12.0078         35.0000         32.0000          3.0000         35.6626
  300         12.0078         36.0000         32.0000          3.0000         35.6787
  302         12.0078         34.0000         32.0000          4.0000         37.0913
  303         12.0078         35.0000         32.0000          4.0000         37.0875
  304         12.0078         36.0000         32.0000          4.0000         37.1136
  290         13.0162         34.0000         32.0000          1.0000         32.0504
  291         13.0162         35.0000         32.0000          1.0000         31.9847
  292         13.0162         36.0000         32.0000          1.0000         32.1379
  294         13.0162         34.0000         32.0000          2.0000         34.1918
  295         13.0162         35.0000         32.0000          2.0000         34.1614
  296         13.0162         36.0000         32.0000          2.0000         34.2365
  298         13.0162         34.0000         32.0000          3.0000         35.7396
  299         13.0162         35.0000         32.0000          3.0000         35.7287
  300         13.0162         36.0000         32.0000          3.0000         35.7510
  302         13.0162         34.0000         32.0000          4.0000         37.1165
  303         13.0162         35.0000         32.0000          4.0000         37.1133
  304         13.0162         36.0000         32.0000          4.0000         37.1415
  290         13.0162         34.0000         32.0000          1.0000         32.0412
  291         13.0162         35.0000         32.0000          1.0000         31.9764
  292         13.0162         36.0000         32.0000          1.0000         32.1307
  294         13.0162         34.0000         32.0000          2.0000         34.1862
  295         13.0162         35.0000         32.0000          2.0000         34.1560
  296         13.0162         36.0000         32.0000          2.0000         34.2316
  298         13.0162         34.0000         32.0000          3.0000         35.7355
  299         13.0162         35.0000         32.0000          3.0000         35.7247
  300         13.0162         36.0000         32.0000          3.0000         35.7472
  302         13.0162         34.0000         32.0000          4.0000         37.1132
  303         13.0162         35.0000         32.0000          4.0000         37.1100
  304         13.0162         36.0000         32.0000          4.0000         37.1383
  290         14.0010         34.0000         32.0000          1.0000         33.9152
  291         14.0010         35.0000         32.0000          1.0000         33.8747
  292         14.0010         36.0000         32.0000          1.0000         34.0687
  294         14.0010         34.0000         32.0000          2.0000         36.0531
  295         14.0010         35.0000         32.0000          2.0000         36.0366
  296         14.0010         36.0000         32.0000          2.0000         36.1257
  298         14.0010         34.0000         32.0000          3.0000         37.7572
  299         14.0010         35.0000         32.0000          3.0000         37.7518
  300         14.0010         36.0000         32.0000          3.0000         37.7755
  302         14.0010         34.0000         32.0000          4.0000         39.3187
  303         14.0010         35.0000         32.0000          4.0000         39.3169
  304         14.0010         36.0000         32.0000          4.0000         39.3470
  290         14.0010         34.0000         32.0000          1.0000         33.9075
  291         14.0010         35.0000         32.0000          1.0000         33.8676
  292         14.0010         36.0000         32.0000          1.0000         34.0626
  294         14.0010         34.0000         32.0000          2.0000         36.0483
  295         14.0010         35.0000         32.0000          2.0000         36.0320
  296         14.0010         36.0000         32.0000          2.0000         36.1215
  298         14.0010         34.0000         32.0000          3.0000         37.7537
  299         14.0010         35.0000         32.0000          3.0000         37.7484
  300         14.0010         36.0000         32.0000          3.0000         37.7722
  302         14.0010         34.0000         32.0000          4.0000         39.3159
  303         14.0010         35.0000         32.0000          4.0000         39.3140
  304         14.0010         36.0000         32.0000          4.0000         39.3443
  290         14.0010         34.0000         32.0000          1.0000         33.8997
  291         14.0010         35.0000         32.0000          1.0000         33.8606
  292         14.0010         36.0000         32.0000          1.0000         34.0564
  294         14.0010         34.0000         32.0000          2.0000         36.0435
  295         14.0010         35.0000         32.0000          2.0000         36.0274
  296         14.0010         36.0000         32.0000          2.0000         36.1173
  298         14.0010         34.0000         32.0000          3.0000         37.7502
  299         14.0010         35.0000         32.0000          3.0000         37.7450
  300         14.0010         36.0000         32.0000          3.0000         37.7690
  302         14.0010         34.0000         32.0000          4.0000         39.3130
  303         14.0010         35.0000         32.0000          4.0000         39.3112
  304         14.0010         36.0000         32.0000          4.0000         39.3416
  290         15.0012         34.0000         32.0000          1.0000         30.0914
  291         15.0012         35.0000         32.0000          1.0000         29.9834
  292         15.0012         36.0000         32.0000          1.0000         30.1192
  294         15.0012         34.0000         32.0000          2.0000         32.0664
  295         15.0012         35.0000         32.0000          2.0000         32.0206
  296         15.0012         36.0000         32.0000          2.0000         32.0815
  298         15.0012         34.0000         32.0000          3.0000         33.4983
  299         15.0012         35.0000         32.0000          3.0000         33.4840
  300         15.0012         36.0000         32.0000          3.0000         33.5006
  302         15.0012         34.0000         32.0000          4.0000         34.7811
  303         15.0012         35.0000         32.0000          4.0000         34.7772
  304         15.0012         36.0000         32.0000          4.0000         34.8022
  290         15.0012         34.0000         32.0000          1.0000         30.0827
  291         15.0012         35.0000         32.0000          1.0000         29.9756
  292         15.0012         36.0000         32.0000          1.0000         30.1125
  294         15.0012         34.0000         32.0000          2.0000         32.0611
  295         15.0012         35.0000         32.0000          2.0000         32.0155
  296         15.0012         36.0000         32.0000          2.0000         32.0769
  298         15.0012         34.0000         32.0000          3.0000         33.4944
  299         15.0012         35.0000         32.0000          3.0000         33.4802
  300         15.0012         36.0000         32.0000          3.0000         33.4970
  302         15.0012         34.0000         32.0000          4.0000         34.7779
  303         15.0012         35.0000         32.0000          4.0000         34.7741
  304         15.0012         36.0000         32.0000          4.0000         34.7992
  290         15.0012         34.0000         32.0000          1.0000         30.0740
  291         15.0012         35.0000         32.0000          1.0000         29.9677
  292         15.0012         36.0000         32.0000          1.0000         30.1057
  294         15.0012         34.0000         32.0000          2.0000         32.0557
  295         15.0012         35.0000         32.0000          2.0000         32.0104
  296         15.0012         36.0000         32.0000          2.0000         32.0723
  298         15.0012         34.0000         32.0000          3.0000         33.4905
  299         15.0012         35.0000         32.0000          3.0000         33.4764
  300         15.0012         36.0000         32.0000          3.0000         33.4934
  302         15.0012         34.0000         32.0000          4.0000         34.7748
  303         15.0012         35.0000         32.0000          4.0000         34.7710
  304         15.0012         36.0000         32.0000          4.0000         34.7962
  290         16.0025         34.0000         32.0000          1.0000         26.0756
  291         16.0025         35.0000         32.0000          1.0000         25.8318
  292         16.0025         36.0000         32.0000          1.0000         25.9100
  294         16.0025         34.0000         32.0000          2.0000         27.5809
  295         16.0025         35.0000         32.0000          2.0000         27.5305
  296         16.0025         36.0000         32.0000          2.0000         27.5654
  298         16.0025         34.0000         32.0000          3.0000         28.7948
  299         16.0025         35.0000         32.0000          3.0000         28.7809
  300         16.0025         36.0000         32.0000          3.0000         28.7894
  302         16.0025         34.0000         32.0000          4.0000         29.9043
  303         16.0025         35.0000         32.0000          4.0000         29.9007
  304         16.0025         36.0000         32.0000          4.0000         29.9204
  290         16.0025         34.0000         32.0000          1.0000         26.0682
  291         16.0025         35.0000         32.0000          1.0000         25.8252
  292         16.0025         36.0000         32.0000          1.0000         25.9043
  294         16.0025         34.0000         32.0000          2.0000         27.5764
  295         16.0025         35.0000         32.0000          2.0000         27.5262
  296         16.0025         36.0000         32.0000          2.0000         27.5615
  298         16.0025         34.0000         32.0000          3.0000         28.7915
  299         16.0025         35.0000         32.0000          3.0000         28.7777
  300         16.0025         36.0000         32.0000          3.0000         28.7864
  302         16.0025         34.0000         32.0000          4.0000         29.9016
  303         16.0025         35.0000         32.0000          4.0000         29.8980
  304         16.0025         36.0000         32.0000          4.0000         29.9179
  290         16.0025         34.0000         32.0000          1.0000         26.0608
  291         16.0025         35.0000         32.0000          1.0000         25.8185
  292         16.0025         36.0000         32.0000          1.0000         25.8985
  294         16.0025         34.0000         32.0000          2.0000         27.5719
  295         16.0025         35.0000         32.0000          2.0000         27.5219
  296         16.0025         36.0000         32.0000          2.0000         27.5576
  298         16.0025         34.0000         32.0000          3.0000         28.7882
  299         16.0025         35.0000         32.0000          3.0000         28.7745
  300         16.0025         36.0000         32.0000          3.0000         28.7834
  302         16.0025         34.0000         32.0000          4.0000         29.8989
  303         16.0025         35.0000         32.0000          4.0000         29.8954
  304         16.0025         36.0000         32.0000          4.0000         29.9153
  290         17.0138         34.0000         32.0000          1.0000         20.5624
  291         17.0138         35.0000         32.0000          1.0000         20.4942
  292         17.0138         36.0000         32.0000          1.0000         20.5809
  294         17.0138         34.0000         32.0000          2.0000         21.7535
  295         17.0138         35.0000         32.0000          2.0000         21.7381
  296         17.0138         36.0000         32.0000          2.0000         21.7760
  298         17.0138         34.0000         32.0000          3.0000         22.7909
  299         17.0138         35.0000         32.0000          3.0000         22.7860
  300         17.0138         36.0000         32.0000          3.0000         22.7941
  302         17.0138         34.0000         32.0000          4.0000         23.7617
  303         17.0138         35.0000         32.0000          4.0000         23.7600
  304         17.0138         36.0000         32.0000          4.0000         23.7764
  290         17.0138         34.0000         32.0000          1.0000         20.5582
  291         17.0138         35.0000         32.0000          1.0000         20.4904
  292         17.0138         36.0000         32.0000          1.0000         20.5775
  294         17.0138         34.0000         32.0000          2.0000         21.7509
  295         17.0138         35.0000         32.0000          2.0000         21.7357
  296         17.0138         36.0000         32.0000          2.0000         21.7738
  298         17.0138         34.0000         32.0000          3.0000         22.7890
  299         17.0138         35.0000         32.0000          3.0000         22.7841
  300         17.0138         36.0000         32.0000          3.0000         22.7924
  302         17.0138         34.0000         32.0000          4.0000         23.7602
  303         17.0138         35.0000         32.0000          4.0000         23.7585
  304         17.0138         36.0000         32.0000          4.0000         23.7749
  290         17.0138         34.0000         32.0000          1.0000         20.5540
  291         17.0138         35.0000         32.0000          1.0000         20.4866
  292         17.0138         36.0000         32.0000          1.0000         20.5742
  294         17.0138         34.0000         32.0000          2.0000         21.7483
  295         17.0138         35.0000         32.0000          2.0000         21.7332
  296         17.0138         36.0000         32.0000          2.0000         21.7715
  298         17.0138         34.0000         32.0000          3.0000         22.7871
  299         17.0138         35.0000         32.0000          3.0000         22.7823
  300         17.0138         36.0000         32.0000          3.0000         22.7906
  302         17.0138         34.0000         32.0000          4.0000         23.7586
  303         17.0138         35.0000         32.0000          4.0000         23.7570
  304         17.0138         36.0000         32.0000          4.0000         23.7734
  290         18.0179         34.0000         32.0000          1.0000         12.7707
  291         18.0179         35.0000         32.0000          1.0000         12.6990
  292         18.0179         36.0000         32.0000          1.0000         12.7469
  294         18.0179         34.0000         32.0000          2.0000         13.4753
  295         18.0179         35.0000         32.0000          2.0000         13.4642
  296         18.0179         36.0000         32.0000          2.0000         13.4865
  298         18.0179         34.0000         32.0000          3.0000         14.1078
  299         18.0179         35.0000         32.0000          3.0000         14.1057
  300         18.0179         36.0000         32.0000          3.0000         14.1113
  302         18.0179         34.0000         32.0000          4.0000         14.7016
  303         18.0179         35.0000         32.0000          4.0000         14.7018
  304         18.0179         36.0000         32.0000          4.0000         14.7127
  290         18.0179         34.0000         32.0000          1.0000         12.7679
  291         18.0179         35.0000         32.0000          1.0000         12.6965
  292         18.0179         36.0000         32.0000          1.0000         12.7447
  294         18.0179         34.0000         32.0000          2.0000         13.4736
  295         18.0179         35.0000         32.0000          2.0000         13.4626
  296         18.0179         36.0000         32.0000          2.0000         13.4850
  298         18.0179         34.0000         32.0000          3.0000         14.1065
  299         18.0179         35.0000         32.0000          3.0000         14.1045
  300         18.0179         36.0000         32.0000          3.0000         14.1101
  302         18.0179         34.0000         32.0000          4.0000         14.7006
  303         18.0179         35.0000         32.0000          4.0000         14.7008
  304         18.0179         36.0000         32.0000          4.0000         14.7118
  290         18.0179         34.0000         32.0000          1.0000         12.7651
  291         18.0179         35.0000         32.0000          1.0000         12.6940
  292         18.0179         36.0000         32.0000          1.0000         12.7425
  294         18.0179         34.0000         32.0000          2.0000         13.4719
  295         18.0179         35.0000         32.0000          2.0000         13.4609
  296         18.0179         36.0000         32.0000          2.0000         13.4835
  298         18.0179         34.0000         32.0000          3.0000         14.1053
  299         18.0179         35.0000         32.0000          3.0000         14.1032
  300         18.0179         36.0000         32.0000          3.0000         14.1089
  302         18.0179         34.0000         32.0000          4.0000         14.6995
  303         18.0179         35.0000         32.0000          4.0000         14.6998
  304         18.0179         36.0000         32.0000          4.0000         14.7108
  290         19.0133         34.0000         32.0000          1.0000          3.5100
  291         19.0133         35.0000         32.0000          1.0000          3.5091
  292         19.0133         36.0000         32.0000          1.0000          3.5266
  294         19.0133         34.0000         32.0000          2.0000          3.7152
  295         19.0133         35.0000         32.0000          2.0000          3.7149
  296         19.0133         36.0000         32.0000          2.0000          3.7230
  298         19.0133         34.0000         32.0000          3.0000          3.9002
  299         19.0133         35.0000         32.0000          3.0000          3.9001
  300         19.0133         36.0000         32.0000          3.0000          3.9020
  302         19.0133         34.0000         32.0000          4.0000          4.0748
  303         19.0133         35.0000         32.0000          4.0000          4.0748
  304         19.0133         36.0000         32.0000          4.0000          4.0778
  290         19.0133         34.0000         32.0000          1.0000          3.5094
  291         19.0133         35.0000         32.0000          1.0000          3.5086
  292         19.0133         36.0000         32.0000          1.0000          3.5261
  294         19.0133         34.0000         32.0000          2.0000          3.7148
  295         19.0133         35.0000         32.0000          2.0000          3.7145
  296         19.0133         36.0000         32.0000          2.0000          3.7227
  298         19.0133         34.0000         32.0000          3.0000          3.8999
  299         19.0133         35.0000         32.0000          3.0000          3.8998
  300         19.0133         36.0000         32.0000          3.0000          3.9018
  302         19.0133         34.0000         32.0000          4.0000          4.0746
  303         19.0133         35.0000         32.0000          4.0000          4.0745
  304         19.0133         36.0000         32.0000          4.0000          4.0776
  290         20.0143         34.0000         32.0000          1.0000          0.0000
  291         20.0143         35.0000         32.0000          1.0000          0.0000
  292         20.0143         36.0000         32.0000          1.0000          0.0000
  294         20.0143         34.0000         32.0000          2.0000          0.0000
  295         20.0143         35.0000         32.0000          2.0000          0.0000
  296         20.0143         36.0000         32.0000          2.0000          0.0000
  298         20.0143         34.0000         32.0000          3.0000          0.0000
  299         20.0143         35.0000         32.0000          3.0000          0.0000
  300         20.0143         36.0000         32.0000          3.0000          0.0000
  302         20.0143         34.0000         32.0000          4.0000          0.0000
  303         20.0143         35.0000         32.0000          4.0000          0.0000
  304         20.0143         36.0000         32.0000          4.0000          0.0000
  290         20.0143         34.0000         32.0000          1.0000          0.0000
  291         20.0143         35.0000         32.0000          1.0000          0.0000
  292         20.0143         36.0000         32.0000          1.0000          0.0000
  294         20.0143         34.0000         32.0000          2.0000          0.0000
  295         20.0143         35.0000         32.0000          2.0000          0.0000
  296         20.0143         36.0000         32.0000          2.0000          0.0000
  298         20.0143         34.0000         32.0000          3.0000          0.0000
  299         20.0143         35.0000         32.0000          3.0000          0.0000
  300         20.0143         36.0000         32.0000          3.0000          0.0000
  302         20.0143         34.0000         32.0000          4.0000          0.0000
  303         20.0143         35.0000         32.0000          4.0000          0.0000
  304         20.0143         36.0000         32.0000          4.0000          0.0000
  290         21.0154         34.0000         32.0000          1.0000          0.0000
  291         21.0154         35.0000         32.0000          1.0000          0.0000
  292         21.0154         36.0000         32.0000          1.0000          0.0000
  294         21.0154         34.0000         32.0000          2.0000          0.0000
  295         21.0154         35.0000         32.0000          2.0000          0.0000
  296         21.0154         36.0000         32.0000          2.0000          0.0000
  298         21.0154         34.0000         32.0000          3.0000          0.0000
  299         21.0154         35.0000         32.0000          3.0000          0.0000
  300         21.0154         36.0000         32.0000          3.0000          0.0000
  302         21.0154         34.0000         32.0000          4.0000          0.0000
  303         21.0154         35.0000         32.0000          4.0000          0.0000
  304         21.0154         36.0000         32.0000          4.0000          0.0000
  290         21.0154         34.0000         32.0000          1.0000          0.0000
  291         21.0154         35.0000         32.0000          1.0000          0.0000
  292         21.0154         36.0000         32.0000          1.0000          0.0000
  294         21.0154         34.0000         32.0000          2.0000          0.0000
  295         21.0154         35.0000         32.0000          2.0000          0.0000
  296         21.0154         36.0000         32.0000          2.0000          0.0000
  298         21.0154         34.0000         32.0000          3.0000          0.0000
  299         21.0154         35.0000         32.0000          3.0000          0.0000
  300         21.0154         36.0000         32.0000          3.0000          0.0000
  302         21.0154         34.0000         32.0000          4.0000          0.0000
  303         21.0154         35.0000         32.0000          4.0000          0.0000
  304         21.0154         36.0000         32.0000          4.0000          0.0000
  290         22.0091         34.0000         32.0000          1.0000          0.0000
  291         22.0091         35.0000         32.0000          1.0000          0.0000
  292         22.0091         36.0000         32.0000          1.0000          0.0000
  294         22.0091         34.0000         32.0000          2.0000          0.0000
  295         22.0091         35.0000         32.0000          2.0000          0.0000
  296         22.0091         36.0000         32.0000          2.0000          0.0000
  298         22.0091         34.0000         32.0000          3.0000          0.0000
  299         22.0091         35.0000         32.0000          3.0000          0.0000
  300         22.0091         36.0000         32.0000          3.0000          0.0000
  302         22.0091         34.0000         32.0000          4.0000          0.0000
  303         22.0091         35.0000         32.0000          4.0000          0.0000
  304         22.0091         36.0000         32.0000          4.0000          0.0000
  290         22.0091         34.0000         32.0000          1.0000          0.0000
  291         22.0091         35.0000         32.0000          1.0000          0.0000
  292         22.0091         36.0000         32.0000          1.0000          0.0000
  294         22.0091         34.0000         32.0000          2.0000          0.0000
  295         22.0091         35.0000         32.0000          2.0000          0.0000
  296         22.0091         36.0000         32.0000          2.0000          0.0000
  298         22.0091         34.0000         32.0000          3.0000          0.0000
  299         22.0091         35.0000         32.0000          3.0000          0.0000
  300         22.0091         36.0000         32.0000          3.0000          0.0000
  302         22.0091         34.0000         32.0000          4.0000          0.0000
  303         22.0091         35.0000         32.0000          4.0000          0.0000
  304         22.0091         36.0000         32.0000          4.0000          0.0000
  290         23.0248         34.0000         32.0000          1.0000          0.0000
  291         23.0248         35.0000         32.0000          1.0000          0.0000
  292         23.0248         36.0000         32.0000          1.0000          0.0000
  294         23.0248         34.0000         32.0000          2.0000          0.0000
  295         23.0248         35.0000         32.0000          2.0000          0.0000
  296         23.0248         36.0000         32.0000          2.0000          0.0000
  298         23.0248         34.0000         32.0000          3.0000          0.0000
  299         23.0248         35.0000         32.0000          3.0000          0.0000
  300         23.0248         36.0000         32.0000          3.0000          0.0000
  302         23.0248         34.0000         32.0000          4.0000          0.0000
  303         23.0248         35.0000         32.0000          4.0000          0.0000
  304         23.0248         36.0000         32.0000          4.0000          0.0000
  290         23.0248         34.0000         32.0000          1.0000          0.0000
  291         23.0248         35.0000         32.0000          1.0000          0.0000
  292         23.0248         36.0000         32.0000          1.0000          0.0000
  294         23.0248         34.0000         32.0000          2.0000          0.0000
  295         23.0248         35.0000         32.0000          2.0000          0.0000
  296         23.0248         36.0000         32.0000          2.0000          0.0000
  298         23.0248         34.0000         32.0000          3.0000          0.0000
  299         23.0248         35.0000         32.0000          3.0000          0.0000
  300         23.0248         36.0000         32.0000          3.0000          0.0000
  302         23.0248         34.0000         32.0000          4.0000          0.0000
  303         23.0248         35.0000         32.0000          4.0000          0.0000
  304         23.0248         36.0000         32.0000          4.0000          0.0000
