  257          1.0064         33.0000         37.0000          1.0000        303.6008
  261          1.0064         33.0000         37.0000          2.0000        303.5409
  265          1.0064         33.0000         37.0000          3.0000        303.4973
  269          1.0064         33.0000         37.0000          4.0000        303.4529
  257          1.0064         33.0000         37.0000          1.0000        303.6006
  261          1.0064         33.0000         37.0000          2.0000        303.5405
  265          1.0064         33.0000         37.0000          3.0000        303.4967
  269          1.0064         33.0000         37.0000          4.0000        303.4523
  257          2.0400         33.0000         37.0000          1.0000        303.1403
  261          2.0400         33.0000         37.0000          2.0000        303.0770
  265          2.0400         33.0000         37.0000          3.0000        303.0314
  269          2.0400         33.0000         37.0000          4.0000        302.9857
  257          2.0400         33.0000         37.0000          1.0000        303.1392
  261          2.0400         33.0000         37.0000          2.0000        303.0755
  265          2.0400         33.0000         37.0000          3.0000        303.0299
  269          2.0400         33.0000         37.0000          4.0000        302.9842
  257          3.0193         33.0000         37.0000          1.0000        302.8197
  261          3.0193         33.0000         37.0000          2.0000        302.7496
  265          3.0193         33.0000         37.0000          3.0000        302.7014
  269          3.0193         33.0000         37.0000          4.0000        302.6546
  257          3.0193         33.0000         37.0000          1.0000        302.8195
  261          3.0193         33.0000         37.0000          2.0000        302.7492
  265          3.0193         33.0000         37.0000          3.0000        302.7009
  269          3.0193         33.0000         37.0000          4.0000        302.6540
  257          4.0393         33.0000         37.0000          1.0000        302.4787
  261          4.0393         33.0000         37.0000          2.0000        302.4030
  265          4.0393         33.0000         37.0000          3.0000        302.3524
  269          4.0393         33.0000         37.0000          4.0000        302.3043
  257          4.0393         33.0000         37.0000          1.0000        302.4784
  261          4.0393         33.0000         37.0000          2.0000        302.4024
  265          4.0393         33.0000         37.0000          3.0000        302.3517
  269          4.0393         33.0000         37.0000          4.0000        302.3036
  257          5.0185         33.0000         37.0000          1.0000        302.1328
  261          5.0185         33.0000         37.0000          2.0000        302.0517
  265          5.0185         33.0000         37.0000          3.0000        301.9985
  269          5.0185         33.0000         37.0000          4.0000        301.9487
  257          5.0185         33.0000         37.0000          1.0000        302.1326
  261          5.0185         33.0000         37.0000          2.0000        302.0513
  265          5.0185         33.0000         37.0000          3.0000        301.9980
  269          5.0185         33.0000         37.0000          4.0000        301.9483
  257          6.0385         33.0000         37.0000          1.0000        301.8493
  261          6.0385         33.0000         37.0000          2.0000        301.7666
  265          6.0385         33.0000         37.0000          3.0000        301.7135
  269          6.0385         33.0000         37.0000          4.0000        301.6647
  257          6.0385         33.0000         37.0000          1.0000        301.8492
  261          6.0385         33.0000         37.0000          2.0000        301.7662
  265          6.0385         33.0000         37.0000          3.0000        301.7131
  269          6.0385         33.0000         37.0000          4.0000        301.6642
  257          7.0463         33.0000         37.0000          1.0000        301.5675
  261          7.0463         33.0000         37.0000          2.0000        301.4830
  265          7.0463         33.0000         37.0000          3.0000        301.4299
  269          7.0463         33.0000         37.0000          4.0000        301.3816
  257          7.0463         33.0000         37.0000          1.0000        301.5710
  261          7.0463         33.0000         37.0000          2.0000        301.4864
  265          7.0463         33.0000         37.0000          3.0000        301.4331
  269          7.0463         33.0000         37.0000          4.0000        301.3847
  257          8.0010         33.0000         37.0000          1.0000        301.7577
  261          8.0010         33.0000         37.0000          2.0000        301.6923
  265          8.0010         33.0000         37.0000          3.0000        301.6545
  269          8.0010         33.0000         37.0000          4.0000        301.6208
  257          8.0010         33.0000         37.0000          1.0000        301.7625
  261          8.0010         33.0000         37.0000          2.0000        301.6970
  265          8.0010         33.0000         37.0000          3.0000        301.6590
  269          8.0010         33.0000         37.0000          4.0000        301.6250
  257          8.0010         33.0000         37.0000          1.0000        301.7629
  261          8.0010         33.0000         37.0000          2.0000        301.6972
  265          8.0010         33.0000         37.0000          3.0000        301.6592
  269          8.0010         33.0000         37.0000          4.0000        301.6252
  257          9.0154         33.0000         37.0000          1.0000        304.1295
  261          9.0154         33.0000         37.0000          2.0000        304.1456
  265          9.0154         33.0000         37.0000          3.0000        304.1669
  269          9.0154         33.0000         37.0000          4.0000        304.1864
  257          9.0154         33.0000         37.0000          1.0000        304.1421
  261          9.0154         33.0000         37.0000          2.0000        304.1578
  265          9.0154         33.0000         37.0000          3.0000        304.1784
  269          9.0154         33.0000         37.0000          4.0000        304.1972
  257          9.0154         33.0000         37.0000          1.0000        304.1424
  261          9.0154         33.0000         37.0000          2.0000        304.1578
  265          9.0154         33.0000         37.0000          3.0000        304.1784
  269          9.0154         33.0000         37.0000          4.0000        304.1971
  257         10.0100         33.0000         37.0000          1.0000        306.8489
  261         10.0100         33.0000         37.0000          2.0000        306.9381
  265         10.0100         33.0000         37.0000          3.0000        307.0088
  269         10.0100         33.0000         37.0000          4.0000        307.0695
  257         10.0100         33.0000         37.0000          1.0000        306.8604
  261         10.0100         33.0000         37.0000          2.0000        306.9492
  265         10.0100         33.0000         37.0000          3.0000        307.0194
  269         10.0100         33.0000         37.0000          4.0000        307.0796
  257         10.0100         33.0000         37.0000          1.0000        306.8610
  261         10.0100         33.0000         37.0000          2.0000        306.9496
  265         10.0100         33.0000         37.0000          3.0000        307.0197
  269         10.0100         33.0000         37.0000          4.0000        307.0798
  257         11.0146         33.0000         37.0000          1.0000        309.4200
  261         11.0146         33.0000         37.0000          2.0000        309.5954
  265         11.0146         33.0000         37.0000          3.0000        309.7279
  269         11.0146         33.0000         37.0000          4.0000        309.8412
  257         11.0146         33.0000         37.0000          1.0000        309.4283
  261         11.0146         33.0000         37.0000          2.0000        309.6031
  265         11.0146         33.0000         37.0000          3.0000        309.7351
  269         11.0146         33.0000         37.0000          4.0000        309.8479
  257         11.0146         33.0000         37.0000          1.0000        309.4289
  261         11.0146         33.0000         37.0000          2.0000        309.6035
  265         11.0146         33.0000         37.0000          3.0000        309.7354
  269         11.0146         33.0000         37.0000          4.0000        309.8482
  257         12.0078         33.0000         37.0000          1.0000        311.5693
  261         12.0078         33.0000         37.0000          2.0000        311.7652
  265         12.0078         33.0000         37.0000          3.0000        311.9064
  269         12.0078         33.0000         37.0000          4.0000        312.0253
  257         12.0078         33.0000         37.0000          1.0000        311.5757
  261         12.0078         33.0000         37.0000          2.0000        311.7709
  265         12.0078         33.0000         37.0000          3.0000        311.9115
  269         12.0078         33.0000         37.0000          4.0000        312.0300
  257         12.0078         33.0000         37.0000          1.0000        311.5772
  261         12.0078         33.0000         37.0000          2.0000        311.7720
  265         12.0078         33.0000         37.0000          3.0000        311.9122
  269         12.0078         33.0000         37.0000          4.0000        312.0305
  257         12.0078         33.0000         37.0000          1.0000        311.5777
  261         12.0078         33.0000         37.0000          2.0000        311.7722
  265         12.0078         33.0000         37.0000          3.0000        311.9124
  269         12.0078         33.0000         37.0000          4.0000        312.0307
  257         13.0162         33.0000         37.0000          1.0000        312.8248
  261         13.0162         33.0000         37.0000          2.0000        313.0145
  265         13.0162         33.0000         37.0000          3.0000        313.1458
  269         13.0162         33.0000         37.0000          4.0000        313.2516
  257         13.0162         33.0000         37.0000          1.0000        312.8222
  261         13.0162         33.0000         37.0000          2.0000        313.0115
  265         13.0162         33.0000         37.0000          3.0000        313.1427
  269         13.0162         33.0000         37.0000          4.0000        313.2486
  257         14.0010         33.0000         37.0000          1.0000        313.0591
  261         14.0010         33.0000         37.0000          2.0000        313.2991
  265         14.0010         33.0000         37.0000          3.0000        313.4780
  269         14.0010         33.0000         37.0000          4.0000        313.6289
  257         14.0010         33.0000         37.0000          1.0000        313.0977
  261         14.0010         33.0000         37.0000          2.0000        313.3396
  265         14.0010         33.0000         37.0000          3.0000        313.5178
  269         14.0010         33.0000         37.0000          4.0000        313.6671
  257         14.0010         33.0000         37.0000          1.0000        313.1004
  261         14.0010         33.0000         37.0000          2.0000        313.3417
  265         14.0010         33.0000         37.0000          3.0000        313.5196
  269         14.0010         33.0000         37.0000          4.0000        313.6688
  257         15.0012         33.0000         37.0000          1.0000        314.4031
  261         15.0012         33.0000         37.0000          2.0000        314.5991
  265         15.0012         33.0000         37.0000          3.0000        314.7230
  269         15.0012         33.0000         37.0000          4.0000        314.8155
  257         15.0012         33.0000         37.0000          1.0000        314.3527
  261         15.0012         33.0000         37.0000          2.0000        314.5452
  265         15.0012         33.0000         37.0000          3.0000        314.6699
  269         15.0012         33.0000         37.0000          4.0000        314.7646
  257         15.0012         33.0000         37.0000          1.0000        314.3515
  261         15.0012         33.0000         37.0000          2.0000        314.5446
  265         15.0012         33.0000         37.0000          3.0000        314.6696
  269         15.0012         33.0000         37.0000          4.0000        314.7644
  257         16.0025         33.0000         37.0000          1.0000        313.7428
  261         16.0025         33.0000         37.0000          2.0000        313.9122
  265         16.0025         33.0000         37.0000          3.0000        314.0207
  269         16.0025         33.0000         37.0000          4.0000        314.1000
  257         16.0025         33.0000         37.0000          1.0000        313.7368
  261         16.0025         33.0000         37.0000          2.0000        313.9058
  265         16.0025         33.0000         37.0000          3.0000        314.0142
  269         16.0025         33.0000         37.0000          4.0000        314.0938
  257         16.0025         33.0000         37.0000          1.0000        313.7371
  261         16.0025         33.0000         37.0000          2.0000        313.9059
  265         16.0025         33.0000         37.0000          3.0000        314.0143
  269         16.0025         33.0000         37.0000          4.0000        314.0938
  257         17.0138         33.0000         37.0000          1.0000        312.0206
  261         17.0138         33.0000         37.0000          2.0000        312.1935
  265         17.0138         33.0000         37.0000          3.0000        312.3137
  269         17.0138         33.0000         37.0000          4.0000        312.4066
  257         17.0138         33.0000         37.0000          1.0000        312.0528
  261         17.0138         33.0000         37.0000          2.0000        312.2270
  265         17.0138         33.0000         37.0000          3.0000        312.3467
  269         17.0138         33.0000         37.0000          4.0000        312.4384
  257         17.0138         33.0000         37.0000          1.0000        312.0546
  261         17.0138         33.0000         37.0000          2.0000        312.2285
  265         17.0138         33.0000         37.0000          3.0000        312.3480
  269         17.0138         33.0000         37.0000          4.0000        312.4395
  257         18.0179         33.0000         37.0000          1.0000        309.8514
  261         18.0179         33.0000         37.0000          2.0000        309.9605
  265         18.0179         33.0000         37.0000          3.0000        310.0287
  269         18.0179         33.0000         37.0000          4.0000        310.0716
  257         18.0179         33.0000         37.0000          1.0000        309.8203
  261         18.0179         33.0000         37.0000          2.0000        309.9279
  265         18.0179         33.0000         37.0000          3.0000        309.9965
  269         18.0179         33.0000         37.0000          4.0000        310.0407
  257         18.0179         33.0000         37.0000          1.0000        309.8186
  261         18.0179         33.0000         37.0000          2.0000        309.9265
  265         18.0179         33.0000         37.0000          3.0000        309.9953
  269         18.0179         33.0000         37.0000          4.0000        310.0395
  257         19.0133         33.0000         37.0000          1.0000        307.4614
  261         19.0133         33.0000         37.0000          2.0000        307.5118
  265         19.0133         33.0000         37.0000          3.0000        307.5373
  269         19.0133         33.0000         37.0000          4.0000        307.5436
  257         19.0133         33.0000         37.0000          1.0000        307.4580
  261         19.0133         33.0000         37.0000          2.0000        307.5082
  265         19.0133         33.0000         37.0000          3.0000        307.5336
  269         19.0133         33.0000         37.0000          4.0000        307.5400
  257         20.0143         33.0000         37.0000          1.0000        306.1730
  261         20.0143         33.0000         37.0000          2.0000        306.1778
  265         20.0143         33.0000         37.0000          3.0000        306.1691
  269         20.0143         33.0000         37.0000          4.0000        306.1477
  257         20.0143         33.0000         37.0000          1.0000        306.1702
  261         20.0143         33.0000         37.0000          2.0000        306.1747
  265         20.0143         33.0000         37.0000          3.0000        306.1661
  269         20.0143         33.0000         37.0000          4.0000        306.1447
  257         21.0154         33.0000         37.0000          1.0000        305.4041
  261         21.0154         33.0000         37.0000          2.0000        305.3905
  265         21.0154         33.0000         37.0000          3.0000        305.3704
  269         21.0154         33.0000         37.0000          4.0000        305.3403
  257         21.0154         33.0000         37.0000          1.0000        305.4022
  261         21.0154         33.0000         37.0000          2.0000        305.3883
  265         21.0154         33.0000         37.0000          3.0000        305.3682
  269         21.0154         33.0000         37.0000          4.0000        305.3381
  257         22.0091         33.0000         37.0000          1.0000        304.9480
  261         22.0091         33.0000         37.0000          2.0000        304.9178
  265         22.0091         33.0000         37.0000          3.0000        304.8881
  269         22.0091         33.0000         37.0000          4.0000        304.8520
  257         22.0091         33.0000         37.0000          1.0000        304.9465
  261         22.0091         33.0000         37.0000          2.0000        304.9161
  265         22.0091         33.0000         37.0000          3.0000        304.8863
  269         22.0091         33.0000         37.0000          4.0000        304.8502
  257         23.0248         33.0000         37.0000          1.0000        304.5259
  261         23.0248         33.0000         37.0000          2.0000        304.4837
  265         23.0248         33.0000         37.0000          3.0000        304.4483
  269         23.0248         33.0000         37.0000          4.0000        304.4091
  257         23.0248         33.0000         37.0000          1.0000        304.5251
  261         23.0248         33.0000         37.0000          2.0000        304.4827
  265         23.0248         33.0000         37.0000          3.0000        304.4473
  269         23.0248         33.0000         37.0000          4.0000        304.4081
