  273          1.0064         37.0000         33.0000          1.0000          0.0000
  277          1.0064         37.0000         33.0000          2.0000          0.0000
  281          1.0064         37.0000         33.0000          3.0000          0.0000
  285          1.0064         37.0000         33.0000          4.0000          0.0000
  273          1.0064         37.0000         33.0000          1.0000          0.0000
  277          1.0064         37.0000         33.0000          2.0000          0.0000
  281          1.0064         37.0000         33.0000          3.0000          0.0000
  285          1.0064         37.0000         33.0000          4.0000          0.0000
  273          2.0400         37.0000         33.0000          1.0000          0.0000
  277          2.0400         37.0000         33.0000          2.0000          0.0000
  281          2.0400         37.0000         33.0000          3.0000          0.0000
  285          2.0400         37.0000         33.0000          4.0000          0.0000
  273          2.0400         37.0000         33.0000          1.0000          0.0000
  277          2.0400         37.0000         33.0000          2.0000          0.0000
  281          2.0400         37.0000         33.0000          3.0000          0.0000
  285          2.0400         37.0000         33.0000          4.0000          0.0000
  273          3.0193         37.0000         33.0000          1.0000          0.0000
  277          3.0193         37.0000         33.0000          2.0000          0.0000
  281          3.0193         37.0000         33.0000          3.0000          0.0000
  285          3.0193         37.0000         33.0000          4.0000          0.0000
  273          3.0193         37.0000         33.0000          1.0000          0.0000
  277          3.0193         37.0000         33.0000          2.0000          0.0000
  281          3.0193         37.0000         33.0000          3.0000          0.0000
  285          3.0193         37.0000         33.0000          4.0000          0.0000
  273          4.0393         37.0000         33.0000          1.0000          0.0000
  277          4.0393         37.0000         33.0000          2.0000          0.0000
  281          4.0393         37.0000         33.0000          3.0000          0.0000
  285          4.0393         37.0000         33.0000          4.0000          0.0000
  273          4.0393         37.0000         33.0000          1.0000          0.0000
  277          4.0393         37.0000         33.0000          2.0000          0.0000
  281          4.0393         37.0000         33.0000          3.0000          0.0000
  285          4.0393         37.0000         33.0000          4.0000          0.0000
  273          5.0185         37.0000         33.0000          1.0000          0.0000
  277          5.0185         37.0000         33.0000          2.0000          0.0000
  281          5.0185         37.0000         33.0000          3.0000          0.0000
  285          5.0185         37.0000         33.0000          4.0000          0.0000
  273          5.0185         37.0000         33.0000          1.0000          0.0000
  277          5.0185         37.0000         33.0000          2.0000          0.0000
  281          5.0185         37.0000         33.0000          3.0000          0.0000
  285          5.0185         37.0000         33.0000          4.0000          0.0000
  273          6.0385         37.0000         33.0000          1.0000          0.0000
  277          6.0385         37.0000         33.0000          2.0000          0.0000
  281          6.0385         37.0000         33.0000          3.0000          0.0000
  285          6.0385         37.0000         33.0000          4.0000          0.0000
  273          6.0385         37.0000         33.0000          1.0000          0.0000
  277          6.0385         37.0000         33.0000          2.0000          0.0000
  281          6.0385         37.0000         33.0000          3.0000          0.0000
  285          6.0385         37.0000         33.0000          4.0000          0.0000
  273          7.0463         37.0000         33.0000          1.0000          0.1964
  277          7.0463         37.0000         33.0000          2.0000          0.2072
  281          7.0463         37.0000         33.0000          3.0000          0.2171
  285          7.0463         37.0000         33.0000          4.0000          0.2269
  273          7.0463         37.0000         33.0000          1.0000          0.1964
  277          7.0463         37.0000         33.0000          2.0000          0.2072
  281          7.0463         37.0000         33.0000          3.0000          0.2171
  285          7.0463         37.0000         33.0000          4.0000          0.2269
  273          8.0010         37.0000         33.0000          1.0000          4.2607
  277          8.0010         37.0000         33.0000          2.0000          4.4947
  281          8.0010         37.0000         33.0000          3.0000          4.7100
  285          8.0010         37.0000         33.0000          4.0000          4.9222
  273          8.0010         37.0000         33.0000          1.0000          4.2600
  277          8.0010         37.0000         33.0000          2.0000          4.4942
  281          8.0010         37.0000         33.0000          3.0000          4.7097
  285          8.0010         37.0000         33.0000          4.0000          4.9219
  273          8.0010         37.0000         33.0000          1.0000          4.2593
  277          8.0010         37.0000         33.0000          2.0000          4.4938
  281          8.0010         37.0000         33.0000          3.0000          4.7094
  285          8.0010         37.0000         33.0000          4.0000          4.9216
  273          9.0154         37.0000         33.0000          1.0000         51.8451
  277          9.0154         37.0000         33.0000          2.0000         52.8762
  281          9.0154         37.0000         33.0000          3.0000         53.9109
  285          9.0154         37.0000         33.0000          4.0000         54.9670
  273          9.0154         37.0000         33.0000          1.0000         51.8405
  277          9.0154         37.0000         33.0000          2.0000         52.8736
  281          9.0154         37.0000         33.0000          3.0000         53.9089
  285          9.0154         37.0000         33.0000          4.0000         54.9654
  273          9.0154         37.0000         33.0000          1.0000         51.8359
  277          9.0154         37.0000         33.0000          2.0000         52.8709
  281          9.0154         37.0000         33.0000          3.0000         53.9069
  285          9.0154         37.0000         33.0000          4.0000         54.9638
  273         10.0100         37.0000         33.0000          1.0000         89.5835
  277         10.0100         37.0000         33.0000          2.0000         91.3924
  281         10.0100         37.0000         33.0000          3.0000         93.1013
  285         10.0100         37.0000         33.0000          4.0000         94.8120
  273         10.0100         37.0000         33.0000          1.0000         89.5741
  277         10.0100         37.0000         33.0000          2.0000         91.3870
  281         10.0100         37.0000         33.0000          3.0000         93.0974
  285         10.0100         37.0000         33.0000          4.0000         94.8088
  273         10.0100         37.0000         33.0000          1.0000         89.5647
  277         10.0100         37.0000         33.0000          2.0000         91.3817
  281         10.0100         37.0000         33.0000          3.0000         93.0934
  285         10.0100         37.0000         33.0000          4.0000         94.8056
  273         11.0146         37.0000         33.0000          1.0000         91.2878
  277         11.0146         37.0000         33.0000          2.0000         94.0631
  281         11.0146         37.0000         33.0000          3.0000         96.6425
  285         11.0146         37.0000         33.0000          4.0000         99.1988
  273         11.0146         37.0000         33.0000          1.0000         91.2751
  277         11.0146         37.0000         33.0000          2.0000         94.0559
  281         11.0146         37.0000         33.0000          3.0000         96.6372
  285         11.0146         37.0000         33.0000          4.0000         99.1944
  273         11.0146         37.0000         33.0000          1.0000         91.2623
  277         11.0146         37.0000         33.0000          2.0000         94.0487
  281         11.0146         37.0000         33.0000          3.0000         96.6319
  285         11.0146         37.0000         33.0000          4.0000         99.1901
  273         12.0078         37.0000         33.0000          1.0000         59.3582
  277         12.0078         37.0000         33.0000          2.0000         63.8391
  281         12.0078         37.0000         33.0000          3.0000         67.1798
  285         12.0078         37.0000         33.0000          4.0000         70.0940
  273         12.0078         37.0000         33.0000          1.0000         59.3435
  277         12.0078         37.0000         33.0000          2.0000         63.8302
  281         12.0078         37.0000         33.0000          3.0000         67.1730
  285         12.0078         37.0000         33.0000          4.0000         70.0883
  273         12.0078         37.0000         33.0000          1.0000         59.3289
  277         12.0078         37.0000         33.0000          2.0000         63.8213
  281         12.0078         37.0000         33.0000          3.0000         67.1663
  285         12.0078         37.0000         33.0000          4.0000         70.0826
  273         12.0078         37.0000         33.0000          1.0000         59.3142
  277         12.0078         37.0000         33.0000          2.0000         63.8124
  281         12.0078         37.0000         33.0000          3.0000         67.1595
  285         12.0078         37.0000         33.0000          4.0000         70.0770
  273         13.0162         37.0000         33.0000          1.0000         59.5054
  277         13.0162         37.0000         33.0000          2.0000         64.4136
  281         13.0162         37.0000         33.0000          3.0000         67.4685
  285         13.0162         37.0000         33.0000          4.0000         70.1497
  273         13.0162         37.0000         33.0000          1.0000         59.4891
  277         13.0162         37.0000         33.0000          2.0000         64.4038
  281         13.0162         37.0000         33.0000          3.0000         67.4611
  285         13.0162         37.0000         33.0000          4.0000         70.1436
  273         14.0010         37.0000         33.0000          1.0000         64.3542
  277         14.0010         37.0000         33.0000          2.0000         68.1999
  281         14.0010         37.0000         33.0000          3.0000         71.3062
  285         14.0010         37.0000         33.0000          4.0000         74.2697
  273         14.0010         37.0000         33.0000          1.0000         64.3391
  277         14.0010         37.0000         33.0000          2.0000         68.1912
  281         14.0010         37.0000         33.0000          3.0000         71.2998
  285         14.0010         37.0000         33.0000          4.0000         74.2644
  273         14.0010         37.0000         33.0000          1.0000         64.3240
  277         14.0010         37.0000         33.0000          2.0000         68.1825
  281         14.0010         37.0000         33.0000          3.0000         71.2933
  285         14.0010         37.0000         33.0000          4.0000         74.2591
  273         15.0012         37.0000         33.0000          1.0000         55.6109
  277         15.0012         37.0000         33.0000          2.0000         60.1501
  281         15.0012         37.0000         33.0000          3.0000         63.1805
  285         15.0012         37.0000         33.0000          4.0000         65.7880
  273         15.0012         37.0000         33.0000          1.0000         55.5957
  277         15.0012         37.0000         33.0000          2.0000         60.1409
  281         15.0012         37.0000         33.0000          3.0000         63.1735
  285         15.0012         37.0000         33.0000          4.0000         65.7822
  273         15.0012         37.0000         33.0000          1.0000         55.5805
  277         15.0012         37.0000         33.0000          2.0000         60.1316
  281         15.0012         37.0000         33.0000          3.0000         63.1665
  285         15.0012         37.0000         33.0000          4.0000         65.7763
  273         16.0025         37.0000         33.0000          1.0000         47.7338
  277         16.0025         37.0000         33.0000          2.0000         51.3129
  281         16.0025         37.0000         33.0000          3.0000         54.0839
  285         16.0025         37.0000         33.0000          4.0000         56.5002
  273         16.0025         37.0000         33.0000          1.0000         47.7212
  277         16.0025         37.0000         33.0000          2.0000         51.3051
  281         16.0025         37.0000         33.0000          3.0000         54.0780
  285         16.0025         37.0000         33.0000          4.0000         56.4953
  273         16.0025         37.0000         33.0000          1.0000         47.7086
  277         16.0025         37.0000         33.0000          2.0000         51.2974
  281         16.0025         37.0000         33.0000          3.0000         54.0720
  285         16.0025         37.0000         33.0000          4.0000         56.4903
  273         17.0138         37.0000         33.0000          1.0000         38.5848
  277         17.0138         37.0000         33.0000          2.0000         40.8915
  281         17.0138         37.0000         33.0000          3.0000         42.9321
  285         17.0138         37.0000         33.0000          4.0000         44.8780
  273         17.0138         37.0000         33.0000          1.0000         38.5770
  277         17.0138         37.0000         33.0000          2.0000         40.8868
  281         17.0138         37.0000         33.0000          3.0000         42.9286
  285         17.0138         37.0000         33.0000          4.0000         44.8750
  273         17.0138         37.0000         33.0000          1.0000         38.5691
  277         17.0138         37.0000         33.0000          2.0000         40.8821
  281         17.0138         37.0000         33.0000          3.0000         42.9250
  285         17.0138         37.0000         33.0000          4.0000         44.8721
  273         18.0179         37.0000         33.0000          1.0000         23.9918
  277         18.0179         37.0000         33.0000          2.0000         25.4081
  281         18.0179         37.0000         33.0000          3.0000         26.6547
  285         18.0179         37.0000         33.0000          4.0000         27.8448
  273         18.0179         37.0000         33.0000          1.0000         23.9865
  277         18.0179         37.0000         33.0000          2.0000         25.4049
  281         18.0179         37.0000         33.0000          3.0000         26.6523
  285         18.0179         37.0000         33.0000          4.0000         27.8427
  273         18.0179         37.0000         33.0000          1.0000         23.9811
  277         18.0179         37.0000         33.0000          2.0000         25.4017
  281         18.0179         37.0000         33.0000          3.0000         26.6499
  285         18.0179         37.0000         33.0000          4.0000         27.8407
  273         19.0133         37.0000         33.0000          1.0000          6.6693
  277         19.0133         37.0000         33.0000          2.0000          7.0361
  281         19.0133         37.0000         33.0000          3.0000          7.3731
  285         19.0133         37.0000         33.0000          4.0000          7.7044
  273         19.0133         37.0000         33.0000          1.0000          6.6681
  277         19.0133         37.0000         33.0000          2.0000          7.0354
  281         19.0133         37.0000         33.0000          3.0000          7.3726
  285         19.0133         37.0000         33.0000          4.0000          7.7039
  273         20.0143         37.0000         33.0000          1.0000          0.0000
  277         20.0143         37.0000         33.0000          2.0000          0.0000
  281         20.0143         37.0000         33.0000          3.0000          0.0000
  285         20.0143         37.0000         33.0000          4.0000          0.0000
  273         20.0143         37.0000         33.0000          1.0000          0.0000
  277         20.0143         37.0000         33.0000          2.0000          0.0000
  281         20.0143         37.0000         33.0000          3.0000          0.0000
  285         20.0143         37.0000         33.0000          4.0000          0.0000
  273         21.0154         37.0000         33.0000          1.0000          0.0000
  277         21.0154         37.0000         33.0000          2.0000          0.0000
  281         21.0154         37.0000         33.0000          3.0000          0.0000
  285         21.0154         37.0000         33.0000          4.0000          0.0000
  273         21.0154         37.0000         33.0000          1.0000          0.0000
  277         21.0154         37.0000         33.0000          2.0000          0.0000
  281         21.0154         37.0000         33.0000          3.0000          0.0000
  285         21.0154         37.0000         33.0000          4.0000          0.0000
  273         22.0091         37.0000         33.0000          1.0000          0.0000
  277         22.0091         37.0000         33.0000          2.0000          0.0000
  281         22.0091         37.0000         33.0000          3.0000          0.0000
  285         22.0091         37.0000         33.0000          4.0000          0.0000
  273         22.0091         37.0000         33.0000          1.0000          0.0000
  277         22.0091         37.0000         33.0000          2.0000          0.0000
  281         22.0091         37.0000         33.0000          3.0000          0.0000
  285         22.0091         37.0000         33.0000          4.0000          0.0000
  273         23.0248         37.0000         33.0000          1.0000          0.0000
  277         23.0248         37.0000         33.0000          2.0000          0.0000
  281         23.0248         37.0000         33.0000          3.0000          0.0000
  285         23.0248         37.0000         33.0000          4.0000          0.0000
  273         23.0248         37.0000         33.0000          1.0000          0.0000
  277         23.0248         37.0000         33.0000          2.0000          0.0000
  281         23.0248         37.0000         33.0000          3.0000          0.0000
  285         23.0248         37.0000         33.0000          4.0000          0.0000
