  306          1.0064         32.0000         34.0000          1.0000          0.0000
  307          1.0064         32.0000         35.0000          1.0000          0.0000
  308          1.0064         32.0000         36.0000          1.0000          0.0000
  310          1.0064         32.0000         34.0000          2.0000          0.0000
  311          1.0064         32.0000         35.0000          2.0000          0.0000
  312          1.0064         32.0000         36.0000          2.0000          0.0000
  314          1.0064         32.0000         34.0000          3.0000          0.0000
  315          1.0064         32.0000         35.0000          3.0000          0.0000
  316          1.0064         32.0000         36.0000          3.0000          0.0000
  318          1.0064         32.0000         34.0000          4.0000          0.0000
  319          1.0064         32.0000         35.0000          4.0000          0.0000
  320          1.0064         32.0000         36.0000          4.0000          0.0000
  306          1.0064         32.0000         34.0000          1.0000          0.0000
  307          1.0064         32.0000         35.0000          1.0000          0.0000
  308          1.0064         32.0000         36.0000          1.0000          0.0000
  310          1.0064         32.0000         34.0000          2.0000          0.0000
  311          1.0064         32.0000         35.0000          2.0000          0.0000
  312          1.0064         32.0000         36.0000          2.0000          0.0000
  314          1.0064         32.0000         34.0000          3.0000          0.0000
  315          1.0064         32.0000         35.0000          3.0000          0.0000
  316          1.0064         32.0000         36.0000          3.0000          0.0000
  318          1.0064         32.0000         34.0000          4.0000          0.0000
  319          1.0064         32.0000         35.0000          4.0000          0.0000
  320          1.0064         32.0000         36.0000          4.0000          0.0000
  306          2.0400         32.0000         34.0000          1.0000          0.0000
  307          2.0400         32.0000         35.0000          1.0000          0.0000
  308          2.0400         32.0000         36.0000          1.0000          0.0000
  310          2.0400         32.0000         34.0000          2.0000          0.0000
  311          2.0400         32.0000         35.0000          2.0000          0.0000
  312          2.0400         32.0000         36.0000          2.0000          0.0000
  314          2.0400         32.0000         34.0000          3.0000          0.0000
  315          2.0400         32.0000         35.0000          3.0000          0.0000
  316          2.0400         32.0000         36.0000          3.0000          0.0000
  318          2.0400         32.0000         34.0000          4.0000          0.0000
  319          2.0400         32.0000         35.0000          4.0000          0.0000
  320          2.0400         32.0000         36.0000          4.0000          0.0000
  306          2.0400         32.0000         34.0000          1.0000          0.0000
  307          2.0400         32.0000         35.0000          1.0000          0.0000
  308          2.0400         32.0000         36.0000          1.0000          0.0000
  310          2.0400         32.0000         34.0000          2.0000          0.0000
  311          2.0400         32.0000         35.0000          2.0000          0.0000
  312          2.0400         32.0000         36.0000          2.0000          0.0000
  314          2.0400         32.0000         34.0000          3.0000          0.0000
  315          2.0400         32.0000         35.0000          3.0000          0.0000
  316          2.0400         32.0000         36.0000          3.0000          0.0000
  318          2.0400         32.0000         34.0000          4.0000          0.0000
  319          2.0400         32.0000         35.0000          4.0000          0.0000
  320          2.0400         32.0000         36.0000          4.0000          0.0000
  306          3.0193         32.0000         34.0000          1.0000          0.0000
  307          3.0193         32.0000         35.0000          1.0000          0.0000
  308          3.0193         32.0000         36.0000          1.0000          0.0000
  310          3.0193         32.0000         34.0000          2.0000          0.0000
  311          3.0193         32.0000         35.0000          2.0000          0.0000
  312          3.0193         32.0000         36.0000          2.0000          0.0000
  314          3.0193         32.0000         34.0000          3.0000          0.0000
  315          3.0193         32.0000         35.0000          3.0000          0.0000
  316          3.0193         32.0000         36.0000          3.0000          0.0000
  318          3.0193         32.0000         34.0000          4.0000          0.0000
  319          3.0193         32.0000         35.0000          4.0000          0.0000
  320          3.0193         32.0000         36.0000          4.0000          0.0000
  306          3.0193         32.0000         34.0000          1.0000          0.0000
  307          3.0193         32.0000         35.0000          1.0000          0.0000
  308          3.0193         32.0000         36.0000          1.0000          0.0000
  310          3.0193         32.0000         34.0000          2.0000          0.0000
  311          3.0193         32.0000         35.0000          2.0000          0.0000
  312          3.0193         32.0000         36.0000          2.0000          0.0000
  314          3.0193         32.0000         34.0000          3.0000          0.0000
  315          3.0193         32.0000         35.0000          3.0000          0.0000
  316          3.0193         32.0000         36.0000          3.0000          0.0000
  318          3.0193         32.0000         34.0000          4.0000          0.0000
  319          3.0193         32.0000         35.0000          4.0000          0.0000
  320          3.0193         32.0000         36.0000          4.0000          0.0000
  306          4.0393         32.0000         34.0000          1.0000          0.0000
  307          4.0393         32.0000         35.0000          1.0000          0.0000
  308          4.0393         32.0000         36.0000          1.0000          0.0000
  310          4.0393         32.0000         34.0000          2.0000          0.0000
  311          4.0393         32.0000         35.0000          2.0000          0.0000
  312          4.0393         32.0000         36.0000          2.0000          0.0000
  314          4.0393         32.0000         34.0000          3.0000          0.0000
  315          4.0393         32.0000         35.0000          3.0000          0.0000
  316          4.0393         32.0000         36.0000          3.0000          0.0000
  318          4.0393         32.0000         34.0000          4.0000          0.0000
  319          4.0393         32.0000         35.0000          4.0000          0.0000
  320          4.0393         32.0000         36.0000          4.0000          0.0000
  306          4.0393         32.0000         34.0000          1.0000          0.0000
  307          4.0393         32.0000         35.0000          1.0000          0.0000
  308          4.0393         32.0000         36.0000          1.0000          0.0000
  310          4.0393         32.0000         34.0000          2.0000          0.0000
  311          4.0393         32.0000         35.0000          2.0000          0.0000
  312          4.0393         32.0000         36.0000          2.0000          0.0000
  314          4.0393         32.0000         34.0000          3.0000          0.0000
  315          4.0393         32.0000         35.0000          3.0000          0.0000
  316          4.0393         32.0000         36.0000          3.0000          0.0000
  318          4.0393         32.0000         34.0000          4.0000          0.0000
  319          4.0393         32.0000         35.0000          4.0000          0.0000
  320          4.0393         32.0000         36.0000          4.0000          0.0000
  306          5.0185         32.0000         34.0000          1.0000          0.0000
  307          5.0185         32.0000         35.0000          1.0000          0.0000
  308          5.0185         32.0000         36.0000          1.0000          0.0000
  310          5.0185         32.0000         34.0000          2.0000          0.0000
  311          5.0185         32.0000         35.0000          2.0000          0.0000
  312          5.0185         32.0000         36.0000          2.0000          0.0000
  314          5.0185         32.0000         34.0000          3.0000          0.0000
  315          5.0185         32.0000         35.0000          3.0000          0.0000
  316          5.0185         32.0000         36.0000          3.0000          0.0000
  318          5.0185         32.0000         34.0000          4.0000          0.0000
  319          5.0185         32.0000         35.0000          4.0000          0.0000
  320          5.0185         32.0000         36.0000          4.0000          0.0000
  306          5.0185         32.0000         34.0000          1.0000          0.0000
  307          5.0185         32.0000         35.0000          1.0000          0.0000
  308          5.0185         32.0000         36.0000          1.0000          0.0000
  310          5.0185         32.0000         34.0000          2.0000          0.0000
  311          5.0185         32.0000         35.0000          2.0000          0.0000
  312          5.0185         32.0000         36.0000          2.0000          0.0000
  314          5.0185         32.0000         34.0000          3.0000          0.0000
  315          5.0185         32.0000         35.0000          3.0000          0.0000
  316          5.0185         32.0000         36.0000          3.0000          0.0000
  318          5.0185         32.0000         34.0000          4.0000          0.0000
  319          5.0185         32.0000         35.0000          4.0000          0.0000
  320          5.0185         32.0000         36.0000          4.0000          0.0000
  306          6.0385         32.0000         34.0000          1.0000          0.0000
  307          6.0385         32.0000         35.0000          1.0000          0.0000
  308          6.0385         32.0000         36.0000          1.0000          0.0000
  310          6.0385         32.0000         34.0000          2.0000          0.0000
  311          6.0385         32.0000         35.0000          2.0000          0.0000
  312          6.0385         32.0000         36.0000          2.0000          0.0000
  314          6.0385         32.0000         34.0000          3.0000          0.0000
  315          6.0385         32.0000         35.0000          3.0000          0.0000
  316          6.0385         32.0000         36.0000          3.0000          0.0000
  318          6.0385         32.0000         34.0000          4.0000          0.0000
  319          6.0385         32.0000         35.0000          4.0000          0.0000
  320          6.0385         32.0000         36.0000          4.0000          0.0000
  306          6.0385         32.0000         34.0000          1.0000          0.0000
  307          6.0385         32.0000         35.0000          1.0000          0.0000
  308          6.0385         32.0000         36.0000          1.0000          0.0000
  310          6.0385         32.0000         34.0000          2.0000          0.0000
  311          6.0385         32.0000         35.0000          2.0000          0.0000
  312          6.0385         32.0000         36.0000          2.0000          0.0000
  314          6.0385         32.0000         34.0000          3.0000          0.0000
  315          6.0385         32.0000         35.0000          3.0000          0.0000
  316          6.0385         32.0000         36.0000          3.0000          0.0000
  318          6.0385         32.0000         34.0000          4.0000          0.0000
  319          6.0385         32.0000         35.0000          4.0000          0.0000
  320          6.0385         32.0000         36.0000          4.0000          0.0000
  306          7.0463         32.0000         34.0000          1.0000          0.1035
  307          7.0463         32.0000         35.0000          1.0000          0.1035
  308          7.0463         32.0000         36.0000          1.0000          0.1040
  310          7.0463         32.0000         34.0000          2.0000          0.1095
  311          7.0463         32.0000         35.0000          2.0000          0.1095
  312          7.0463         32.0000         36.0000          2.0000          0.1098
  314          7.0463         32.0000         34.0000          3.0000          0.1150
  315          7.0463         32.0000         35.0000          3.0000          0.1150
  316          7.0463         32.0000         36.0000          3.0000          0.1150
  318          7.0463         32.0000         34.0000          4.0000          0.1201
  319          7.0463         32.0000         35.0000          4.0000          0.1201
  320          7.0463         32.0000         36.0000          4.0000          0.1202
  306          7.0463         32.0000         34.0000          1.0000          0.1035
  307          7.0463         32.0000         35.0000          1.0000          0.1035
  308          7.0463         32.0000         36.0000          1.0000          0.1040
  310          7.0463         32.0000         34.0000          2.0000          0.1095
  311          7.0463         32.0000         35.0000          2.0000          0.1095
  312          7.0463         32.0000         36.0000          2.0000          0.1098
  314          7.0463         32.0000         34.0000          3.0000          0.1150
  315          7.0463         32.0000         35.0000          3.0000          0.1150
  316          7.0463         32.0000         36.0000          3.0000          0.1150
  318          7.0463         32.0000         34.0000          4.0000          0.1201
  319          7.0463         32.0000         35.0000          4.0000          0.1201
  320          7.0463         32.0000         36.0000          4.0000          0.1202
  306          8.0010         32.0000         34.0000          1.0000          2.2472
  307          8.0010         32.0000         35.0000          1.0000          2.2466
  308          8.0010         32.0000         36.0000          1.0000          2.2577
  310          8.0010         32.0000         34.0000          2.0000          2.3781
  311          8.0010         32.0000         35.0000          2.0000          2.3778
  312          8.0010         32.0000         36.0000          2.0000          2.3830
  314          8.0010         32.0000         34.0000          3.0000          2.4963
  315          8.0010         32.0000         35.0000          3.0000          2.4962
  316          8.0010         32.0000         36.0000          3.0000          2.4974
  318          8.0010         32.0000         34.0000          4.0000          2.6081
  319          8.0010         32.0000         35.0000          4.0000          2.6080
  320          8.0010         32.0000         36.0000          4.0000          2.6099
  306          8.0010         32.0000         34.0000          1.0000          2.2469
  307          8.0010         32.0000         35.0000          1.0000          2.2462
  308          8.0010         32.0000         36.0000          1.0000          2.2575
  310          8.0010         32.0000         34.0000          2.0000          2.3779
  311          8.0010         32.0000         35.0000          2.0000          2.3776
  312          8.0010         32.0000         36.0000          2.0000          2.3828
  314          8.0010         32.0000         34.0000          3.0000          2.4961
  315          8.0010         32.0000         35.0000          3.0000          2.4960
  316          8.0010         32.0000         36.0000          3.0000          2.4973
  318          8.0010         32.0000         34.0000          4.0000          2.6079
  319          8.0010         32.0000         35.0000          4.0000          2.6079
  320          8.0010         32.0000         36.0000          4.0000          2.6098
  306          8.0010         32.0000         34.0000          1.0000          2.2465
  307          8.0010         32.0000         35.0000          1.0000          2.2459
  308          8.0010         32.0000         36.0000          1.0000          2.2572
  310          8.0010         32.0000         34.0000          2.0000          2.3776
  311          8.0010         32.0000         35.0000          2.0000          2.3774
  312          8.0010         32.0000         36.0000          2.0000          2.3826
  314          8.0010         32.0000         34.0000          3.0000          2.4960
  315          8.0010         32.0000         35.0000          3.0000          2.4959
  316          8.0010         32.0000         36.0000          3.0000          2.4971
  318          8.0010         32.0000         34.0000          4.0000          2.6078
  319          8.0010         32.0000         35.0000          4.0000          2.6077
  320          8.0010         32.0000         36.0000          4.0000          2.6097
  306          9.0154         32.0000         34.0000          1.0000         11.7396
  307          9.0154         32.0000         35.0000          1.0000         11.7421
  308          9.0154         32.0000         36.0000          1.0000         11.8396
  310          9.0154         32.0000         34.0000          2.0000         12.4727
  311          9.0154         32.0000         35.0000          2.0000         12.4822
  312          9.0154         32.0000         36.0000          2.0000         12.5440
  314          9.0154         32.0000         34.0000          3.0000         13.1119
  315          9.0154         32.0000         35.0000          3.0000         13.1198
  316          9.0154         32.0000         36.0000          3.0000         13.1460
  318          9.0154         32.0000         34.0000          4.0000         13.6967
  319          9.0154         32.0000         35.0000          4.0000         13.7016
  320          9.0154         32.0000         36.0000          4.0000         13.7222
  306          9.0154         32.0000         34.0000          1.0000         11.7371
  307          9.0154         32.0000         35.0000          1.0000         11.7397
  308          9.0154         32.0000         36.0000          1.0000         11.8375
  310          9.0154         32.0000         34.0000          2.0000         12.4710
  311          9.0154         32.0000         35.0000          2.0000         12.4807
  312          9.0154         32.0000         36.0000          2.0000         12.5426
  314          9.0154         32.0000         34.0000          3.0000         13.1106
  315          9.0154         32.0000         35.0000          3.0000         13.1186
  316          9.0154         32.0000         36.0000          3.0000         13.1449
  318          9.0154         32.0000         34.0000          4.0000         13.6957
  319          9.0154         32.0000         35.0000          4.0000         13.7006
  320          9.0154         32.0000         36.0000          4.0000         13.7212
  306          9.0154         32.0000         34.0000          1.0000         11.7345
  307          9.0154         32.0000         35.0000          1.0000         11.7374
  308          9.0154         32.0000         36.0000          1.0000         11.8354
  310          9.0154         32.0000         34.0000          2.0000         12.4694
  311          9.0154         32.0000         35.0000          2.0000         12.4791
  312          9.0154         32.0000         36.0000          2.0000         12.5412
  314          9.0154         32.0000         34.0000          3.0000         13.1094
  315          9.0154         32.0000         35.0000          3.0000         13.1174
  316          9.0154         32.0000         36.0000          3.0000         13.1437
  318          9.0154         32.0000         34.0000          4.0000         13.6947
  319          9.0154         32.0000         35.0000          4.0000         13.6996
  320          9.0154         32.0000         36.0000          4.0000         13.7202
  306         10.0100         32.0000         34.0000          1.0000         20.0869
  307         10.0100         32.0000         35.0000          1.0000         20.1081
  308         10.0100         32.0000         36.0000          1.0000         20.3431
  310         10.0100         32.0000         34.0000          2.0000         21.4532
  311         10.0100         32.0000         35.0000          2.0000         21.4930
  312         10.0100         32.0000         36.0000          2.0000         21.6557
  314         10.0100         32.0000         34.0000          3.0000         22.6144
  315         10.0100         32.0000         35.0000          3.0000         22.6420
  316         10.0100         32.0000         36.0000          3.0000         22.7169
  318         10.0100         32.0000         34.0000          4.0000         23.6482
  319         10.0100         32.0000         35.0000          4.0000         23.6634
  320         10.0100         32.0000         36.0000          4.0000         23.7133
  306         10.0100         32.0000         34.0000          1.0000         20.0822
  307         10.0100         32.0000         35.0000          1.0000         20.1037
  308         10.0100         32.0000         36.0000          1.0000         20.3392
  310         10.0100         32.0000         34.0000          2.0000         21.4502
  311         10.0100         32.0000         35.0000          2.0000         21.4901
  312         10.0100         32.0000         36.0000          2.0000         21.6530
  314         10.0100         32.0000         34.0000          3.0000         22.6121
  315         10.0100         32.0000         35.0000          3.0000         22.6397
  316         10.0100         32.0000         36.0000          3.0000         22.7148
  318         10.0100         32.0000         34.0000          4.0000         23.6463
  319         10.0100         32.0000         35.0000          4.0000         23.6616
  320         10.0100         32.0000         36.0000          4.0000         23.7115
  306         10.0100         32.0000         34.0000          1.0000         20.0775
  307         10.0100         32.0000         35.0000          1.0000         20.0994
  308         10.0100         32.0000         36.0000          1.0000         20.3354
  310         10.0100         32.0000         34.0000          2.0000         21.4471
  311         10.0100         32.0000         35.0000          2.0000         21.4871
  312         10.0100         32.0000         36.0000          2.0000         21.6503
  314         10.0100         32.0000         34.0000          3.0000         22.6098
  315         10.0100         32.0000         35.0000          3.0000         22.6375
  316         10.0100         32.0000         36.0000          3.0000         22.7126
  318         10.0100         32.0000         34.0000          4.0000         23.6444
  319         10.0100         32.0000         35.0000          4.0000         23.6597
  320         10.0100         32.0000         36.0000          4.0000         23.7097
  306         11.0146         32.0000         34.0000          1.0000         29.0210
  307         11.0146         32.0000         35.0000          1.0000         29.0410
  308         11.0146         32.0000         36.0000          1.0000         29.3448
  310         11.0146         32.0000         34.0000          2.0000         31.0278
  311         11.0146         32.0000         35.0000          2.0000         31.0606
  312         11.0146         32.0000         36.0000          2.0000         31.2486
  314         11.0146         32.0000         34.0000          3.0000         32.6981
  315         11.0146         32.0000         35.0000          3.0000         32.7157
  316         11.0146         32.0000         36.0000          3.0000         32.7866
  318         11.0146         32.0000         34.0000          4.0000         34.1732
  319         11.0146         32.0000         35.0000          4.0000         34.1804
  320         11.0146         32.0000         36.0000          4.0000         34.2281
  306         11.0146         32.0000         34.0000          1.0000         29.0148
  307         11.0146         32.0000         35.0000          1.0000         29.0354
  308         11.0146         32.0000         36.0000          1.0000         29.3397
  310         11.0146         32.0000         34.0000          2.0000         31.0239
  311         11.0146         32.0000         35.0000          2.0000         31.0568
  312         11.0146         32.0000         36.0000          2.0000         31.2451
  314         11.0146         32.0000         34.0000          3.0000         32.6952
  315         11.0146         32.0000         35.0000          3.0000         32.7128
  316         11.0146         32.0000         36.0000          3.0000         32.7838
  318         11.0146         32.0000         34.0000          4.0000         34.1707
  319         11.0146         32.0000         35.0000          4.0000         34.1780
  320         11.0146         32.0000         36.0000          4.0000         34.2257
  306         11.0146         32.0000         34.0000          1.0000         29.0087
  307         11.0146         32.0000         35.0000          1.0000         29.0298
  308         11.0146         32.0000         36.0000          1.0000         29.3347
  310         11.0146         32.0000         34.0000          2.0000         31.0200
  311         11.0146         32.0000         35.0000          2.0000         31.0530
  312         11.0146         32.0000         36.0000          2.0000         31.2416
  314         11.0146         32.0000         34.0000          3.0000         32.6922
  315         11.0146         32.0000         35.0000          3.0000         32.7099
  316         11.0146         32.0000         36.0000          3.0000         32.7811
  318         11.0146         32.0000         34.0000          4.0000         34.1683
  319         11.0146         32.0000         35.0000          4.0000         34.1756
  320         11.0146         32.0000         36.0000          4.0000         34.2234
  306         12.0078         32.0000         34.0000          1.0000         76.2593
  307         12.0078         32.0000         35.0000          1.0000         76.2500
  308         12.0078         32.0000         36.0000          1.0000         76.3814
  310         12.0078         32.0000         34.0000          2.0000         77.8461
  311         12.0078         32.0000         35.0000          2.0000         77.8412
  312         12.0078         32.0000         36.0000          2.0000         77.9033
  314         12.0078         32.0000         34.0000          3.0000         79.2939
  315         12.0078         32.0000         35.0000          3.0000         79.2910
  316         12.0078         32.0000         36.0000          3.0000         79.3058
  318         12.0078         32.0000         34.0000          4.0000         80.6728
  319         12.0078         32.0000         35.0000          4.0000         80.6698
  320         12.0078         32.0000         36.0000          4.0000         80.6949
  306         12.0078         32.0000         34.0000          1.0000         76.2509
  307         12.0078         32.0000         35.0000          1.0000         76.2423
  308         12.0078         32.0000         36.0000          1.0000         76.3746
  310         12.0078         32.0000         34.0000          2.0000         77.8410
  311         12.0078         32.0000         35.0000          2.0000         77.8364
  312         12.0078         32.0000         36.0000          2.0000         77.8988
  314         12.0078         32.0000         34.0000          3.0000         79.2902
  315         12.0078         32.0000         35.0000          3.0000         79.2874
  316         12.0078         32.0000         36.0000          3.0000         79.3024
  318         12.0078         32.0000         34.0000          4.0000         80.6698
  319         12.0078         32.0000         35.0000          4.0000         80.6669
  320         12.0078         32.0000         36.0000          4.0000         80.6920
  306         12.0078         32.0000         34.0000          1.0000         76.2424
  307         12.0078         32.0000         35.0000          1.0000         76.2346
  308         12.0078         32.0000         36.0000          1.0000         76.3679
  310         12.0078         32.0000         34.0000          2.0000         77.8359
  311         12.0078         32.0000         35.0000          2.0000         77.8315
  312         12.0078         32.0000         36.0000          2.0000         77.8944
  314         12.0078         32.0000         34.0000          3.0000         79.2866
  315         12.0078         32.0000         35.0000          3.0000         79.2838
  316         12.0078         32.0000         36.0000          3.0000         79.2989
  318         12.0078         32.0000         34.0000          4.0000         80.6669
  319         12.0078         32.0000         35.0000          4.0000         80.6640
  320         12.0078         32.0000         36.0000          4.0000         80.6892
  306         12.0078         32.0000         34.0000          1.0000         76.2339
  307         12.0078         32.0000         35.0000          1.0000         76.2268
  308         12.0078         32.0000         36.0000          1.0000         76.3611
  310         12.0078         32.0000         34.0000          2.0000         77.8308
  311         12.0078         32.0000         35.0000          2.0000         77.8266
  312         12.0078         32.0000         36.0000          2.0000         77.8900
  314         12.0078         32.0000         34.0000          3.0000         79.2829
  315         12.0078         32.0000         35.0000          3.0000         79.2802
  316         12.0078         32.0000         36.0000          3.0000         79.2955
  318         12.0078         32.0000         34.0000          4.0000         80.6639
  319         12.0078         32.0000         35.0000          4.0000         80.6611
  320         12.0078         32.0000         36.0000          4.0000         80.6864
  306         13.0162         32.0000         34.0000          1.0000         69.4358
  307         13.0162         32.0000         35.0000          1.0000         69.4293
  308         13.0162         32.0000         36.0000          1.0000         69.5621
  310         13.0162         32.0000         34.0000          2.0000         70.9826
  311         13.0162         32.0000         35.0000          2.0000         70.9785
  312         13.0162         32.0000         36.0000          2.0000         71.0411
  314         13.0162         32.0000         34.0000          3.0000         72.3865
  315         13.0162         32.0000         35.0000          3.0000         72.3839
  316         13.0162         32.0000         36.0000          3.0000         72.3992
  318         13.0162         32.0000         34.0000          4.0000         73.7210
  319         13.0162         32.0000         35.0000          4.0000         73.7181
  320         13.0162         32.0000         36.0000          4.0000         73.7428
  306         13.0162         32.0000         34.0000          1.0000         69.4264
  307         13.0162         32.0000         35.0000          1.0000         69.4207
  308         13.0162         32.0000         36.0000          1.0000         69.5547
  310         13.0162         32.0000         34.0000          2.0000         70.9770
  311         13.0162         32.0000         35.0000          2.0000         70.9732
  312         13.0162         32.0000         36.0000          2.0000         71.0363
  314         13.0162         32.0000         34.0000          3.0000         72.3825
  315         13.0162         32.0000         35.0000          3.0000         72.3800
  316         13.0162         32.0000         36.0000          3.0000         72.3955
  318         13.0162         32.0000         34.0000          4.0000         73.7177
  319         13.0162         32.0000         35.0000          4.0000         73.7149
  320         13.0162         32.0000         36.0000          4.0000         73.7397
  306         14.0010         32.0000         34.0000          1.0000         52.2316
  307         14.0010         32.0000         35.0000          1.0000         52.2234
  308         14.0010         32.0000         36.0000          1.0000         52.3778
  310         14.0010         32.0000         34.0000          2.0000         54.0259
  311         14.0010         32.0000         35.0000          2.0000         54.0216
  312         14.0010         32.0000         36.0000          2.0000         54.0937
  314         14.0010         32.0000         34.0000          3.0000         55.6488
  315         14.0010         32.0000         35.0000          3.0000         55.6463
  316         14.0010         32.0000         36.0000          3.0000         55.6636
  318         14.0010         32.0000         34.0000          4.0000         57.1868
  319         14.0010         32.0000         35.0000          4.0000         57.1844
  320         14.0010         32.0000         36.0000          4.0000         57.2119
  306         14.0010         32.0000         34.0000          1.0000         52.2237
  307         14.0010         32.0000         35.0000          1.0000         52.2162
  308         14.0010         32.0000         36.0000          1.0000         52.3715
  310         14.0010         32.0000         34.0000          2.0000         54.0211
  311         14.0010         32.0000         35.0000          2.0000         54.0171
  312         14.0010         32.0000         36.0000          2.0000         54.0895
  314         14.0010         32.0000         34.0000          3.0000         55.6453
  315         14.0010         32.0000         35.0000          3.0000         55.6429
  316         14.0010         32.0000         36.0000          3.0000         55.6604
  318         14.0010         32.0000         34.0000          4.0000         57.1840
  319         14.0010         32.0000         35.0000          4.0000         57.1816
  320         14.0010         32.0000         36.0000          4.0000         57.2092
  306         14.0010         32.0000         34.0000          1.0000         52.2158
  307         14.0010         32.0000         35.0000          1.0000         52.2089
  308         14.0010         32.0000         36.0000          1.0000         52.3652
  310         14.0010         32.0000         34.0000          2.0000         54.0163
  311         14.0010         32.0000         35.0000          2.0000         54.0125
  312         14.0010         32.0000         36.0000          2.0000         54.0853
  314         14.0010         32.0000         34.0000          3.0000         55.6419
  315         14.0010         32.0000         35.0000          3.0000         55.6395
  316         14.0010         32.0000         36.0000          3.0000         55.6572
  318         14.0010         32.0000         34.0000          4.0000         57.1812
  319         14.0010         32.0000         35.0000          4.0000         57.1788
  320         14.0010         32.0000         36.0000          4.0000         57.2065
  306         15.0012         32.0000         34.0000          1.0000         78.7244
  307         15.0012         32.0000         35.0000          1.0000         78.7161
  308         15.0012         32.0000         36.0000          1.0000         78.8341
  310         15.0012         32.0000         34.0000          2.0000         80.1524
  311         15.0012         32.0000         35.0000          2.0000         80.1477
  312         15.0012         32.0000         36.0000          2.0000         80.2036
  314         15.0012         32.0000         34.0000          3.0000         81.4570
  315         15.0012         32.0000         35.0000          3.0000         81.4541
  316         15.0012         32.0000         36.0000          3.0000         81.4674
  318         15.0012         32.0000         34.0000          4.0000         82.7008
  319         15.0012         32.0000         35.0000          4.0000         82.6977
  320         15.0012         32.0000         36.0000          4.0000         82.7205
  306         15.0012         32.0000         34.0000          1.0000         78.7156
  307         15.0012         32.0000         35.0000          1.0000         78.7080
  308         15.0012         32.0000         36.0000          1.0000         78.8271
  310         15.0012         32.0000         34.0000          2.0000         80.1471
  311         15.0012         32.0000         35.0000          2.0000         80.1427
  312         15.0012         32.0000         36.0000          2.0000         80.1990
  314         15.0012         32.0000         34.0000          3.0000         81.4532
  315         15.0012         32.0000         35.0000          3.0000         81.4504
  316         15.0012         32.0000         36.0000          3.0000         81.4639
  318         15.0012         32.0000         34.0000          4.0000         82.6978
  319         15.0012         32.0000         35.0000          4.0000         82.6947
  320         15.0012         32.0000         36.0000          4.0000         82.7176
  306         15.0012         32.0000         34.0000          1.0000         78.7068
  307         15.0012         32.0000         35.0000          1.0000         78.7000
  308         15.0012         32.0000         36.0000          1.0000         78.8201
  310         15.0012         32.0000         34.0000          2.0000         80.1419
  311         15.0012         32.0000         35.0000          2.0000         80.1377
  312         15.0012         32.0000         36.0000          2.0000         80.1945
  314         15.0012         32.0000         34.0000          3.0000         81.4495
  315         15.0012         32.0000         35.0000          3.0000         81.4467
  316         15.0012         32.0000         36.0000          3.0000         81.4604
  318         15.0012         32.0000         34.0000          4.0000         82.6948
  319         15.0012         32.0000         35.0000          4.0000         82.6917
  320         15.0012         32.0000         36.0000          4.0000         82.7147
  306         16.0025         32.0000         34.0000          1.0000         83.6864
  307         16.0025         32.0000         35.0000          1.0000         83.6772
  308         16.0025         32.0000         36.0000          1.0000         83.7722
  310         16.0025         32.0000         34.0000          2.0000         84.9057
  311         16.0025         32.0000         35.0000          2.0000         84.9010
  312         16.0025         32.0000         36.0000          2.0000         84.9465
  314         16.0025         32.0000         34.0000          3.0000         86.0308
  315         16.0025         32.0000         35.0000          3.0000         86.0279
  316         16.0025         32.0000         36.0000          3.0000         86.0386
  318         16.0025         32.0000         34.0000          4.0000         87.1087
  319         16.0025         32.0000         35.0000          4.0000         87.1060
  320         16.0025         32.0000         36.0000          4.0000         87.1254
  306         16.0025         32.0000         34.0000          1.0000         83.6792
  307         16.0025         32.0000         35.0000          1.0000         83.6706
  308         16.0025         32.0000         36.0000          1.0000         83.7664
  310         16.0025         32.0000         34.0000          2.0000         84.9013
  311         16.0025         32.0000         35.0000          2.0000         84.8969
  312         16.0025         32.0000         36.0000          2.0000         84.9428
  314         16.0025         32.0000         34.0000          3.0000         86.0277
  315         16.0025         32.0000         35.0000          3.0000         86.0249
  316         16.0025         32.0000         36.0000          3.0000         86.0356
  318         16.0025         32.0000         34.0000          4.0000         87.1062
  319         16.0025         32.0000         35.0000          4.0000         87.1035
  320         16.0025         32.0000         36.0000          4.0000         87.1230
  306         16.0025         32.0000         34.0000          1.0000         83.6720
  307         16.0025         32.0000         35.0000          1.0000         83.6640
  308         16.0025         32.0000         36.0000          1.0000         83.7607
  310         16.0025         32.0000         34.0000          2.0000         84.8970
  311         16.0025         32.0000         35.0000          2.0000         84.8928
  312         16.0025         32.0000         36.0000          2.0000         84.9390
  314         16.0025         32.0000         34.0000          3.0000         86.0246
  315         16.0025         32.0000         35.0000          3.0000         86.0218
  316         16.0025         32.0000         36.0000          3.0000         86.0327
  318         16.0025         32.0000         34.0000          4.0000         87.1036
  319         16.0025         32.0000         35.0000          4.0000         87.1011
  320         16.0025         32.0000         36.0000          4.0000         87.1206
  306         17.0138         32.0000         34.0000          1.0000         44.9154
  307         17.0138         32.0000         35.0000          1.0000         44.9084
  308         17.0138         32.0000         36.0000          1.0000         44.9973
  310         17.0138         32.0000         34.0000          2.0000         46.0154
  311         17.0138         32.0000         35.0000          2.0000         46.0125
  312         17.0138         32.0000         36.0000          2.0000         46.0547
  314         17.0138         32.0000         34.0000          3.0000         47.0217
  315         17.0138         32.0000         35.0000          3.0000         47.0202
  316         17.0138         32.0000         36.0000          3.0000         47.0305
  318         17.0138         32.0000         34.0000          4.0000         47.9806
  319         17.0138         32.0000         35.0000          4.0000         47.9795
  320         17.0138         32.0000         36.0000          4.0000         47.9969
  306         17.0138         32.0000         34.0000          1.0000         44.9113
  307         17.0138         32.0000         35.0000          1.0000         44.9046
  308         17.0138         32.0000         36.0000          1.0000         44.9940
  310         17.0138         32.0000         34.0000          2.0000         46.0129
  311         17.0138         32.0000         35.0000          2.0000         46.0100
  312         17.0138         32.0000         36.0000          2.0000         46.0525
  314         17.0138         32.0000         34.0000          3.0000         47.0198
  315         17.0138         32.0000         35.0000          3.0000         47.0184
  316         17.0138         32.0000         36.0000          3.0000         47.0287
  318         17.0138         32.0000         34.0000          4.0000         47.9791
  319         17.0138         32.0000         35.0000          4.0000         47.9781
  320         17.0138         32.0000         36.0000          4.0000         47.9954
  306         17.0138         32.0000         34.0000          1.0000         44.9072
  307         17.0138         32.0000         35.0000          1.0000         44.9008
  308         17.0138         32.0000         36.0000          1.0000         44.9907
  310         17.0138         32.0000         34.0000          2.0000         46.0104
  311         17.0138         32.0000         35.0000          2.0000         46.0076
  312         17.0138         32.0000         36.0000          2.0000         46.0503
  314         17.0138         32.0000         34.0000          3.0000         47.0180
  315         17.0138         32.0000         35.0000          3.0000         47.0166
  316         17.0138         32.0000         36.0000          3.0000         47.0270
  318         17.0138         32.0000         34.0000          4.0000         47.9776
  319         17.0138         32.0000         35.0000          4.0000         47.9766
  320         17.0138         32.0000         36.0000          4.0000         47.9940
  306         18.0179         32.0000         34.0000          1.0000         41.1779
  307         18.0179         32.0000         35.0000          1.0000         41.1748
  308         18.0179         32.0000         36.0000          1.0000         41.2271
  310         18.0179         32.0000         34.0000          2.0000         41.8141
  311         18.0179         32.0000         35.0000          2.0000         41.8165
  312         18.0179         32.0000         36.0000          2.0000         41.8474
  314         18.0179         32.0000         34.0000          3.0000         42.4180
  315         18.0179         32.0000         35.0000          3.0000         42.4214
  316         18.0179         32.0000         36.0000          3.0000         42.4344
  318         18.0179         32.0000         34.0000          4.0000         43.0065
  319         18.0179         32.0000         35.0000          4.0000         43.0092
  320         18.0179         32.0000         36.0000          4.0000         43.0254
  306         18.0179         32.0000         34.0000          1.0000         41.1753
  307         18.0179         32.0000         35.0000          1.0000         41.1725
  308         18.0179         32.0000         36.0000          1.0000         41.2250
  310         18.0179         32.0000         34.0000          2.0000         41.8125
  311         18.0179         32.0000         35.0000          2.0000         41.8150
  312         18.0179         32.0000         36.0000          2.0000         41.8460
  314         18.0179         32.0000         34.0000          3.0000         42.4168
  315         18.0179         32.0000         35.0000          3.0000         42.4203
  316         18.0179         32.0000         36.0000          3.0000         42.4333
  318         18.0179         32.0000         34.0000          4.0000         43.0055
  319         18.0179         32.0000         35.0000          4.0000         43.0083
  320         18.0179         32.0000         36.0000          4.0000         43.0245
  306         18.0179         32.0000         34.0000          1.0000         41.1727
  307         18.0179         32.0000         35.0000          1.0000         41.1701
  308         18.0179         32.0000         36.0000          1.0000         41.2229
  310         18.0179         32.0000         34.0000          2.0000         41.8109
  311         18.0179         32.0000         35.0000          2.0000         41.8135
  312         18.0179         32.0000         36.0000          2.0000         41.8446
  314         18.0179         32.0000         34.0000          3.0000         42.4156
  315         18.0179         32.0000         35.0000          3.0000         42.4192
  316         18.0179         32.0000         36.0000          3.0000         42.4322
  318         18.0179         32.0000         34.0000          4.0000         43.0046
  319         18.0179         32.0000         35.0000          4.0000         43.0073
  320         18.0179         32.0000         36.0000          4.0000         43.0235
  306         19.0133         32.0000         34.0000          1.0000          3.5039
  307         19.0133         32.0000         35.0000          1.0000          5.1535
  308         19.0133         32.0000         36.0000          1.0000          6.8205
  310         19.0133         32.0000         34.0000          2.0000          3.7083
  311         19.0133         32.0000         35.0000          2.0000          5.3559
  312         19.0133         32.0000         36.0000          2.0000          7.0117
  314         19.0133         32.0000         34.0000          3.0000          3.8924
  315         19.0133         32.0000         35.0000          3.0000          5.5394
  316         19.0133         32.0000         36.0000          3.0000          7.1885
  318         19.0133         32.0000         34.0000          4.0000          7.3594
  319         19.0133         32.0000         35.0000          4.0000          7.3597
  320         19.0133         32.0000         36.0000          4.0000          7.3631
  306         19.0133         32.0000         34.0000          1.0000          3.5033
  307         19.0133         32.0000         35.0000          1.0000          5.1529
  308         19.0133         32.0000         36.0000          1.0000          6.8200
  310         19.0133         32.0000         34.0000          2.0000          3.7079
  311         19.0133         32.0000         35.0000          2.0000          5.3555
  312         19.0133         32.0000         36.0000          2.0000          7.0114
  314         19.0133         32.0000         34.0000          3.0000          3.8922
  315         19.0133         32.0000         35.0000          3.0000          5.5392
  316         19.0133         32.0000         36.0000          3.0000          7.1882
  318         19.0133         32.0000         34.0000          4.0000          7.3592
  319         19.0133         32.0000         35.0000          4.0000          7.3595
  320         19.0133         32.0000         36.0000          4.0000          7.3629
  306         20.0143         32.0000         34.0000          1.0000          0.0000
  307         20.0143         32.0000         35.0000          1.0000          0.0000
  308         20.0143         32.0000         36.0000          1.0000          0.0000
  310         20.0143         32.0000         34.0000          2.0000          0.0000
  311         20.0143         32.0000         35.0000          2.0000          0.0000
  312         20.0143         32.0000         36.0000          2.0000          0.0000
  314         20.0143         32.0000         34.0000          3.0000          0.0000
  315         20.0143         32.0000         35.0000          3.0000          0.0000
  316         20.0143         32.0000         36.0000          3.0000          0.0000
  318         20.0143         32.0000         34.0000          4.0000          0.0000
  319         20.0143         32.0000         35.0000          4.0000          0.0000
  320         20.0143         32.0000         36.0000          4.0000          0.0000
  306         20.0143         32.0000         34.0000          1.0000          0.0000
  307         20.0143         32.0000         35.0000          1.0000          0.0000
  308         20.0143         32.0000         36.0000          1.0000          0.0000
  310         20.0143         32.0000         34.0000          2.0000          0.0000
  311         20.0143         32.0000         35.0000          2.0000          0.0000
  312         20.0143         32.0000         36.0000          2.0000          0.0000
  314         20.0143         32.0000         34.0000          3.0000          0.0000
  315         20.0143         32.0000         35.0000          3.0000          0.0000
  316         20.0143         32.0000         36.0000          3.0000          0.0000
  318         20.0143         32.0000         34.0000          4.0000          0.0000
  319         20.0143         32.0000         35.0000          4.0000          0.0000
  320         20.0143         32.0000         36.0000          4.0000          0.0000
  306         21.0154         32.0000         34.0000          1.0000          0.0000
  307         21.0154         32.0000         35.0000          1.0000          0.0000
  308         21.0154         32.0000         36.0000          1.0000          0.0000
  310         21.0154         32.0000         34.0000          2.0000          0.0000
  311         21.0154         32.0000         35.0000          2.0000          0.0000
  312         21.0154         32.0000         36.0000          2.0000          0.0000
  314         21.0154         32.0000         34.0000          3.0000          0.0000
  315         21.0154         32.0000         35.0000          3.0000          0.0000
  316         21.0154         32.0000         36.0000          3.0000          0.0000
  318         21.0154         32.0000         34.0000          4.0000          0.0000
  319         21.0154         32.0000         35.0000          4.0000          0.0000
  320         21.0154         32.0000         36.0000          4.0000          0.0000
  306         21.0154         32.0000         34.0000          1.0000          0.0000
  307         21.0154         32.0000         35.0000          1.0000          0.0000
  308         21.0154         32.0000         36.0000          1.0000          0.0000
  310         21.0154         32.0000         34.0000          2.0000          0.0000
  311         21.0154         32.0000         35.0000          2.0000          0.0000
  312         21.0154         32.0000         36.0000          2.0000          0.0000
  314         21.0154         32.0000         34.0000          3.0000          0.0000
  315         21.0154         32.0000         35.0000          3.0000          0.0000
  316         21.0154         32.0000         36.0000          3.0000          0.0000
  318         21.0154         32.0000         34.0000          4.0000          0.0000
  319         21.0154         32.0000         35.0000          4.0000          0.0000
  320         21.0154         32.0000         36.0000          4.0000          0.0000
  306         22.0091         32.0000         34.0000          1.0000          0.0000
  307         22.0091         32.0000         35.0000          1.0000          0.0000
  308         22.0091         32.0000         36.0000          1.0000          0.0000
  310         22.0091         32.0000         34.0000          2.0000          0.0000
  311         22.0091         32.0000         35.0000          2.0000          0.0000
  312         22.0091         32.0000         36.0000          2.0000          0.0000
  314         22.0091         32.0000         34.0000          3.0000          0.0000
  315         22.0091         32.0000         35.0000          3.0000          0.0000
  316         22.0091         32.0000         36.0000          3.0000          0.0000
  318         22.0091         32.0000         34.0000          4.0000          0.0000
  319         22.0091         32.0000         35.0000          4.0000          0.0000
  320         22.0091         32.0000         36.0000          4.0000          0.0000
  306         22.0091         32.0000         34.0000          1.0000          0.0000
  307         22.0091         32.0000         35.0000          1.0000          0.0000
  308         22.0091         32.0000         36.0000          1.0000          0.0000
  310         22.0091         32.0000         34.0000          2.0000          0.0000
  311         22.0091         32.0000         35.0000          2.0000          0.0000
  312         22.0091         32.0000         36.0000          2.0000          0.0000
  314         22.0091         32.0000         34.0000          3.0000          0.0000
  315         22.0091         32.0000         35.0000          3.0000          0.0000
  316         22.0091         32.0000         36.0000          3.0000          0.0000
  318         22.0091         32.0000         34.0000          4.0000          0.0000
  319         22.0091         32.0000         35.0000          4.0000          0.0000
  320         22.0091         32.0000         36.0000          4.0000          0.0000
  306         23.0248         32.0000         34.0000          1.0000          0.0000
  307         23.0248         32.0000         35.0000          1.0000          0.0000
  308         23.0248         32.0000         36.0000          1.0000          0.0000
  310         23.0248         32.0000         34.0000          2.0000          0.0000
  311         23.0248         32.0000         35.0000          2.0000          0.0000
  312         23.0248         32.0000         36.0000          2.0000          0.0000
  314         23.0248         32.0000         34.0000          3.0000          0.0000
  315         23.0248         32.0000         35.0000          3.0000          0.0000
  316         23.0248         32.0000         36.0000          3.0000          0.0000
  318         23.0248         32.0000         34.0000          4.0000          0.0000
  319         23.0248         32.0000         35.0000          4.0000          0.0000
  320         23.0248         32.0000         36.0000          4.0000          0.0000
  306         23.0248         32.0000         34.0000          1.0000          0.0000
  307         23.0248         32.0000         35.0000          1.0000          0.0000
  308         23.0248         32.0000         36.0000          1.0000          0.0000
  310         23.0248         32.0000         34.0000          2.0000          0.0000
  311         23.0248         32.0000         35.0000          2.0000          0.0000
  312         23.0248         32.0000         36.0000          2.0000          0.0000
  314         23.0248         32.0000         34.0000          3.0000          0.0000
  315         23.0248         32.0000         35.0000          3.0000          0.0000
  316         23.0248         32.0000         36.0000          3.0000          0.0000
  318         23.0248         32.0000         34.0000          4.0000          0.0000
  319         23.0248         32.0000         35.0000          4.0000          0.0000
  320         23.0248         32.0000         36.0000          4.0000          0.0000
