  306          1.0064         32.0000         34.0000          1.0000        299.5703
  307          1.0064         32.0000         35.0000          1.0000        299.5536
  308          1.0064         32.0000         36.0000          1.0000        299.5306
  310          1.0064         32.0000         34.0000          2.0000        299.4230
  311          1.0064         32.0000         35.0000          2.0000        299.4180
  312          1.0064         32.0000         36.0000          2.0000        299.4089
  314          1.0064         32.0000         34.0000          3.0000        299.3146
  315          1.0064         32.0000         35.0000          3.0000        299.3129
  316          1.0064         32.0000         36.0000          3.0000        299.3098
  318          1.0064         32.0000         34.0000          4.0000        299.2225
  319          1.0064         32.0000         35.0000          4.0000        299.2216
  320          1.0064         32.0000         36.0000          4.0000        299.2190
  306          1.0064         32.0000         34.0000          1.0000        299.5725
  307          1.0064         32.0000         35.0000          1.0000        299.5560
  308          1.0064         32.0000         36.0000          1.0000        299.5324
  310          1.0064         32.0000         34.0000          2.0000        299.4235
  311          1.0064         32.0000         35.0000          2.0000        299.4185
  312          1.0064         32.0000         36.0000          2.0000        299.4092
  314          1.0064         32.0000         34.0000          3.0000        299.3145
  315          1.0064         32.0000         35.0000          3.0000        299.3128
  316          1.0064         32.0000         36.0000          3.0000        299.3096
  318          1.0064         32.0000         34.0000          4.0000        299.2221
  319          1.0064         32.0000         35.0000          4.0000        299.2212
  320          1.0064         32.0000         36.0000          4.0000        299.2186
  306          2.0400         32.0000         34.0000          1.0000        299.3187
  307          2.0400         32.0000         35.0000          1.0000        299.3029
  308          2.0400         32.0000         36.0000          1.0000        299.2805
  310          2.0400         32.0000         34.0000          2.0000        299.1789
  311          2.0400         32.0000         35.0000          2.0000        299.1740
  312          2.0400         32.0000         36.0000          2.0000        299.1649
  314          2.0400         32.0000         34.0000          3.0000        299.0764
  315          2.0400         32.0000         35.0000          3.0000        299.0747
  316          2.0400         32.0000         36.0000          3.0000        299.0714
  318          2.0400         32.0000         34.0000          4.0000        298.9901
  319          2.0400         32.0000         35.0000          4.0000        298.9892
  320          2.0400         32.0000         36.0000          4.0000        298.9866
  306          2.0400         32.0000         34.0000          1.0000        299.3196
  307          2.0400         32.0000         35.0000          1.0000        299.3040
  308          2.0400         32.0000         36.0000          1.0000        299.2810
  310          2.0400         32.0000         34.0000          2.0000        299.1781
  311          2.0400         32.0000         35.0000          2.0000        299.1733
  312          2.0400         32.0000         36.0000          2.0000        299.1639
  314          2.0400         32.0000         34.0000          3.0000        299.0751
  315          2.0400         32.0000         35.0000          3.0000        299.0734
  316          2.0400         32.0000         36.0000          3.0000        299.0700
  318          2.0400         32.0000         34.0000          4.0000        298.9886
  319          2.0400         32.0000         35.0000          4.0000        298.9877
  320          2.0400         32.0000         36.0000          4.0000        298.9850
  306          3.0193         32.0000         34.0000          1.0000        299.0065
  307          3.0193         32.0000         35.0000          1.0000        298.9889
  308          3.0193         32.0000         36.0000          1.0000        298.9647
  310          3.0193         32.0000         34.0000          2.0000        298.8660
  311          3.0193         32.0000         35.0000          2.0000        298.8604
  312          3.0193         32.0000         36.0000          2.0000        298.8504
  314          3.0193         32.0000         34.0000          3.0000        298.7659
  315          3.0193         32.0000         35.0000          3.0000        298.7639
  316          3.0193         32.0000         36.0000          3.0000        298.7602
  318          3.0193         32.0000         34.0000          4.0000        298.6823
  319          3.0193         32.0000         35.0000          4.0000        298.6813
  320          3.0193         32.0000         36.0000          4.0000        298.6784
  306          3.0193         32.0000         34.0000          1.0000        299.0086
  307          3.0193         32.0000         35.0000          1.0000        298.9912
  308          3.0193         32.0000         36.0000          1.0000        298.9664
  310          3.0193         32.0000         34.0000          2.0000        298.8663
  311          3.0193         32.0000         35.0000          2.0000        298.8608
  312          3.0193         32.0000         36.0000          2.0000        298.8506
  314          3.0193         32.0000         34.0000          3.0000        298.7656
  315          3.0193         32.0000         35.0000          3.0000        298.7636
  316          3.0193         32.0000         36.0000          3.0000        298.7598
  318          3.0193         32.0000         34.0000          4.0000        298.6817
  319          3.0193         32.0000         35.0000          4.0000        298.6807
  320          3.0193         32.0000         36.0000          4.0000        298.6778
  306          4.0393         32.0000         34.0000          1.0000        298.7709
  307          4.0393         32.0000         35.0000          1.0000        298.7525
  308          4.0393         32.0000         36.0000          1.0000        298.7273
  310          4.0393         32.0000         34.0000          2.0000        298.6316
  311          4.0393         32.0000         35.0000          2.0000        298.6257
  312          4.0393         32.0000         36.0000          2.0000        298.6152
  314          4.0393         32.0000         34.0000          3.0000        298.5343
  315          4.0393         32.0000         35.0000          3.0000        298.5322
  316          4.0393         32.0000         36.0000          3.0000        298.5282
  318          4.0393         32.0000         34.0000          4.0000        298.4538
  319          4.0393         32.0000         35.0000          4.0000        298.4527
  320          4.0393         32.0000         36.0000          4.0000        298.4498
  306          4.0393         32.0000         34.0000          1.0000        298.7729
  307          4.0393         32.0000         35.0000          1.0000        298.7547
  308          4.0393         32.0000         36.0000          1.0000        298.7289
  310          4.0393         32.0000         34.0000          2.0000        298.6318
  311          4.0393         32.0000         35.0000          2.0000        298.6260
  312          4.0393         32.0000         36.0000          2.0000        298.6153
  314          4.0393         32.0000         34.0000          3.0000        298.5340
  315          4.0393         32.0000         35.0000          3.0000        298.5319
  316          4.0393         32.0000         36.0000          3.0000        298.5278
  318          4.0393         32.0000         34.0000          4.0000        298.4532
  319          4.0393         32.0000         35.0000          4.0000        298.4522
  320          4.0393         32.0000         36.0000          4.0000        298.4491
  306          5.0185         32.0000         34.0000          1.0000        298.5228
  307          5.0185         32.0000         35.0000          1.0000        298.5040
  308          5.0185         32.0000         36.0000          1.0000        298.4780
  310          5.0185         32.0000         34.0000          2.0000        298.3836
  311          5.0185         32.0000         35.0000          2.0000        298.3776
  312          5.0185         32.0000         36.0000          2.0000        298.3666
  314          5.0185         32.0000         34.0000          3.0000        298.2878
  315          5.0185         32.0000         35.0000          3.0000        298.2856
  316          5.0185         32.0000         36.0000          3.0000        298.2813
  318          5.0185         32.0000         34.0000          4.0000        298.2090
  319          5.0185         32.0000         35.0000          4.0000        298.2079
  320          5.0185         32.0000         36.0000          4.0000        298.2048
  306          5.0185         32.0000         34.0000          1.0000        298.5252
  307          5.0185         32.0000         35.0000          1.0000        298.5066
  308          5.0185         32.0000         36.0000          1.0000        298.4800
  310          5.0185         32.0000         34.0000          2.0000        298.3843
  311          5.0185         32.0000         35.0000          2.0000        298.3783
  312          5.0185         32.0000         36.0000          2.0000        298.3671
  314          5.0185         32.0000         34.0000          3.0000        298.2878
  315          5.0185         32.0000         35.0000          3.0000        298.2856
  316          5.0185         32.0000         36.0000          3.0000        298.2813
  318          5.0185         32.0000         34.0000          4.0000        298.2088
  319          5.0185         32.0000         35.0000          4.0000        298.2076
  320          5.0185         32.0000         36.0000          4.0000        298.2045
  306          6.0385         32.0000         34.0000          1.0000        298.4109
  307          6.0385         32.0000         35.0000          1.0000        298.3919
  308          6.0385         32.0000         36.0000          1.0000        298.3663
  310          6.0385         32.0000         34.0000          2.0000        298.2787
  311          6.0385         32.0000         35.0000          2.0000        298.2726
  312          6.0385         32.0000         36.0000          2.0000        298.2617
  314          6.0385         32.0000         34.0000          3.0000        298.1896
  315          6.0385         32.0000         35.0000          3.0000        298.1873
  316          6.0385         32.0000         36.0000          3.0000        298.1830
  318          6.0385         32.0000         34.0000          4.0000        298.1172
  319          6.0385         32.0000         35.0000          4.0000        298.1160
  320          6.0385         32.0000         36.0000          4.0000        298.1130
  306          6.0385         32.0000         34.0000          1.0000        298.4131
  307          6.0385         32.0000         35.0000          1.0000        298.3944
  308          6.0385         32.0000         36.0000          1.0000        298.3681
  310          6.0385         32.0000         34.0000          2.0000        298.2792
  311          6.0385         32.0000         35.0000          2.0000        298.2732
  312          6.0385         32.0000         36.0000          2.0000        298.2621
  314          6.0385         32.0000         34.0000          3.0000        298.1895
  315          6.0385         32.0000         35.0000          3.0000        298.1873
  316          6.0385         32.0000         36.0000          3.0000        298.1829
  318          6.0385         32.0000         34.0000          4.0000        298.1168
  319          6.0385         32.0000         35.0000          4.0000        298.1157
  320          6.0385         32.0000         36.0000          4.0000        298.1126
  306          7.0463         32.0000         34.0000          1.0000        298.3140
  307          7.0463         32.0000         35.0000          1.0000        298.2951
  308          7.0463         32.0000         36.0000          1.0000        298.2698
  310          7.0463         32.0000         34.0000          2.0000        298.1893
  311          7.0463         32.0000         35.0000          2.0000        298.1831
  312          7.0463         32.0000         36.0000          2.0000        298.1723
  314          7.0463         32.0000         34.0000          3.0000        298.1070
  315          7.0463         32.0000         35.0000          3.0000        298.1048
  316          7.0463         32.0000         36.0000          3.0000        298.1004
  318          7.0463         32.0000         34.0000          4.0000        298.0413
  319          7.0463         32.0000         35.0000          4.0000        298.0401
  320          7.0463         32.0000         36.0000          4.0000        298.0371
  306          7.0463         32.0000         34.0000          1.0000        298.3215
  307          7.0463         32.0000         35.0000          1.0000        298.3027
  308          7.0463         32.0000         36.0000          1.0000        298.2771
  310          7.0463         32.0000         34.0000          2.0000        298.1952
  311          7.0463         32.0000         35.0000          2.0000        298.1891
  312          7.0463         32.0000         36.0000          2.0000        298.1782
  314          7.0463         32.0000         34.0000          3.0000        298.1119
  315          7.0463         32.0000         35.0000          3.0000        298.1097
  316          7.0463         32.0000         36.0000          3.0000        298.1053
  318          7.0463         32.0000         34.0000          4.0000        298.0454
  319          7.0463         32.0000         35.0000          4.0000        298.0442
  320          7.0463         32.0000         36.0000          4.0000        298.0412
  306          8.0010         32.0000         34.0000          1.0000        300.0998
  307          8.0010         32.0000         35.0000          1.0000        300.0810
  308          8.0010         32.0000         36.0000          1.0000        300.0658
  310          8.0010         32.0000         34.0000          2.0000        300.0694
  311          8.0010         32.0000         35.0000          2.0000        300.0633
  312          8.0010         32.0000         36.0000          2.0000        300.0569
  314          8.0010         32.0000         34.0000          3.0000        300.0673
  315          8.0010         32.0000         35.0000          3.0000        300.0651
  316          8.0010         32.0000         36.0000          3.0000        300.0618
  318          8.0010         32.0000         34.0000          4.0000        300.0750
  319          8.0010         32.0000         35.0000          4.0000        300.0739
  320          8.0010         32.0000         36.0000          4.0000        300.0723
  306          8.0010         32.0000         34.0000          1.0000        300.1134
  307          8.0010         32.0000         35.0000          1.0000        300.0948
  308          8.0010         32.0000         36.0000          1.0000        300.0793
  310          8.0010         32.0000         34.0000          2.0000        300.0816
  311          8.0010         32.0000         35.0000          2.0000        300.0756
  312          8.0010         32.0000         36.0000          2.0000        300.0691
  314          8.0010         32.0000         34.0000          3.0000        300.0786
  315          8.0010         32.0000         35.0000          3.0000        300.0765
  316          8.0010         32.0000         36.0000          3.0000        300.0732
  318          8.0010         32.0000         34.0000          4.0000        300.0856
  319          8.0010         32.0000         35.0000          4.0000        300.0845
  320          8.0010         32.0000         36.0000          4.0000        300.0829
  306          8.0010         32.0000         34.0000          1.0000        300.1146
  307          8.0010         32.0000         35.0000          1.0000        300.0961
  308          8.0010         32.0000         36.0000          1.0000        300.0804
  310          8.0010         32.0000         34.0000          2.0000        300.0822
  311          8.0010         32.0000         35.0000          2.0000        300.0763
  312          8.0010         32.0000         36.0000          2.0000        300.0697
  314          8.0010         32.0000         34.0000          3.0000        300.0790
  315          8.0010         32.0000         35.0000          3.0000        300.0769
  316          8.0010         32.0000         36.0000          3.0000        300.0736
  318          8.0010         32.0000         34.0000          4.0000        300.0859
  319          8.0010         32.0000         35.0000          4.0000        300.0849
  320          8.0010         32.0000         36.0000          4.0000        300.0832
  306          9.0154         32.0000         34.0000          1.0000        308.4470
  307          9.0154         32.0000         35.0000          1.0000        308.4483
  308          9.0154         32.0000         36.0000          1.0000        308.5316
  310          9.0154         32.0000         34.0000          2.0000        308.8677
  311          9.0154         32.0000         35.0000          2.0000        308.8799
  312          9.0154         32.0000         36.0000          2.0000        308.9384
  314          9.0154         32.0000         34.0000          3.0000        309.2093
  315          9.0154         32.0000         35.0000          3.0000        309.2200
  316          9.0154         32.0000         36.0000          3.0000        309.2486
  318          9.0154         32.0000         34.0000          4.0000        309.5022
  319          9.0154         32.0000         35.0000          4.0000        309.5093
  320          9.0154         32.0000         36.0000          4.0000        309.5279
  306          9.0154         32.0000         34.0000          1.0000        308.4629
  307          9.0154         32.0000         35.0000          1.0000        308.4646
  308          9.0154         32.0000         36.0000          1.0000        308.5489
  310          9.0154         32.0000         34.0000          2.0000        308.8836
  311          9.0154         32.0000         35.0000          2.0000        308.8963
  312          9.0154         32.0000         36.0000          2.0000        308.9557
  314          9.0154         32.0000         34.0000          3.0000        309.2248
  315          9.0154         32.0000         35.0000          3.0000        309.2357
  316          9.0154         32.0000         36.0000          3.0000        309.2649
  318          9.0154         32.0000         34.0000          4.0000        309.5166
  319          9.0154         32.0000         35.0000          4.0000        309.5239
  320          9.0154         32.0000         36.0000          4.0000        309.5428
  306          9.0154         32.0000         34.0000          1.0000        308.4634
  307          9.0154         32.0000         35.0000          1.0000        308.4653
  308          9.0154         32.0000         36.0000          1.0000        308.5493
  310          9.0154         32.0000         34.0000          2.0000        308.8834
  311          9.0154         32.0000         35.0000          2.0000        308.8960
  312          9.0154         32.0000         36.0000          2.0000        308.9553
  314          9.0154         32.0000         34.0000          3.0000        309.2243
  315          9.0154         32.0000         35.0000          3.0000        309.2352
  316          9.0154         32.0000         36.0000          3.0000        309.2643
  318          9.0154         32.0000         34.0000          4.0000        309.5161
  319          9.0154         32.0000         35.0000          4.0000        309.5234
  320          9.0154         32.0000         36.0000          4.0000        309.5422
  306         10.0100         32.0000         34.0000          1.0000        315.4802
  307         10.0100         32.0000         35.0000          1.0000        315.5139
  308         10.0100         32.0000         36.0000          1.0000        315.7373
  310         10.0100         32.0000         34.0000          2.0000        316.3499
  311         10.0100         32.0000         35.0000          2.0000        316.3985
  312         10.0100         32.0000         36.0000          2.0000        316.5601
  314         10.0100         32.0000         34.0000          3.0000        317.0153
  315         10.0100         32.0000         35.0000          3.0000        317.0490
  316         10.0100         32.0000         36.0000          3.0000        317.1298
  318         10.0100         32.0000         34.0000          4.0000        317.5484
  319         10.0100         32.0000         35.0000          4.0000        317.5679
  320         10.0100         32.0000         36.0000          4.0000        317.6154
  306         10.0100         32.0000         34.0000          1.0000        315.4932
  307         10.0100         32.0000         35.0000          1.0000        315.5274
  308         10.0100         32.0000         36.0000          1.0000        315.7512
  310         10.0100         32.0000         34.0000          2.0000        316.3624
  311         10.0100         32.0000         35.0000          2.0000        316.4113
  312         10.0100         32.0000         36.0000          2.0000        316.5734
  314         10.0100         32.0000         34.0000          3.0000        317.0271
  315         10.0100         32.0000         35.0000          3.0000        317.0610
  316         10.0100         32.0000         36.0000          3.0000        317.1421
  318         10.0100         32.0000         34.0000          4.0000        317.5593
  319         10.0100         32.0000         35.0000          4.0000        317.5790
  320         10.0100         32.0000         36.0000          4.0000        317.6266
  306         10.0100         32.0000         34.0000          1.0000        315.4941
  307         10.0100         32.0000         35.0000          1.0000        315.5283
  308         10.0100         32.0000         36.0000          1.0000        315.7519
  310         10.0100         32.0000         34.0000          2.0000        316.3627
  311         10.0100         32.0000         35.0000          2.0000        316.4117
  312         10.0100         32.0000         36.0000          2.0000        316.5736
  314         10.0100         32.0000         34.0000          3.0000        317.0273
  315         10.0100         32.0000         35.0000          3.0000        317.0611
  316         10.0100         32.0000         36.0000          3.0000        317.1422
  318         10.0100         32.0000         34.0000          4.0000        317.5594
  319         10.0100         32.0000         35.0000          4.0000        317.5791
  320         10.0100         32.0000         36.0000          4.0000        317.6267
  306         11.0146         32.0000         34.0000          1.0000        322.1253
  307         11.0146         32.0000         35.0000          1.0000        322.1693
  308         11.0146         32.0000         36.0000          1.0000        322.4572
  310         11.0146         32.0000         34.0000          2.0000        323.3720
  311         11.0146         32.0000         35.0000          2.0000        323.4214
  312         11.0146         32.0000         36.0000          2.0000        323.6102
  314         11.0146         32.0000         34.0000          3.0000        324.2864
  315         11.0146         32.0000         35.0000          3.0000        324.3150
  316         11.0146         32.0000         36.0000          3.0000        324.3971
  318         11.0146         32.0000         34.0000          4.0000        324.9970
  319         11.0146         32.0000         35.0000          4.0000        325.0115
  320         11.0146         32.0000         36.0000          4.0000        325.0567
  306         11.0146         32.0000         34.0000          1.0000        322.1353
  307         11.0146         32.0000         35.0000          1.0000        322.1796
  308         11.0146         32.0000         36.0000          1.0000        322.4681
  310         11.0146         32.0000         34.0000          2.0000        323.3824
  311         11.0146         32.0000         35.0000          2.0000        323.4321
  312         11.0146         32.0000         36.0000          2.0000        323.6214
  314         11.0146         32.0000         34.0000          3.0000        324.2968
  315         11.0146         32.0000         35.0000          3.0000        324.3256
  316         11.0146         32.0000         36.0000          3.0000        324.4079
  318         11.0146         32.0000         34.0000          4.0000        325.0070
  319         11.0146         32.0000         35.0000          4.0000        325.0216
  320         11.0146         32.0000         36.0000          4.0000        325.0669
  306         11.0146         32.0000         34.0000          1.0000        322.1359
  307         11.0146         32.0000         35.0000          1.0000        322.1802
  308         11.0146         32.0000         36.0000          1.0000        322.4686
  310         11.0146         32.0000         34.0000          2.0000        323.3826
  311         11.0146         32.0000         35.0000          2.0000        323.4323
  312         11.0146         32.0000         36.0000          2.0000        323.6216
  314         11.0146         32.0000         34.0000          3.0000        324.2970
  315         11.0146         32.0000         35.0000          3.0000        324.3257
  316         11.0146         32.0000         36.0000          3.0000        324.4080
  318         11.0146         32.0000         34.0000          4.0000        325.0070
  319         11.0146         32.0000         35.0000          4.0000        325.0216
  320         11.0146         32.0000         36.0000          4.0000        325.0669
  306         12.0078         32.0000         34.0000          1.0000        329.7663
  307         12.0078         32.0000         35.0000          1.0000        329.8035
  308         12.0078         32.0000         36.0000          1.0000        330.0480
  310         12.0078         32.0000         34.0000          2.0000        330.9443
  311         12.0078         32.0000         35.0000          2.0000        330.9787
  312         12.0078         32.0000         36.0000          2.0000        331.1247
  314         12.0078         32.0000         34.0000          3.0000        331.7743
  315         12.0078         32.0000         35.0000          3.0000        331.7923
  316         12.0078         32.0000         36.0000          3.0000        331.8496
  318         12.0078         32.0000         34.0000          4.0000        332.4091
  319         12.0078         32.0000         35.0000          4.0000        332.4173
  320         12.0078         32.0000         36.0000          4.0000        332.4501
  306         12.0078         32.0000         34.0000          1.0000        330.1224
  307         12.0078         32.0000         35.0000          1.0000        330.1454
  308         12.0078         32.0000         36.0000          1.0000        330.2825
  310         12.0078         32.0000         34.0000          2.0000        330.9674
  311         12.0078         32.0000         35.0000          2.0000        330.9844
  312         12.0078         32.0000         36.0000          2.0000        331.0621
  314         12.0078         32.0000         34.0000          3.0000        331.6427
  315         12.0078         32.0000         35.0000          3.0000        331.6523
  316         12.0078         32.0000         36.0000          3.0000        331.6831
  318         12.0078         32.0000         34.0000          4.0000        332.2118
  319         12.0078         32.0000         35.0000          4.0000        332.2163
  320         12.0078         32.0000         36.0000          4.0000        332.2387
  306         12.0078         32.0000         34.0000          1.0000        330.1353
  307         12.0078         32.0000         35.0000          1.0000        330.1604
  308         12.0078         32.0000         36.0000          1.0000        330.2962
  310         12.0078         32.0000         34.0000          2.0000        330.9784
  311         12.0078         32.0000         35.0000          2.0000        330.9966
  312         12.0078         32.0000         36.0000          2.0000        331.0752
  314         12.0078         32.0000         34.0000          3.0000        331.6545
  315         12.0078         32.0000         35.0000          3.0000        331.6646
  316         12.0078         32.0000         36.0000          3.0000        331.6959
  318         12.0078         32.0000         34.0000          4.0000        332.2239
  319         12.0078         32.0000         35.0000          4.0000        332.2286
  320         12.0078         32.0000         36.0000          4.0000        332.2512
  306         12.0078         32.0000         34.0000          1.0000        330.1363
  307         12.0078         32.0000         35.0000          1.0000        330.1612
  308         12.0078         32.0000         36.0000          1.0000        330.2966
  310         12.0078         32.0000         34.0000          2.0000        330.9783
  311         12.0078         32.0000         35.0000          2.0000        330.9965
  312         12.0078         32.0000         36.0000          2.0000        331.0749
  314         12.0078         32.0000         34.0000          3.0000        331.6542
  315         12.0078         32.0000         35.0000          3.0000        331.6642
  316         12.0078         32.0000         36.0000          3.0000        331.6954
  318         12.0078         32.0000         34.0000          4.0000        332.2234
  319         12.0078         32.0000         35.0000          4.0000        332.2281
  320         12.0078         32.0000         36.0000          4.0000        332.2507
  306         13.0162         32.0000         34.0000          1.0000        328.4842
  307         13.0162         32.0000         35.0000          1.0000        328.5144
  308         13.0162         32.0000         36.0000          1.0000        328.6834
  310         13.0162         32.0000         34.0000          2.0000        329.4119
  311         13.0162         32.0000         35.0000          2.0000        329.4333
  312         13.0162         32.0000         36.0000          2.0000        329.5278
  314         13.0162         32.0000         34.0000          3.0000        330.0942
  315         13.0162         32.0000         35.0000          3.0000        330.1049
  316         13.0162         32.0000         36.0000          3.0000        330.1404
  318         13.0162         32.0000         34.0000          4.0000        330.6338
  319         13.0162         32.0000         35.0000          4.0000        330.6384
  320         13.0162         32.0000         36.0000          4.0000        330.6614
  306         13.0162         32.0000         34.0000          1.0000        328.4846
  307         13.0162         32.0000         35.0000          1.0000        328.5148
  308         13.0162         32.0000         36.0000          1.0000        328.6829
  310         13.0162         32.0000         34.0000          2.0000        329.4102
  311         13.0162         32.0000         35.0000          2.0000        329.4315
  312         13.0162         32.0000         36.0000          2.0000        329.5256
  314         13.0162         32.0000         34.0000          3.0000        330.0918
  315         13.0162         32.0000         35.0000          3.0000        330.1025
  316         13.0162         32.0000         36.0000          3.0000        330.1379
  318         13.0162         32.0000         34.0000          4.0000        330.6313
  319         13.0162         32.0000         35.0000          4.0000        330.6359
  320         13.0162         32.0000         36.0000          4.0000        330.6588
  306         14.0010         32.0000         34.0000          1.0000        328.2396
  307         14.0010         32.0000         35.0000          1.0000        328.2583
  308         14.0010         32.0000         36.0000          1.0000        328.3828
  310         14.0010         32.0000         34.0000          2.0000        329.1457
  311         14.0010         32.0000         35.0000          2.0000        329.1561
  312         14.0010         32.0000         36.0000          2.0000        329.2185
  314         14.0010         32.0000         34.0000          3.0000        329.8765
  315         14.0010         32.0000         35.0000          3.0000        329.8817
  316         14.0010         32.0000         36.0000          3.0000        329.9029
  318         14.0010         32.0000         34.0000          4.0000        330.5044
  319         14.0010         32.0000         35.0000          4.0000        330.5066
  320         14.0010         32.0000         36.0000          4.0000        330.5246
  306         14.0010         32.0000         34.0000          1.0000        328.2903
  307         14.0010         32.0000         35.0000          1.0000        328.3093
  308         14.0010         32.0000         36.0000          1.0000        328.4360
  310         14.0010         32.0000         34.0000          2.0000        329.1979
  311         14.0010         32.0000         35.0000          2.0000        329.2084
  312         14.0010         32.0000         36.0000          2.0000        329.2715
  314         14.0010         32.0000         34.0000          3.0000        329.9255
  315         14.0010         32.0000         35.0000          3.0000        329.9306
  316         14.0010         32.0000         36.0000          3.0000        329.9521
  318         14.0010         32.0000         34.0000          4.0000        330.5485
  319         14.0010         32.0000         35.0000          4.0000        330.5508
  320         14.0010         32.0000         36.0000          4.0000        330.5689
  306         14.0010         32.0000         34.0000          1.0000        328.2943
  307         14.0010         32.0000         35.0000          1.0000        328.3135
  308         14.0010         32.0000         36.0000          1.0000        328.4396
  310         14.0010         32.0000         34.0000          2.0000        329.2002
  311         14.0010         32.0000         35.0000          2.0000        329.2107
  312         14.0010         32.0000         36.0000          2.0000        329.2736
  314         14.0010         32.0000         34.0000          3.0000        329.9271
  315         14.0010         32.0000         35.0000          3.0000        329.9323
  316         14.0010         32.0000         36.0000          3.0000        329.9537
  318         14.0010         32.0000         34.0000          4.0000        330.5499
  319         14.0010         32.0000         35.0000          4.0000        330.5522
  320         14.0010         32.0000         36.0000          4.0000        330.5702
  306         15.0012         32.0000         34.0000          1.0000        332.9367
  307         15.0012         32.0000         35.0000          1.0000        332.9612
  308         15.0012         32.0000         36.0000          1.0000        333.0541
  310         15.0012         32.0000         34.0000          2.0000        333.5883
  311         15.0012         32.0000         35.0000          2.0000        333.5991
  312         15.0012         32.0000         36.0000          2.0000        333.6460
  314         15.0012         32.0000         34.0000          3.0000        334.1094
  315         15.0012         32.0000         35.0000          3.0000        334.1146
  316         15.0012         32.0000         36.0000          3.0000        334.1314
  318         15.0012         32.0000         34.0000          4.0000        334.5500
  319         15.0012         32.0000         35.0000          4.0000        334.5519
  320         15.0012         32.0000         36.0000          4.0000        334.5669
  306         15.0012         32.0000         34.0000          1.0000        332.8826
  307         15.0012         32.0000         35.0000          1.0000        332.9069
  308         15.0012         32.0000         36.0000          1.0000        332.9947
  310         15.0012         32.0000         34.0000          2.0000        333.5264
  311         15.0012         32.0000         35.0000          2.0000        333.5371
  312         15.0012         32.0000         36.0000          2.0000        333.5821
  314         15.0012         32.0000         34.0000          3.0000        334.0498
  315         15.0012         32.0000         35.0000          3.0000        334.0549
  316         15.0012         32.0000         36.0000          3.0000        334.0710
  318         15.0012         32.0000         34.0000          4.0000        334.4959
  319         15.0012         32.0000         35.0000          4.0000        334.4977
  320         15.0012         32.0000         36.0000          4.0000        334.5124
  306         15.0012         32.0000         34.0000          1.0000        332.8804
  307         15.0012         32.0000         35.0000          1.0000        332.9043
  308         15.0012         32.0000         36.0000          1.0000        332.9932
  310         15.0012         32.0000         34.0000          2.0000        333.5271
  311         15.0012         32.0000         35.0000          2.0000        333.5377
  312         15.0012         32.0000         36.0000          2.0000        333.5831
  314         15.0012         32.0000         34.0000          3.0000        334.0513
  315         15.0012         32.0000         35.0000          3.0000        334.0564
  316         15.0012         32.0000         36.0000          3.0000        334.0726
  318         15.0012         32.0000         34.0000          4.0000        334.4975
  319         15.0012         32.0000         35.0000          4.0000        334.4993
  320         15.0012         32.0000         36.0000          4.0000        334.5140
  306         16.0025         32.0000         34.0000          1.0000        332.3009
  307         16.0025         32.0000         35.0000          1.0000        332.3200
  308         16.0025         32.0000         36.0000          1.0000        332.3767
  310         16.0025         32.0000         34.0000          2.0000        332.7825
  311         16.0025         32.0000         35.0000          2.0000        332.7906
  312         16.0025         32.0000         36.0000          2.0000        332.8206
  314         16.0025         32.0000         34.0000          3.0000        333.1918
  315         16.0025         32.0000         35.0000          3.0000        333.1954
  316         16.0025         32.0000         36.0000          3.0000        333.2062
  318         16.0025         32.0000         34.0000          4.0000        333.5429
  319         16.0025         32.0000         35.0000          4.0000        333.5443
  320         16.0025         32.0000         36.0000          4.0000        333.5556
  306         16.0025         32.0000         34.0000          1.0000        332.2975
  307         16.0025         32.0000         35.0000          1.0000        332.3166
  308         16.0025         32.0000         36.0000          1.0000        332.3726
  310         16.0025         32.0000         34.0000          2.0000        332.7776
  311         16.0025         32.0000         35.0000          2.0000        332.7857
  312         16.0025         32.0000         36.0000          2.0000        332.8153
  314         16.0025         32.0000         34.0000          3.0000        333.1866
  315         16.0025         32.0000         35.0000          3.0000        333.1902
  316         16.0025         32.0000         36.0000          3.0000        333.2008
  318         16.0025         32.0000         34.0000          4.0000        333.5378
  319         16.0025         32.0000         35.0000          4.0000        333.5392
  320         16.0025         32.0000         36.0000          4.0000        333.5503
  306         16.0025         32.0000         34.0000          1.0000        332.2977
  307         16.0025         32.0000         35.0000          1.0000        332.3168
  308         16.0025         32.0000         36.0000          1.0000        332.3728
  310         16.0025         32.0000         34.0000          2.0000        332.7778
  311         16.0025         32.0000         35.0000          2.0000        332.7858
  312         16.0025         32.0000         36.0000          2.0000        332.8155
  314         16.0025         32.0000         34.0000          3.0000        333.1867
  315         16.0025         32.0000         35.0000          3.0000        333.1903
  316         16.0025         32.0000         36.0000          3.0000        333.2009
  318         16.0025         32.0000         34.0000          4.0000        333.5379
  319         16.0025         32.0000         35.0000          4.0000        333.5393
  320         16.0025         32.0000         36.0000          4.0000        333.5504
  306         17.0138         32.0000         34.0000          1.0000        324.8017
  307         17.0138         32.0000         35.0000          1.0000        324.8143
  308         17.0138         32.0000         36.0000          1.0000        324.8675
  310         17.0138         32.0000         34.0000          2.0000        325.2877
  311         17.0138         32.0000         35.0000          2.0000        325.2933
  312         17.0138         32.0000         36.0000          2.0000        325.3203
  314         17.0138         32.0000         34.0000          3.0000        325.7050
  315         17.0138         32.0000         35.0000          3.0000        325.7078
  316         17.0138         32.0000         36.0000          3.0000        325.7169
  318         17.0138         32.0000         34.0000          4.0000        326.0677
  319         17.0138         32.0000         35.0000          4.0000        326.0690
  320         17.0138         32.0000         36.0000          4.0000        326.0791
  306         17.0138         32.0000         34.0000          1.0000        324.8423
  307         17.0138         32.0000         35.0000          1.0000        324.8553
  308         17.0138         32.0000         36.0000          1.0000        324.9103
  310         17.0138         32.0000         34.0000          2.0000        325.3299
  311         17.0138         32.0000         35.0000          2.0000        325.3357
  312         17.0138         32.0000         36.0000          2.0000        325.3634
  314         17.0138         32.0000         34.0000          3.0000        325.7451
  315         17.0138         32.0000         35.0000          3.0000        325.7480
  316         17.0138         32.0000         36.0000          3.0000        325.7575
  318         17.0138         32.0000         34.0000          4.0000        326.1045
  319         17.0138         32.0000         35.0000          4.0000        326.1060
  320         17.0138         32.0000         36.0000          4.0000        326.1162
  306         17.0138         32.0000         34.0000          1.0000        324.8452
  307         17.0138         32.0000         35.0000          1.0000        324.8583
  308         17.0138         32.0000         36.0000          1.0000        324.9129
  310         17.0138         32.0000         34.0000          2.0000        325.3315
  311         17.0138         32.0000         35.0000          2.0000        325.3373
  312         17.0138         32.0000         36.0000          2.0000        325.3649
  314         17.0138         32.0000         34.0000          3.0000        325.7463
  315         17.0138         32.0000         35.0000          3.0000        325.7492
  316         17.0138         32.0000         36.0000          3.0000        325.7586
  318         17.0138         32.0000         34.0000          4.0000        326.1055
  319         17.0138         32.0000         35.0000          4.0000        326.1070
  320         17.0138         32.0000         36.0000          4.0000        326.1172
  306         18.0179         32.0000         34.0000          1.0000        318.7761
  307         18.0179         32.0000         35.0000          1.0000        318.7862
  308         18.0179         32.0000         36.0000          1.0000        318.8168
  310         18.0179         32.0000         34.0000          2.0000        319.0232
  311         18.0179         32.0000         35.0000          2.0000        319.0309
  312         18.0179         32.0000         36.0000          2.0000        319.0518
  314         18.0179         32.0000         34.0000          3.0000        319.2477
  315         18.0179         32.0000         35.0000          3.0000        319.2534
  316         18.0179         32.0000         36.0000          3.0000        319.2649
  318         18.0179         32.0000         34.0000          4.0000        319.4413
  319         18.0179         32.0000         35.0000          4.0000        319.4452
  320         18.0179         32.0000         36.0000          4.0000        319.4561
  306         18.0179         32.0000         34.0000          1.0000        318.7366
  307         18.0179         32.0000         35.0000          1.0000        318.7466
  308         18.0179         32.0000         36.0000          1.0000        318.7747
  310         18.0179         32.0000         34.0000          2.0000        318.9802
  311         18.0179         32.0000         35.0000          2.0000        318.9878
  312         18.0179         32.0000         36.0000          2.0000        319.0078
  314         18.0179         32.0000         34.0000          3.0000        319.2062
  315         18.0179         32.0000         35.0000          3.0000        319.2119
  316         18.0179         32.0000         36.0000          3.0000        319.2230
  318         18.0179         32.0000         34.0000          4.0000        319.4029
  319         18.0179         32.0000         35.0000          4.0000        319.4068
  320         18.0179         32.0000         36.0000          4.0000        319.4175
  306         18.0179         32.0000         34.0000          1.0000        318.7332
  307         18.0179         32.0000         35.0000          1.0000        318.7429
  308         18.0179         32.0000         36.0000          1.0000        318.7715
  310         18.0179         32.0000         34.0000          2.0000        318.9782
  311         18.0179         32.0000         35.0000          2.0000        318.9857
  312         18.0179         32.0000         36.0000          2.0000        319.0059
  314         18.0179         32.0000         34.0000          3.0000        319.2048
  315         18.0179         32.0000         35.0000          3.0000        319.2104
  316         18.0179         32.0000         36.0000          3.0000        319.2216
  318         18.0179         32.0000         34.0000          4.0000        319.4016
  319         18.0179         32.0000         35.0000          4.0000        319.4055
  320         18.0179         32.0000         36.0000          4.0000        319.4162
  306         19.0133         32.0000         34.0000          1.0000        307.9986
  307         19.0133         32.0000         35.0000          1.0000        308.2435
  308         19.0133         32.0000         36.0000          1.0000        308.4934
  310         19.0133         32.0000         34.0000          2.0000        308.0581
  311         19.0133         32.0000         35.0000          2.0000        308.2989
  312         19.0133         32.0000         36.0000          2.0000        308.5433
  314         19.0133         32.0000         34.0000          3.0000        308.1068
  315         19.0133         32.0000         35.0000          3.0000        308.3456
  316         19.0133         32.0000         36.0000          3.0000        308.5859
  318         19.0133         32.0000         34.0000          4.0000        308.6114
  319         19.0133         32.0000         35.0000          4.0000        308.6132
  320         19.0133         32.0000         36.0000          4.0000        308.6171
  306         19.0133         32.0000         34.0000          1.0000        307.9957
  307         19.0133         32.0000         35.0000          1.0000        308.2408
  308         19.0133         32.0000         36.0000          1.0000        308.4901
  310         19.0133         32.0000         34.0000          2.0000        308.0537
  311         19.0133         32.0000         35.0000          2.0000        308.2947
  312         19.0133         32.0000         36.0000          2.0000        308.5391
  314         19.0133         32.0000         34.0000          3.0000        308.1021
  315         19.0133         32.0000         35.0000          3.0000        308.3411
  316         19.0133         32.0000         36.0000          3.0000        308.5816
  318         19.0133         32.0000         34.0000          4.0000        308.6075
  319         19.0133         32.0000         35.0000          4.0000        308.6092
  320         19.0133         32.0000         36.0000          4.0000        308.6130
  306         20.0143         32.0000         34.0000          1.0000        303.2088
  307         20.0143         32.0000         35.0000          1.0000        303.2618
  308         20.0143         32.0000         36.0000          1.0000        303.3093
  310         20.0143         32.0000         34.0000          2.0000        303.1130
  311         20.0143         32.0000         35.0000          2.0000        303.1666
  312         20.0143         32.0000         36.0000          2.0000        303.2185
  314         20.0143         32.0000         34.0000          3.0000        303.0286
  315         20.0143         32.0000         35.0000          3.0000        303.0817
  316         20.0143         32.0000         36.0000          3.0000        303.1350
  318         20.0143         32.0000         34.0000          4.0000        303.0516
  319         20.0143         32.0000         35.0000          4.0000        303.0522
  320         20.0143         32.0000         36.0000          4.0000        303.0524
  306         20.0143         32.0000         34.0000          1.0000        303.2050
  307         20.0143         32.0000         35.0000          1.0000        303.2581
  308         20.0143         32.0000         36.0000          1.0000        303.3049
  310         20.0143         32.0000         34.0000          2.0000        303.1078
  311         20.0143         32.0000         35.0000          2.0000        303.1614
  312         20.0143         32.0000         36.0000          2.0000        303.2130
  314         20.0143         32.0000         34.0000          3.0000        303.0231
  315         20.0143         32.0000         35.0000          3.0000        303.0762
  316         20.0143         32.0000         36.0000          3.0000        303.1294
  318         20.0143         32.0000         34.0000          4.0000        303.0462
  319         20.0143         32.0000         35.0000          4.0000        303.0468
  320         20.0143         32.0000         36.0000          4.0000        303.0469
  306         21.0154         32.0000         34.0000          1.0000        301.7057
  307         21.0154         32.0000         35.0000          1.0000        301.7131
  308         21.0154         32.0000         36.0000          1.0000        301.7141
  310         21.0154         32.0000         34.0000          2.0000        301.5840
  311         21.0154         32.0000         35.0000          2.0000        301.5948
  312         21.0154         32.0000         36.0000          2.0000        301.6031
  314         21.0154         32.0000         34.0000          3.0000        301.4803
  315         21.0154         32.0000         35.0000          3.0000        301.4917
  316         21.0154         32.0000         36.0000          3.0000        301.5028
  318         21.0154         32.0000         34.0000          4.0000        301.4087
  319         21.0154         32.0000         35.0000          4.0000        301.4087
  320         21.0154         32.0000         36.0000          4.0000        301.4078
  306         21.0154         32.0000         34.0000          1.0000        301.7044
  307         21.0154         32.0000         35.0000          1.0000        301.7118
  308         21.0154         32.0000         36.0000          1.0000        301.7122
  310         21.0154         32.0000         34.0000          2.0000        301.5810
  311         21.0154         32.0000         35.0000          2.0000        301.5919
  312         21.0154         32.0000         36.0000          2.0000        301.5999
  314         21.0154         32.0000         34.0000          3.0000        301.4768
  315         21.0154         32.0000         35.0000          3.0000        301.4883
  316         21.0154         32.0000         36.0000          3.0000        301.4994
  318         21.0154         32.0000         34.0000          4.0000        301.4053
  319         21.0154         32.0000         35.0000          4.0000        301.4053
  320         21.0154         32.0000         36.0000          4.0000        301.4043
  306         22.0091         32.0000         34.0000          1.0000        300.6877
  307         22.0091         32.0000         35.0000          1.0000        300.6813
  308         22.0091         32.0000         36.0000          1.0000        300.6684
  310         22.0091         32.0000         34.0000          2.0000        300.5419
  311         22.0091         32.0000         35.0000          2.0000        300.5424
  312         22.0091         32.0000         36.0000          2.0000        300.5398
  314         22.0091         32.0000         34.0000          3.0000        300.4228
  315         22.0091         32.0000         35.0000          3.0000        300.4250
  316         22.0091         32.0000         36.0000          3.0000        300.4266
  318         22.0091         32.0000         34.0000          4.0000        300.3220
  319         22.0091         32.0000         35.0000          4.0000        300.3216
  320         22.0091         32.0000         36.0000          4.0000        300.3200
  306         22.0091         32.0000         34.0000          1.0000        300.6875
  307         22.0091         32.0000         35.0000          1.0000        300.6812
  308         22.0091         32.0000         36.0000          1.0000        300.6676
  310         22.0091         32.0000         34.0000          2.0000        300.5399
  311         22.0091         32.0000         35.0000          2.0000        300.5404
  312         22.0091         32.0000         36.0000          2.0000        300.5376
  314         22.0091         32.0000         34.0000          3.0000        300.4204
  315         22.0091         32.0000         35.0000          3.0000        300.4225
  316         22.0091         32.0000         36.0000          3.0000        300.4241
  318         22.0091         32.0000         34.0000          4.0000        300.3195
  319         22.0091         32.0000         35.0000          4.0000        300.3191
  320         22.0091         32.0000         36.0000          4.0000        300.3175
  306         23.0248         32.0000         34.0000          1.0000        300.1557
  307         23.0248         32.0000         35.0000          1.0000        300.1431
  308         23.0248         32.0000         36.0000          1.0000        300.1246
  310         23.0248         32.0000         34.0000          2.0000        300.0026
  311         23.0248         32.0000         35.0000          2.0000        299.9997
  312         23.0248         32.0000         36.0000          2.0000        299.9935
  314         23.0248         32.0000         34.0000          3.0000        299.8829
  315         23.0248         32.0000         35.0000          3.0000        299.8825
  316         23.0248         32.0000         36.0000          3.0000        299.8813
  318         23.0248         32.0000         34.0000          4.0000        299.7788
  319         23.0248         32.0000         35.0000          4.0000        299.7782
  320         23.0248         32.0000         36.0000          4.0000        299.7762
  306         23.0248         32.0000         34.0000          1.0000        300.1568
  307         23.0248         32.0000         35.0000          1.0000        300.1443
  308         23.0248         32.0000         36.0000          1.0000        300.1251
  310         23.0248         32.0000         34.0000          2.0000        300.0018
  311         23.0248         32.0000         35.0000          2.0000        299.9989
  312         23.0248         32.0000         36.0000          2.0000        299.9924
  314         23.0248         32.0000         34.0000          3.0000        299.8815
  315         23.0248         32.0000         35.0000          3.0000        299.8811
  316         23.0248         32.0000         36.0000          3.0000        299.8798
  318         23.0248         32.0000         34.0000          4.0000        299.7772
  319         23.0248         32.0000         35.0000          4.0000        299.7766
  320         23.0248         32.0000         36.0000          4.0000        299.7745
