  274          1.0064         37.0000         34.0000          1.0000         -5.5838
  275          1.0064         37.0000         35.0000          1.0000         -5.6205
  276          1.0064         37.0000         36.0000          1.0000         -5.6455
  278          1.0064         37.0000         34.0000          2.0000         -5.8517
  279          1.0064         37.0000         35.0000          2.0000         -5.8601
  280          1.0064         37.0000         36.0000          2.0000         -5.8653
  282          1.0064         37.0000         34.0000          3.0000         -6.0943
  283          1.0064         37.0000         35.0000          3.0000         -6.0965
  284          1.0064         37.0000         36.0000          3.0000         -6.0968
  286          1.0064         37.0000         34.0000          4.0000         -6.3332
  287          1.0064         37.0000         35.0000          4.0000         -6.3347
  288          1.0064         37.0000         36.0000          4.0000         -6.3382
  274          1.0064         37.0000         34.0000          1.0000         -5.5834
  275          1.0064         37.0000         35.0000          1.0000         -5.6198
  276          1.0064         37.0000         36.0000          1.0000         -5.6460
  278          1.0064         37.0000         34.0000          2.0000         -5.8549
  279          1.0064         37.0000         35.0000          2.0000         -5.8632
  280          1.0064         37.0000         36.0000          2.0000         -5.8689
  282          1.0064         37.0000         34.0000          3.0000         -6.0987
  283          1.0064         37.0000         35.0000          3.0000         -6.1009
  284          1.0064         37.0000         36.0000          3.0000         -6.1014
  286          1.0064         37.0000         34.0000          4.0000         -6.3382
  287          1.0064         37.0000         35.0000          4.0000         -6.3396
  288          1.0064         37.0000         36.0000          4.0000         -6.3432
  274          2.0400         37.0000         34.0000          1.0000         -6.0402
  275          2.0400         37.0000         35.0000          1.0000         -6.0795
  276          2.0400         37.0000         36.0000          1.0000         -6.1162
  278          2.0400         37.0000         34.0000          2.0000         -6.3507
  279          2.0400         37.0000         35.0000          2.0000         -6.3607
  280          2.0400         37.0000         36.0000          2.0000         -6.3721
  282          2.0400         37.0000         34.0000          3.0000         -6.6170
  283          2.0400         37.0000         35.0000          3.0000         -6.6200
  284          2.0400         37.0000         36.0000          3.0000         -6.6230
  286          2.0400         37.0000         34.0000          4.0000         -6.8735
  287          2.0400         37.0000         35.0000          4.0000         -6.8753
  288          2.0400         37.0000         36.0000          4.0000         -6.8804
  274          2.0400         37.0000         34.0000          1.0000         -6.0427
  275          2.0400         37.0000         35.0000          1.0000         -6.0817
  276          2.0400         37.0000         36.0000          1.0000         -6.1199
  278          2.0400         37.0000         34.0000          2.0000         -6.3576
  279          2.0400         37.0000         35.0000          2.0000         -6.3675
  280          2.0400         37.0000         36.0000          2.0000         -6.3794
  282          2.0400         37.0000         34.0000          3.0000         -6.6253
  283          2.0400         37.0000         35.0000          3.0000         -6.6283
  284          2.0400         37.0000         36.0000          3.0000         -6.6316
  286          2.0400         37.0000         34.0000          4.0000         -6.8824
  287          2.0400         37.0000         35.0000          4.0000         -6.8843
  288          2.0400         37.0000         36.0000          4.0000         -6.8895
  274          3.0193         37.0000         34.0000          1.0000         -4.3881
  275          3.0193         37.0000         35.0000          1.0000         -4.4231
  276          3.0193         37.0000         36.0000          1.0000         -4.4595
  278          3.0193         37.0000         34.0000          2.0000         -4.6432
  279          3.0193         37.0000         35.0000          2.0000         -4.6528
  280          3.0193         37.0000         36.0000          2.0000         -4.6655
  282          3.0193         37.0000         34.0000          3.0000         -4.8515
  283          3.0193         37.0000         35.0000          3.0000         -4.8547
  284          3.0193         37.0000         36.0000          3.0000         -4.8589
  286          3.0193         37.0000         34.0000          4.0000         -5.0404
  287          3.0193         37.0000         35.0000          4.0000         -5.0422
  288          3.0193         37.0000         36.0000          4.0000         -5.0471
  274          3.0193         37.0000         34.0000          1.0000         -4.3892
  275          3.0193         37.0000         35.0000          1.0000         -4.4239
  276          3.0193         37.0000         36.0000          1.0000         -4.4612
  278          3.0193         37.0000         34.0000          2.0000         -4.6468
  279          3.0193         37.0000         35.0000          2.0000         -4.6563
  280          3.0193         37.0000         36.0000          2.0000         -4.6694
  282          3.0193         37.0000         34.0000          3.0000         -4.8560
  283          3.0193         37.0000         35.0000          3.0000         -4.8591
  284          3.0193         37.0000         36.0000          3.0000         -4.8634
  286          3.0193         37.0000         34.0000          4.0000         -5.0451
  287          3.0193         37.0000         35.0000          4.0000         -5.0470
  288          3.0193         37.0000         36.0000          4.0000         -5.0519
  274          4.0393         37.0000         34.0000          1.0000         -4.6028
  275          4.0393         37.0000         35.0000          1.0000         -4.6406
  276          4.0393         37.0000         36.0000          1.0000         -4.6834
  278          4.0393         37.0000         34.0000          2.0000         -4.8688
  279          4.0393         37.0000         35.0000          2.0000         -4.8796
  280          4.0393         37.0000         36.0000          2.0000         -4.8957
  282          4.0393         37.0000         34.0000          3.0000         -5.0774
  283          4.0393         37.0000         35.0000          3.0000         -5.0811
  284          4.0393         37.0000         36.0000          3.0000         -5.0869
  286          4.0393         37.0000         34.0000          4.0000         -5.2635
  287          4.0393         37.0000         35.0000          4.0000         -5.2656
  288          4.0393         37.0000         36.0000          4.0000         -5.2712
  274          4.0393         37.0000         34.0000          1.0000         -4.6058
  275          4.0393         37.0000         35.0000          1.0000         -4.6434
  276          4.0393         37.0000         36.0000          1.0000         -4.6870
  278          4.0393         37.0000         34.0000          2.0000         -4.8743
  279          4.0393         37.0000         35.0000          2.0000         -4.8851
  280          4.0393         37.0000         36.0000          2.0000         -4.9015
  282          4.0393         37.0000         34.0000          3.0000         -5.0839
  283          4.0393         37.0000         35.0000          3.0000         -5.0875
  284          4.0393         37.0000         36.0000          3.0000         -5.0935
  286          4.0393         37.0000         34.0000          4.0000         -5.2703
  287          4.0393         37.0000         35.0000          4.0000         -5.2724
  288          4.0393         37.0000         36.0000          4.0000         -5.2780
  274          5.0185         37.0000         34.0000          1.0000         -4.6226
  275          5.0185         37.0000         35.0000          1.0000         -4.6618
  276          5.0185         37.0000         36.0000          1.0000         -4.7097
  278          5.0185         37.0000         34.0000          2.0000         -4.8983
  279          5.0185         37.0000         35.0000          2.0000         -4.9099
  280          5.0185         37.0000         36.0000          2.0000         -4.9288
  282          5.0185         37.0000         34.0000          3.0000         -5.1079
  283          5.0185         37.0000         35.0000          3.0000         -5.1120
  284          5.0185         37.0000         36.0000          3.0000         -5.1191
  286          5.0185         37.0000         34.0000          4.0000         -5.2920
  287          5.0185         37.0000         35.0000          4.0000         -5.2943
  288          5.0185         37.0000         36.0000          4.0000         -5.3005
  274          5.0185         37.0000         34.0000          1.0000         -4.6238
  275          5.0185         37.0000         35.0000          1.0000         -4.6628
  276          5.0185         37.0000         36.0000          1.0000         -4.7115
  278          5.0185         37.0000         34.0000          2.0000         -4.9019
  279          5.0185         37.0000         35.0000          2.0000         -4.9135
  280          5.0185         37.0000         36.0000          2.0000         -4.9326
  282          5.0185         37.0000         34.0000          3.0000         -5.1124
  283          5.0185         37.0000         35.0000          3.0000         -5.1164
  284          5.0185         37.0000         36.0000          3.0000         -5.1236
  286          5.0185         37.0000         34.0000          4.0000         -5.2968
  287          5.0185         37.0000         35.0000          4.0000         -5.2991
  288          5.0185         37.0000         36.0000          4.0000         -5.3053
  274          6.0385         37.0000         34.0000          1.0000         -4.2116
  275          6.0385         37.0000         35.0000          1.0000         -4.2505
  276          6.0385         37.0000         36.0000          1.0000         -4.2993
  278          6.0385         37.0000         34.0000          2.0000         -4.4726
  279          6.0385         37.0000         35.0000          2.0000         -4.4845
  280          6.0385         37.0000         36.0000          2.0000         -4.5042
  282          6.0385         37.0000         34.0000          3.0000         -4.6649
  283          6.0385         37.0000         35.0000          3.0000         -4.6691
  284          6.0385         37.0000         36.0000          3.0000         -4.6768
  286          6.0385         37.0000         34.0000          4.0000         -4.8309
  287          6.0385         37.0000         35.0000          4.0000         -4.8332
  288          6.0385         37.0000         36.0000          4.0000         -4.8394
  274          6.0385         37.0000         34.0000          1.0000         -4.2131
  275          6.0385         37.0000         35.0000          1.0000         -4.2517
  276          6.0385         37.0000         36.0000          1.0000         -4.3014
  278          6.0385         37.0000         34.0000          2.0000         -4.4765
  279          6.0385         37.0000         35.0000          2.0000         -4.4882
  280          6.0385         37.0000         36.0000          2.0000         -4.5082
  282          6.0385         37.0000         34.0000          3.0000         -4.6695
  283          6.0385         37.0000         35.0000          3.0000         -4.6737
  284          6.0385         37.0000         36.0000          3.0000         -4.6815
  286          6.0385         37.0000         34.0000          4.0000         -4.8358
  287          6.0385         37.0000         35.0000          4.0000         -4.8381
  288          6.0385         37.0000         36.0000          4.0000         -4.8444
  274          7.0463         37.0000         34.0000          1.0000         -3.8091
  275          7.0463         37.0000         35.0000          1.0000         -3.8473
  276          7.0463         37.0000         36.0000          1.0000         -3.8966
  278          7.0463         37.0000         34.0000          2.0000         -4.0561
  279          7.0463         37.0000         35.0000          2.0000         -4.0680
  280          7.0463         37.0000         36.0000          2.0000         -4.0883
  282          7.0463         37.0000         34.0000          3.0000         -4.2326
  283          7.0463         37.0000         35.0000          3.0000         -4.2369
  284          7.0463         37.0000         36.0000          3.0000         -4.2450
  286          7.0463         37.0000         34.0000          4.0000         -4.3824
  287          7.0463         37.0000         35.0000          4.0000         -4.3848
  288          7.0463         37.0000         36.0000          4.0000         -4.3909
  274          7.0463         37.0000         34.0000          1.0000         -3.7585
  275          7.0463         37.0000         35.0000          1.0000         -3.7964
  276          7.0463         37.0000         36.0000          1.0000         -3.8456
  278          7.0463         37.0000         34.0000          2.0000         -4.0041
  279          7.0463         37.0000         35.0000          2.0000         -4.0159
  280          7.0463         37.0000         36.0000          2.0000         -4.0361
  282          7.0463         37.0000         34.0000          3.0000         -4.1791
  283          7.0463         37.0000         35.0000          3.0000         -4.1834
  284          7.0463         37.0000         36.0000          3.0000         -4.1915
  286          7.0463         37.0000         34.0000          4.0000         -4.3276
  287          7.0463         37.0000         35.0000          4.0000         -4.3299
  288          7.0463         37.0000         36.0000          4.0000         -4.3361
  274          8.0010         37.0000         34.0000          1.0000         -0.3157
  275          8.0010         37.0000         35.0000          1.0000         -0.2689
  276          8.0010         37.0000         36.0000          1.0000         -0.2153
  278          8.0010         37.0000         34.0000          2.0000         -0.3325
  279          8.0010         37.0000         35.0000          2.0000         -0.2711
  280          8.0010         37.0000         36.0000          2.0000         -0.2088
  282          8.0010         37.0000         34.0000          3.0000         -0.3266
  283          8.0010         37.0000         35.0000          3.0000         -0.2612
  284          8.0010         37.0000         36.0000          3.0000         -0.1965
  286          8.0010         37.0000         34.0000          4.0000         -0.3133
  287          8.0010         37.0000         35.0000          4.0000         -0.2471
  288          8.0010         37.0000         36.0000          4.0000         -0.1813
  274          8.0010         37.0000         34.0000          1.0000         -0.2788
  275          8.0010         37.0000         35.0000          1.0000         -0.2225
  276          8.0010         37.0000         36.0000          1.0000         -0.1642
  278          8.0010         37.0000         34.0000          2.0000         -0.2947
  279          8.0010         37.0000         35.0000          2.0000         -0.2250
  280          8.0010         37.0000         36.0000          2.0000         -0.1592
  282          8.0010         37.0000         34.0000          3.0000         -0.2887
  283          8.0010         37.0000         35.0000          3.0000         -0.2158
  284          8.0010         37.0000         36.0000          3.0000         -0.1484
  286          8.0010         37.0000         34.0000          4.0000         -0.2757
  287          8.0010         37.0000         35.0000          4.0000         -0.2026
  288          8.0010         37.0000         36.0000          4.0000         -0.1351
  274          8.0010         37.0000         34.0000          1.0000         -0.2742
  275          8.0010         37.0000         35.0000          1.0000         -0.2177
  276          8.0010         37.0000         36.0000          1.0000         -0.1599
  278          8.0010         37.0000         34.0000          2.0000         -0.2909
  279          8.0010         37.0000         35.0000          2.0000         -0.2215
  280          8.0010         37.0000         36.0000          2.0000         -0.1561
  282          8.0010         37.0000         34.0000          3.0000         -0.2855
  283          8.0010         37.0000         35.0000          3.0000         -0.2128
  284          8.0010         37.0000         36.0000          3.0000         -0.1458
  286          8.0010         37.0000         34.0000          4.0000         -0.2727
  287          8.0010         37.0000         35.0000          4.0000         -0.2000
  288          8.0010         37.0000         36.0000          4.0000         -0.1329
  274          9.0154         37.0000         34.0000          1.0000         37.8642
  275          9.0154         37.0000         35.0000          1.0000         37.8854
  276          9.0154         37.0000         36.0000          1.0000         37.9694
  278          9.0154         37.0000         34.0000          2.0000         38.7060
  279          9.0154         37.0000         35.0000          2.0000         38.7624
  280          9.0154         37.0000         36.0000          2.0000         38.8625
  282          9.0154         37.0000         34.0000          3.0000         39.6742
  283          9.0154         37.0000         35.0000          3.0000         39.7237
  284          9.0154         37.0000         36.0000          3.0000         39.7925
  286          9.0154         37.0000         34.0000          4.0000         40.6942
  287          9.0154         37.0000         35.0000          4.0000         40.7282
  288          9.0154         37.0000         36.0000          4.0000         40.7897
  274          9.0154         37.0000         34.0000          1.0000         38.1285
  275          9.0154         37.0000         35.0000          1.0000         38.1511
  276          9.0154         37.0000         36.0000          1.0000         38.2361
  278          9.0154         37.0000         34.0000          2.0000         38.9662
  279          9.0154         37.0000         35.0000          2.0000         39.0243
  280          9.0154         37.0000         36.0000          2.0000         39.1262
  282          9.0154         37.0000         34.0000          3.0000         39.9342
  283          9.0154         37.0000         35.0000          3.0000         39.9850
  284          9.0154         37.0000         36.0000          3.0000         40.0555
  286          9.0154         37.0000         34.0000          4.0000         40.9552
  287          9.0154         37.0000         35.0000          4.0000         40.9901
  288          9.0154         37.0000         36.0000          4.0000         41.0529
  274          9.0154         37.0000         34.0000          1.0000         38.1427
  275          9.0154         37.0000         35.0000          1.0000         38.1662
  276          9.0154         37.0000         36.0000          1.0000         38.2500
  278          9.0154         37.0000         34.0000          2.0000         38.9746
  279          9.0154         37.0000         35.0000          2.0000         39.0331
  280          9.0154         37.0000         36.0000          2.0000         39.1348
  282          9.0154         37.0000         34.0000          3.0000         39.9397
  283          9.0154         37.0000         35.0000          3.0000         39.9908
  284          9.0154         37.0000         36.0000          3.0000         40.0613
  286          9.0154         37.0000         34.0000          4.0000         40.9589
  287          9.0154         37.0000         35.0000          4.0000         40.9939
  288          9.0154         37.0000         36.0000          4.0000         41.0568
  274         10.0100         37.0000         34.0000          1.0000        104.2398
  275         10.0100         37.0000         35.0000          1.0000        104.3025
  276         10.0100         37.0000         36.0000          1.0000        104.4817
  278         10.0100         37.0000         34.0000          2.0000        106.4872
  279         10.0100         37.0000         35.0000          2.0000        106.5340
  280         10.0100         37.0000         36.0000          2.0000        106.6571
  282         10.0100         37.0000         34.0000          3.0000        108.6725
  283         10.0100         37.0000         35.0000          3.0000        108.7067
  284         10.0100         37.0000         36.0000          3.0000        108.7658
  286         10.0100         37.0000         34.0000          4.0000        110.9736
  287         10.0100         37.0000         35.0000          4.0000        110.9977
  288         10.0100         37.0000         36.0000          4.0000        111.0699
  274         10.0100         37.0000         34.0000          1.0000        104.4274
  275         10.0100         37.0000         35.0000          1.0000        104.4911
  276         10.0100         37.0000         36.0000          1.0000        104.6704
  278         10.0100         37.0000         34.0000          2.0000        106.6724
  279         10.0100         37.0000         35.0000          2.0000        106.7196
  280         10.0100         37.0000         36.0000          2.0000        106.8430
  282         10.0100         37.0000         34.0000          3.0000        108.8557
  283         10.0100         37.0000         35.0000          3.0000        108.8902
  284         10.0100         37.0000         36.0000          3.0000        108.9497
  286         10.0100         37.0000         34.0000          4.0000        111.1548
  287         10.0100         37.0000         35.0000          4.0000        111.1791
  288         10.0100         37.0000         36.0000          4.0000        111.2516
  274         10.0100         37.0000         34.0000          1.0000        104.4429
  275         10.0100         37.0000         35.0000          1.0000        104.5070
  276         10.0100         37.0000         36.0000          1.0000        104.6853
  278         10.0100         37.0000         34.0000          2.0000        106.6840
  279         10.0100         37.0000         35.0000          2.0000        106.7314
  280         10.0100         37.0000         36.0000          2.0000        106.8543
  282         10.0100         37.0000         34.0000          3.0000        108.8653
  283         10.0100         37.0000         35.0000          3.0000        108.8999
  284         10.0100         37.0000         36.0000          3.0000        108.9592
  286         10.0100         37.0000         34.0000          4.0000        111.1631
  287         10.0100         37.0000         35.0000          4.0000        111.1874
  288         10.0100         37.0000         36.0000          4.0000        111.2599
  274         11.0146         37.0000         34.0000          1.0000        143.2161
  275         11.0146         37.0000         35.0000          1.0000        143.3109
  276         11.0146         37.0000         36.0000          1.0000        143.7448
  278         11.0146         37.0000         34.0000          2.0000        147.6189
  279         11.0146         37.0000         35.0000          2.0000        147.6623
  280         11.0146         37.0000         36.0000          2.0000        147.8777
  282         11.0146         37.0000         34.0000          3.0000        151.5324
  283         11.0146         37.0000         35.0000          3.0000        151.5565
  284         11.0146         37.0000         36.0000          3.0000        151.6275
  286         11.0146         37.0000         34.0000          4.0000        155.4804
  287         11.0146         37.0000         35.0000          4.0000        155.4947
  288         11.0146         37.0000         36.0000          4.0000        155.5833
  274         11.0146         37.0000         34.0000          1.0000        143.3415
  275         11.0146         37.0000         35.0000          1.0000        143.4373
  276         11.0146         37.0000         36.0000          1.0000        143.8695
  278         11.0146         37.0000         34.0000          2.0000        147.7354
  279         11.0146         37.0000         35.0000          2.0000        147.7791
  280         11.0146         37.0000         36.0000          2.0000        147.9939
  282         11.0146         37.0000         34.0000          3.0000        151.6431
  283         11.0146         37.0000         35.0000          3.0000        151.6673
  284         11.0146         37.0000         36.0000          3.0000        151.7381
  286         11.0146         37.0000         34.0000          4.0000        155.5863
  287         11.0146         37.0000         35.0000          4.0000        155.6006
  288         11.0146         37.0000         36.0000          4.0000        155.6891
  274         11.0146         37.0000         34.0000          1.0000        143.3549
  275         11.0146         37.0000         35.0000          1.0000        143.4507
  276         11.0146         37.0000         36.0000          1.0000        143.8821
  278         11.0146         37.0000         34.0000          2.0000        147.7459
  279         11.0146         37.0000         35.0000          2.0000        147.7896
  280         11.0146         37.0000         36.0000          2.0000        148.0042
  282         11.0146         37.0000         34.0000          3.0000        151.6523
  283         11.0146         37.0000         35.0000          3.0000        151.6765
  284         11.0146         37.0000         36.0000          3.0000        151.7471
  286         11.0146         37.0000         34.0000          4.0000        155.5946
  287         11.0146         37.0000         35.0000          4.0000        155.6089
  288         11.0146         37.0000         36.0000          4.0000        155.6974
  274         12.0078         37.0000         34.0000          1.0000        136.2036
  275         12.0078         37.0000         35.0000          1.0000        136.4589
  276         12.0078         37.0000         36.0000          1.0000        137.8898
  278         12.0078         37.0000         34.0000          2.0000        143.8751
  279         12.0078         37.0000         35.0000          2.0000        144.0756
  280         12.0078         37.0000         36.0000          2.0000        144.9063
  282         12.0078         37.0000         34.0000          3.0000        149.3905
  283         12.0078         37.0000         35.0000          3.0000        149.4877
  284         12.0078         37.0000         36.0000          3.0000        149.7900
  286         12.0078         37.0000         34.0000          4.0000        154.1238
  287         12.0078         37.0000         35.0000          4.0000        154.1664
  288         12.0078         37.0000         36.0000          4.0000        154.3466
  274         12.0078         37.0000         34.0000          1.0000        130.6169
  275         12.0078         37.0000         35.0000          1.0000        130.9782
  276         12.0078         37.0000         36.0000          1.0000        133.1923
  278         12.0078         37.0000         34.0000          2.0000        140.6859
  279         12.0078         37.0000         35.0000          2.0000        141.0156
  280         12.0078         37.0000         36.0000          2.0000        142.3500
  282         12.0078         37.0000         34.0000          3.0000        147.3073
  283         12.0078         37.0000         35.0000          3.0000        147.4672
  284         12.0078         37.0000         36.0000          3.0000        147.9659
  286         12.0078         37.0000         34.0000          4.0000        152.5117
  287         12.0078         37.0000         35.0000          4.0000        152.5816
  288         12.0078         37.0000         36.0000          4.0000        152.8377
  274         12.0078         37.0000         34.0000          1.0000        130.2956
  275         12.0078         37.0000         35.0000          1.0000        130.6529
  276         12.0078         37.0000         36.0000          1.0000        132.9466
  278         12.0078         37.0000         34.0000          2.0000        140.6020
  279         12.0078         37.0000         35.0000          2.0000        140.9364
  280         12.0078         37.0000         36.0000          2.0000        142.3143
  282         12.0078         37.0000         34.0000          3.0000        147.3296
  283         12.0078         37.0000         35.0000          3.0000        147.4924
  284         12.0078         37.0000         36.0000          3.0000        148.0081
  286         12.0078         37.0000         34.0000          4.0000        152.5810
  287         12.0078         37.0000         35.0000          4.0000        152.6524
  288         12.0078         37.0000         36.0000          4.0000        152.9152
  274         12.0078         37.0000         34.0000          1.0000        130.2864
  275         12.0078         37.0000         35.0000          1.0000        130.6428
  276         12.0078         37.0000         36.0000          1.0000        132.9394
  278         12.0078         37.0000         34.0000          2.0000        140.5984
  279         12.0078         37.0000         35.0000          2.0000        140.9323
  280         12.0078         37.0000         36.0000          2.0000        142.3103
  282         12.0078         37.0000         34.0000          3.0000        147.3267
  283         12.0078         37.0000         35.0000          3.0000        147.4893
  284         12.0078         37.0000         36.0000          3.0000        148.0049
  286         12.0078         37.0000         34.0000          4.0000        152.5783
  287         12.0078         37.0000         35.0000          4.0000        152.6495
  288         12.0078         37.0000         36.0000          4.0000        152.9123
  274         13.0162         37.0000         34.0000          1.0000        139.5087
  275         13.0162         37.0000         35.0000          1.0000        139.9647
  276         13.0162         37.0000         36.0000          1.0000        143.2803
  278         13.0162         37.0000         34.0000          2.0000        151.6211
  279         13.0162         37.0000         35.0000          2.0000        151.8357
  280         13.0162         37.0000         36.0000          2.0000        152.8343
  282         13.0162         37.0000         34.0000          3.0000        157.5514
  283         13.0162         37.0000         35.0000          3.0000        157.6336
  284         13.0162         37.0000         36.0000          3.0000        157.9283
  286         13.0162         37.0000         34.0000          4.0000        162.2555
  287         13.0162         37.0000         35.0000          4.0000        162.2890
  288         13.0162         37.0000         36.0000          4.0000        162.4543
  274         13.0162         37.0000         34.0000          1.0000        139.4810
  275         13.0162         37.0000         35.0000          1.0000        139.9368
  276         13.0162         37.0000         36.0000          1.0000        143.2449
  278         13.0162         37.0000         34.0000          2.0000        151.5737
  279         13.0162         37.0000         35.0000          2.0000        151.7881
  280         13.0162         37.0000         36.0000          2.0000        152.7843
  282         13.0162         37.0000         34.0000          3.0000        157.4993
  283         13.0162         37.0000         35.0000          3.0000        157.5814
  284         13.0162         37.0000         36.0000          3.0000        157.8754
  286         13.0162         37.0000         34.0000          4.0000        162.2028
  287         13.0162         37.0000         35.0000          4.0000        162.2363
  288         13.0162         37.0000         36.0000          4.0000        162.4012
  274         14.0010         37.0000         34.0000          1.0000        159.8553
  275         14.0010         37.0000         35.0000          1.0000        160.0502
  276         14.0010         37.0000         36.0000          1.0000        162.0038
  278         14.0010         37.0000         34.0000          2.0000        170.7630
  279         14.0010         37.0000         35.0000          2.0000        170.8627
  280         14.0010         37.0000         36.0000          2.0000        171.5986
  282         14.0010         37.0000         34.0000          3.0000        177.5074
  283         14.0010         37.0000         35.0000          3.0000        177.5527
  284         14.0010         37.0000         36.0000          3.0000        177.7719
  286         14.0010         37.0000         34.0000          4.0000        183.3186
  287         14.0010         37.0000         35.0000          4.0000        183.3390
  288         14.0010         37.0000         36.0000          4.0000        183.4953
  274         14.0010         37.0000         34.0000          1.0000        160.6096
  275         14.0010         37.0000         35.0000          1.0000        160.8079
  276         14.0010         37.0000         36.0000          1.0000        162.7882
  278         14.0010         37.0000         34.0000          2.0000        171.5754
  279         14.0010         37.0000         35.0000          2.0000        171.6764
  280         14.0010         37.0000         36.0000          2.0000        172.4216
  282         14.0010         37.0000         34.0000          3.0000        178.3302
  283         14.0010         37.0000         35.0000          3.0000        178.3760
  284         14.0010         37.0000         36.0000          3.0000        178.5989
  286         14.0010         37.0000         34.0000          4.0000        184.1354
  287         14.0010         37.0000         35.0000          4.0000        184.1561
  288         14.0010         37.0000         36.0000          4.0000        184.3138
  274         14.0010         37.0000         34.0000          1.0000        160.6675
  275         14.0010         37.0000         35.0000          1.0000        160.8675
  276         14.0010         37.0000         36.0000          1.0000        162.8452
  278         14.0010         37.0000         34.0000          2.0000        171.6230
  279         14.0010         37.0000         35.0000          2.0000        171.7245
  280         14.0010         37.0000         36.0000          2.0000        172.4688
  282         14.0010         37.0000         34.0000          3.0000        178.3726
  283         14.0010         37.0000         35.0000          3.0000        178.4186
  284         14.0010         37.0000         36.0000          3.0000        178.6411
  286         14.0010         37.0000         34.0000          4.0000        184.1741
  287         14.0010         37.0000         35.0000          4.0000        184.1950
  288         14.0010         37.0000         36.0000          4.0000        184.3524
  274         15.0012         37.0000         34.0000          1.0000        105.8457
  275         15.0012         37.0000         35.0000          1.0000        106.1449
  276         15.0012         37.0000         36.0000          1.0000        108.5864
  278         15.0012         37.0000         34.0000          2.0000        117.0757
  279         15.0012         37.0000         35.0000          2.0000        117.3279
  280         15.0012         37.0000         36.0000          2.0000        118.5725
  282         15.0012         37.0000         34.0000          3.0000        122.8301
  283         15.0012         37.0000         35.0000          3.0000        122.9525
  284         15.0012         37.0000         36.0000          3.0000        123.3917
  286         15.0012         37.0000         34.0000          4.0000        126.9588
  287         15.0012         37.0000         35.0000          4.0000        127.0118
  288         15.0012         37.0000         36.0000          4.0000        127.2260
  274         15.0012         37.0000         34.0000          1.0000        104.9113
  275         15.0012         37.0000         35.0000          1.0000        105.2089
  276         15.0012         37.0000         36.0000          1.0000        107.6197
  278         15.0012         37.0000         34.0000          2.0000        116.0542
  279         15.0012         37.0000         35.0000          2.0000        116.3056
  280         15.0012         37.0000         36.0000          2.0000        117.5389
  282         15.0012         37.0000         34.0000          3.0000        121.7790
  283         15.0012         37.0000         35.0000          3.0000        121.9009
  284         15.0012         37.0000         36.0000          3.0000        122.3356
  286         15.0012         37.0000         34.0000          4.0000        125.8992
  287         15.0012         37.0000         35.0000          4.0000        125.9520
  288         15.0012         37.0000         36.0000          4.0000        126.1640
  274         15.0012         37.0000         34.0000          1.0000        104.8479
  275         15.0012         37.0000         35.0000          1.0000        105.1430
  276         15.0012         37.0000         36.0000          1.0000        107.5560
  278         15.0012         37.0000         34.0000          2.0000        116.0017
  279         15.0012         37.0000         35.0000          2.0000        116.2524
  280         15.0012         37.0000         36.0000          2.0000        117.4865
  282         15.0012         37.0000         34.0000          3.0000        121.7332
  283         15.0012         37.0000         35.0000          3.0000        121.8548
  284         15.0012         37.0000         36.0000          3.0000        122.2898
  286         15.0012         37.0000         34.0000          4.0000        125.8588
  287         15.0012         37.0000         35.0000          4.0000        125.9115
  288         15.0012         37.0000         36.0000          4.0000        126.1237
  274         16.0025         37.0000         34.0000          1.0000        107.7869
  275         16.0025         37.0000         35.0000          1.0000        108.2464
  276         16.0025         37.0000         36.0000          1.0000        111.1594
  278         16.0025         37.0000         34.0000          2.0000        118.4917
  279         16.0025         37.0000         35.0000          2.0000        118.9748
  280         16.0025         37.0000         36.0000          2.0000        120.8289
  282         16.0025         37.0000         34.0000          3.0000        125.0016
  283         16.0025         37.0000         35.0000          3.0000        125.2590
  284         16.0025         37.0000         36.0000          3.0000        126.0361
  286         16.0025         37.0000         34.0000          4.0000        129.7413
  287         16.0025         37.0000         35.0000          4.0000        129.8608
  288         16.0025         37.0000         36.0000          4.0000        130.2380
  274         16.0025         37.0000         34.0000          1.0000        107.7584
  275         16.0025         37.0000         35.0000          1.0000        108.2174
  276         16.0025         37.0000         36.0000          1.0000        111.1217
  278         16.0025         37.0000         34.0000          2.0000        118.4436
  279         16.0025         37.0000         35.0000          2.0000        118.9255
  280         16.0025         37.0000         36.0000          2.0000        120.7744
  282         16.0025         37.0000         34.0000          3.0000        124.9449
  283         16.0025         37.0000         35.0000          3.0000        125.2013
  284         16.0025         37.0000         36.0000          3.0000        125.9759
  286         16.0025         37.0000         34.0000          4.0000        129.6810
  287         16.0025         37.0000         35.0000          4.0000        129.7998
  288         16.0025         37.0000         36.0000          4.0000        130.1755
  274         16.0025         37.0000         34.0000          1.0000        107.7579
  275         16.0025         37.0000         35.0000          1.0000        108.2165
  276         16.0025         37.0000         36.0000          1.0000        111.1203
  278         16.0025         37.0000         34.0000          2.0000        118.4418
  279         16.0025         37.0000         35.0000          2.0000        118.9236
  280         16.0025         37.0000         36.0000          2.0000        120.7723
  282         16.0025         37.0000         34.0000          3.0000        124.9425
  283         16.0025         37.0000         35.0000          3.0000        125.1990
  284         16.0025         37.0000         36.0000          3.0000        125.9735
  286         16.0025         37.0000         34.0000          4.0000        129.6785
  287         16.0025         37.0000         35.0000          4.0000        129.7973
  288         16.0025         37.0000         36.0000          4.0000        130.1730
  274         17.0138         37.0000         34.0000          1.0000         91.6961
  275         17.0138         37.0000         35.0000          1.0000         91.9507
  276         17.0138         37.0000         36.0000          1.0000         93.6001
  278         17.0138         37.0000         34.0000          2.0000         98.6415
  279         17.0138         37.0000         35.0000          2.0000         98.9236
  280         17.0138         37.0000         36.0000          2.0000         99.9763
  282         17.0138         37.0000         34.0000          3.0000        103.4999
  283         17.0138         37.0000         35.0000          3.0000        103.6689
  284         17.0138         37.0000         36.0000          3.0000        104.1342
  286         17.0138         37.0000         34.0000          4.0000        107.5415
  287         17.0138         37.0000         35.0000          4.0000        107.6298
  288         17.0138         37.0000         36.0000          4.0000        107.8893
  274         17.0138         37.0000         34.0000          1.0000         92.2282
  275         17.0138         37.0000         35.0000          1.0000         92.4855
  276         17.0138         37.0000         36.0000          1.0000         94.1493
  278         17.0138         37.0000         34.0000          2.0000         99.2036
  279         17.0138         37.0000         35.0000          2.0000         99.4870
  280         17.0138         37.0000         36.0000          2.0000        100.5453
  282         17.0138         37.0000         34.0000          3.0000        104.0653
  283         17.0138         37.0000         35.0000          3.0000        104.2352
  284         17.0138         37.0000         36.0000          3.0000        104.7032
  286         17.0138         37.0000         34.0000          4.0000        108.1007
  287         17.0138         37.0000         35.0000          4.0000        108.1898
  288         17.0138         37.0000         36.0000          4.0000        108.4507
  274         17.0138         37.0000         34.0000          1.0000         92.2694
  275         17.0138         37.0000         35.0000          1.0000         92.5278
  276         17.0138         37.0000         36.0000          1.0000         94.1897
  278         17.0138         37.0000         34.0000          2.0000         99.2380
  279         17.0138         37.0000         35.0000          2.0000         99.5216
  280         17.0138         37.0000         36.0000          2.0000        100.5793
  282         17.0138         37.0000         34.0000          3.0000        104.0963
  283         17.0138         37.0000         35.0000          3.0000        104.2661
  284         17.0138         37.0000         36.0000          3.0000        104.7338
  286         17.0138         37.0000         34.0000          4.0000        108.1293
  287         17.0138         37.0000         35.0000          4.0000        108.2183
  288         17.0138         37.0000         36.0000          4.0000        108.4790
  274         18.0179         37.0000         34.0000          1.0000         55.1892
  275         18.0179         37.0000         35.0000          1.0000         55.3273
  276         18.0179         37.0000         36.0000          1.0000         56.2965
  278         18.0179         37.0000         34.0000          2.0000         59.0456
  279         18.0179         37.0000         35.0000          2.0000         59.2096
  280         18.0179         37.0000         36.0000          2.0000         59.8405
  282         18.0179         37.0000         34.0000          3.0000         61.7321
  283         18.0179         37.0000         35.0000          3.0000         61.8418
  284         18.0179         37.0000         36.0000          3.0000         62.1388
  286         18.0179         37.0000         34.0000          4.0000         64.0173
  287         18.0179         37.0000         35.0000          4.0000         64.0810
  288         18.0179         37.0000         36.0000          4.0000         64.2519
  274         18.0179         37.0000         34.0000          1.0000         54.6982
  275         18.0179         37.0000         35.0000          1.0000         54.8352
  276         18.0179         37.0000         36.0000          1.0000         55.7813
  278         18.0179         37.0000         34.0000          2.0000         58.5020
  279         18.0179         37.0000         35.0000          2.0000         58.6647
  280         18.0179         37.0000         36.0000          2.0000         59.2852
  282         18.0179         37.0000         34.0000          3.0000         61.1765
  283         18.0179         37.0000         35.0000          3.0000         61.2852
  284         18.0179         37.0000         36.0000          3.0000         61.5775
  286         18.0179         37.0000         34.0000          4.0000         63.4646
  287         18.0179         37.0000         35.0000          4.0000         63.5276
  288         18.0179         37.0000         36.0000          4.0000         63.6964
  274         18.0179         37.0000         34.0000          1.0000         54.6613
  275         18.0179         37.0000         35.0000          1.0000         54.7968
  276         18.0179         37.0000         36.0000          1.0000         55.7444
  278         18.0179         37.0000         34.0000          2.0000         58.4709
  279         18.0179         37.0000         35.0000          2.0000         58.6330
  280         18.0179         37.0000         36.0000          2.0000         59.2539
  282         18.0179         37.0000         34.0000          3.0000         61.1482
  283         18.0179         37.0000         35.0000          3.0000         61.2567
  284         18.0179         37.0000         36.0000          3.0000         61.5491
  286         18.0179         37.0000         34.0000          4.0000         63.4382
  287         18.0179         37.0000         35.0000          4.0000         63.5011
  288         18.0179         37.0000         36.0000          4.0000         63.6700
  274         19.0133         37.0000         34.0000          1.0000         16.4527
  275         19.0133         37.0000         35.0000          1.0000         16.4996
  276         19.0133         37.0000         36.0000          1.0000         16.8257
  278         19.0133         37.0000         34.0000          2.0000         17.5348
  279         19.0133         37.0000         35.0000          2.0000         17.5900
  280         19.0133         37.0000         36.0000          2.0000         17.7952
  282         19.0133         37.0000         34.0000          3.0000         18.1746
  283         19.0133         37.0000         35.0000          3.0000         18.2109
  284         19.0133         37.0000         36.0000          3.0000         18.3072
  286         19.0133         37.0000         34.0000          4.0000         18.6572
  287         19.0133         37.0000         35.0000          4.0000         18.6780
  288         19.0133         37.0000         36.0000          4.0000         18.7299
  274         19.0133         37.0000         34.0000          1.0000         16.4174
  275         19.0133         37.0000         35.0000          1.0000         16.4647
  276         19.0133         37.0000         36.0000          1.0000         16.7862
  278         19.0133         37.0000         34.0000          2.0000         17.4881
  279         19.0133         37.0000         35.0000          2.0000         17.5431
  280         19.0133         37.0000         36.0000          2.0000         17.7461
  282         19.0133         37.0000         34.0000          3.0000         18.1244
  283         19.0133         37.0000         35.0000          3.0000         18.1603
  284         19.0133         37.0000         36.0000          3.0000         18.2556
  286         19.0133         37.0000         34.0000          4.0000         18.6061
  287         19.0133         37.0000         35.0000          4.0000         18.6266
  288         19.0133         37.0000         36.0000          4.0000         18.6779
  274         20.0143         37.0000         34.0000          1.0000         -2.3351
  275         20.0143         37.0000         35.0000          1.0000         -2.3289
  276         20.0143         37.0000         36.0000          1.0000         -2.2472
  278         20.0143         37.0000         34.0000          2.0000         -2.3735
  279         20.0143         37.0000         35.0000          2.0000         -2.3570
  280         20.0143         37.0000         36.0000          2.0000         -2.2999
  282         20.0143         37.0000         34.0000          3.0000         -2.5412
  283         20.0143         37.0000         35.0000          3.0000         -2.5303
  284         20.0143         37.0000         36.0000          3.0000         -2.5003
  286         20.0143         37.0000         34.0000          4.0000         -2.7789
  287         20.0143         37.0000         35.0000          4.0000         -2.7732
  288         20.0143         37.0000         36.0000          4.0000         -2.7617
  274         20.0143         37.0000         34.0000          1.0000         -2.3541
  275         20.0143         37.0000         35.0000          1.0000         -2.3474
  276         20.0143         37.0000         36.0000          1.0000         -2.2682
  278         20.0143         37.0000         34.0000          2.0000         -2.3993
  279         20.0143         37.0000         35.0000          2.0000         -2.3827
  280         20.0143         37.0000         36.0000          2.0000         -2.3266
  282         20.0143         37.0000         34.0000          3.0000         -2.5694
  283         20.0143         37.0000         35.0000          3.0000         -2.5585
  284         20.0143         37.0000         36.0000          3.0000         -2.5289
  286         20.0143         37.0000         34.0000          4.0000         -2.8081
  287         20.0143         37.0000         35.0000          4.0000         -2.8024
  288         20.0143         37.0000         36.0000          4.0000         -2.7911
  274         21.0154         37.0000         34.0000          1.0000         -5.6248
  275         21.0154         37.0000         35.0000          1.0000         -5.6332
  276         21.0154         37.0000         36.0000          1.0000         -5.5966
  278         21.0154         37.0000         34.0000          2.0000         -5.8481
  279         21.0154         37.0000         35.0000          2.0000         -5.8406
  280         21.0154         37.0000         36.0000          2.0000         -5.8097
  282         21.0154         37.0000         34.0000          3.0000         -6.1410
  283         21.0154         37.0000         35.0000          3.0000         -6.1353
  284         21.0154         37.0000         36.0000          3.0000         -6.1173
  286         21.0154         37.0000         34.0000          4.0000         -6.4832
  287         21.0154         37.0000         35.0000          4.0000         -6.4806
  288         21.0154         37.0000         36.0000          4.0000         -6.4761
  274         21.0154         37.0000         34.0000          1.0000         -5.6381
  275         21.0154         37.0000         35.0000          1.0000         -5.6461
  276         21.0154         37.0000         36.0000          1.0000         -5.6118
  278         21.0154         37.0000         34.0000          2.0000         -5.8679
  279         21.0154         37.0000         35.0000          2.0000         -5.8603
  280         21.0154         37.0000         36.0000          2.0000         -5.8303
  282         21.0154         37.0000         34.0000          3.0000         -6.1630
  283         21.0154         37.0000         35.0000          3.0000         -6.1573
  284         21.0154         37.0000         36.0000          3.0000         -6.1396
  286         21.0154         37.0000         34.0000          4.0000         -6.5060
  287         21.0154         37.0000         35.0000          4.0000         -6.5034
  288         21.0154         37.0000         36.0000          4.0000         -6.4991
  274         22.0091         37.0000         34.0000          1.0000         -3.8139
  275         22.0091         37.0000         35.0000          1.0000         -3.8304
  276         22.0091         37.0000         36.0000          1.0000         -3.8207
  278         22.0091         37.0000         34.0000          2.0000         -4.0156
  279         22.0091         37.0000         35.0000          2.0000         -4.0147
  280         22.0091         37.0000         36.0000          2.0000         -4.0012
  282         22.0091         37.0000         34.0000          3.0000         -4.2446
  283         22.0091         37.0000         35.0000          3.0000         -4.2425
  284         22.0091         37.0000         36.0000          3.0000         -4.2336
  286         22.0091         37.0000         34.0000          4.0000         -4.4855
  287         22.0091         37.0000         35.0000          4.0000         -4.4848
  288         22.0091         37.0000         36.0000          4.0000         -4.4837
  274         22.0091         37.0000         34.0000          1.0000         -3.8275
  275         22.0091         37.0000         35.0000          1.0000         -3.8440
  276         22.0091         37.0000         36.0000          1.0000         -3.8354
  278         22.0091         37.0000         34.0000          2.0000         -4.0326
  279         22.0091         37.0000         35.0000          2.0000         -4.0316
  280         22.0091         37.0000         36.0000          2.0000         -4.0186
  282         22.0091         37.0000         34.0000          3.0000         -4.2628
  283         22.0091         37.0000         35.0000          3.0000         -4.2607
  284         22.0091         37.0000         36.0000          3.0000         -4.2520
  286         22.0091         37.0000         34.0000          4.0000         -4.5043
  287         22.0091         37.0000         35.0000          4.0000         -4.5035
  288         22.0091         37.0000         36.0000          4.0000         -4.5026
  274         23.0248         37.0000         34.0000          1.0000         -4.3242
  275         23.0248         37.0000         35.0000          1.0000         -4.3494
  276         23.0248         37.0000         36.0000          1.0000         -4.3509
  278         23.0248         37.0000         34.0000          2.0000         -4.5448
  279         23.0248         37.0000         35.0000          2.0000         -4.5472
  280         23.0248         37.0000         36.0000          2.0000         -4.5395
  282         23.0248         37.0000         34.0000          3.0000         -4.7743
  283         23.0248         37.0000         35.0000          3.0000         -4.7737
  284         23.0248         37.0000         36.0000          3.0000         -4.7677
  286         23.0248         37.0000         34.0000          4.0000         -5.0052
  287         23.0248         37.0000         35.0000          4.0000         -5.0051
  288         23.0248         37.0000         36.0000          4.0000         -5.0055
  274         23.0248         37.0000         34.0000          1.0000         -4.3286
  275         23.0248         37.0000         35.0000          1.0000         -4.3537
  276         23.0248         37.0000         36.0000          1.0000         -4.3562
  278         23.0248         37.0000         34.0000          2.0000         -4.5519
  279         23.0248         37.0000         35.0000          2.0000         -4.5543
  280         23.0248         37.0000         36.0000          2.0000         -4.5470
  282         23.0248         37.0000         34.0000          3.0000         -4.7824
  283         23.0248         37.0000         35.0000          3.0000         -4.7817
  284         23.0248         37.0000         36.0000          3.0000         -4.7759
  286         23.0248         37.0000         34.0000          4.0000         -5.0135
  287         23.0248         37.0000         35.0000          4.0000         -5.0135
  288         23.0248         37.0000         36.0000          4.0000         -5.0139
