  289          1.0064         33.0000         32.0000          1.0000        303.1884
  293          1.0064         33.0000         32.0000          2.0000        303.1723
  297          1.0064         33.0000         32.0000          3.0000        303.1426
  301          1.0064         33.0000         32.0000          4.0000        303.1050
  289          1.0064         33.0000         32.0000          1.0000        303.1881
  293          1.0064         33.0000         32.0000          2.0000        303.1718
  297          1.0064         33.0000         32.0000          3.0000        303.1420
  301          1.0064         33.0000         32.0000          4.0000        303.1044
  289          2.0400         33.0000         32.0000          1.0000        302.7781
  293          2.0400         33.0000         32.0000          2.0000        302.7539
  297          2.0400         33.0000         32.0000          3.0000        302.7205
  301          2.0400         33.0000         32.0000          4.0000        302.6806
  289          2.0400         33.0000         32.0000          1.0000        302.7771
  293          2.0400         33.0000         32.0000          2.0000        302.7527
  297          2.0400         33.0000         32.0000          3.0000        302.7193
  301          2.0400         33.0000         32.0000          4.0000        302.6794
  289          3.0193         33.0000         32.0000          1.0000        302.4561
  293          3.0193         33.0000         32.0000          2.0000        302.4236
  297          3.0193         33.0000         32.0000          3.0000        302.3872
  301          3.0193         33.0000         32.0000          4.0000        302.3461
  289          3.0193         33.0000         32.0000          1.0000        302.4558
  293          3.0193         33.0000         32.0000          2.0000        302.4231
  297          3.0193         33.0000         32.0000          3.0000        302.3866
  301          3.0193         33.0000         32.0000          4.0000        302.3455
  289          4.0393         33.0000         32.0000          1.0000        302.1368
  293          4.0393         33.0000         32.0000          2.0000        302.0963
  297          4.0393         33.0000         32.0000          3.0000        302.0567
  301          4.0393         33.0000         32.0000          4.0000        302.0138
  289          4.0393         33.0000         32.0000          1.0000        302.1364
  293          4.0393         33.0000         32.0000          2.0000        302.0957
  297          4.0393         33.0000         32.0000          3.0000        302.0560
  301          4.0393         33.0000         32.0000          4.0000        302.0130
  289          5.0185         33.0000         32.0000          1.0000        301.8101
  293          5.0185         33.0000         32.0000          2.0000        301.7620
  297          5.0185         33.0000         32.0000          3.0000        301.7189
  301          5.0185         33.0000         32.0000          4.0000        301.6740
  289          5.0185         33.0000         32.0000          1.0000        301.8099
  293          5.0185         33.0000         32.0000          2.0000        301.7616
  297          5.0185         33.0000         32.0000          3.0000        301.7184
  301          5.0185         33.0000         32.0000          4.0000        301.6734
  289          6.0385         33.0000         32.0000          1.0000        301.5446
  293          6.0385         33.0000         32.0000          2.0000        301.4925
  297          6.0385         33.0000         32.0000          3.0000        301.4488
  301          6.0385         33.0000         32.0000          4.0000        301.4044
  289          6.0385         33.0000         32.0000          1.0000        301.5444
  293          6.0385         33.0000         32.0000          2.0000        301.4921
  297          6.0385         33.0000         32.0000          3.0000        301.4483
  301          6.0385         33.0000         32.0000          4.0000        301.4039
  289          7.0463         33.0000         32.0000          1.0000        301.2792
  293          7.0463         33.0000         32.0000          2.0000        301.2233
  297          7.0463         33.0000         32.0000          3.0000        301.1788
  301          7.0463         33.0000         32.0000          4.0000        301.1347
  289          7.0463         33.0000         32.0000          1.0000        301.2827
  293          7.0463         33.0000         32.0000          2.0000        301.2267
  297          7.0463         33.0000         32.0000          3.0000        301.1821
  301          7.0463         33.0000         32.0000          4.0000        301.1378
  289          8.0010         33.0000         32.0000          1.0000        301.4770
  293          8.0010         33.0000         32.0000          2.0000        301.4383
  297          8.0010         33.0000         32.0000          3.0000        301.4085
  301          8.0010         33.0000         32.0000          4.0000        301.3785
  289          8.0010         33.0000         32.0000          1.0000        301.4819
  293          8.0010         33.0000         32.0000          2.0000        301.4431
  297          8.0010         33.0000         32.0000          3.0000        301.4132
  301          8.0010         33.0000         32.0000          4.0000        301.3830
  289          8.0010         33.0000         32.0000          1.0000        301.4822
  293          8.0010         33.0000         32.0000          2.0000        301.4433
  297          8.0010         33.0000         32.0000          3.0000        301.4134
  301          8.0010         33.0000         32.0000          4.0000        301.3832
  289          9.0154         33.0000         32.0000          1.0000        303.4914
  293          9.0154         33.0000         32.0000          2.0000        303.5639
  297          9.0154         33.0000         32.0000          3.0000        303.6015
  301          9.0154         33.0000         32.0000          4.0000        303.6275
  289          9.0154         33.0000         32.0000          1.0000        303.5030
  293          9.0154         33.0000         32.0000          2.0000        303.5760
  297          9.0154         33.0000         32.0000          3.0000        303.6131
  301          9.0154         33.0000         32.0000          4.0000        303.6385
  289          9.0154         33.0000         32.0000          1.0000        303.5033
  293          9.0154         33.0000         32.0000          2.0000        303.5761
  297          9.0154         33.0000         32.0000          3.0000        303.6132
  301          9.0154         33.0000         32.0000          4.0000        303.6385
  289         10.0100         33.0000         32.0000          1.0000        305.8566
  293         10.0100         33.0000         32.0000          2.0000        306.0675
  297         10.0100         33.0000         32.0000          3.0000        306.1728
  301         10.0100         33.0000         32.0000          4.0000        306.2472
  289         10.0100         33.0000         32.0000          1.0000        305.8659
  293         10.0100         33.0000         32.0000          2.0000        306.0769
  297         10.0100         33.0000         32.0000          3.0000        306.1818
  301         10.0100         33.0000         32.0000          4.0000        306.2557
  289         10.0100         33.0000         32.0000          1.0000        305.8669
  293         10.0100         33.0000         32.0000          2.0000        306.0775
  297         10.0100         33.0000         32.0000          3.0000        306.1823
  301         10.0100         33.0000         32.0000          4.0000        306.2561
  289         11.0146         33.0000         32.0000          1.0000        308.3981
  293         11.0146         33.0000         32.0000          2.0000        308.7272
  297         11.0146         33.0000         32.0000          3.0000        308.9019
  301         11.0146         33.0000         32.0000          4.0000        309.0313
  289         11.0146         33.0000         32.0000          1.0000        308.4054
  293         11.0146         33.0000         32.0000          2.0000        308.7346
  297         11.0146         33.0000         32.0000          3.0000        308.9091
  301         11.0146         33.0000         32.0000          4.0000        309.0381
  289         11.0146         33.0000         32.0000          1.0000        308.4061
  293         11.0146         33.0000         32.0000          2.0000        308.7351
  297         11.0146         33.0000         32.0000          3.0000        308.9094
  301         11.0146         33.0000         32.0000          4.0000        309.0384
  289         12.0078         33.0000         32.0000          1.0000        310.1906
  293         12.0078         33.0000         32.0000          2.0000        310.5721
  297         12.0078         33.0000         32.0000          3.0000        310.7663
  301         12.0078         33.0000         32.0000          4.0000        310.9025
  289         12.0078         33.0000         32.0000          1.0000        310.3080
  293         12.0078         33.0000         32.0000          2.0000        310.6046
  297         12.0078         33.0000         32.0000          3.0000        310.7812
  301         12.0078         33.0000         32.0000          4.0000        310.9125
  289         12.0078         33.0000         32.0000          1.0000        310.3091
  293         12.0078         33.0000         32.0000          2.0000        310.6052
  297         12.0078         33.0000         32.0000          3.0000        310.7817
  301         12.0078         33.0000         32.0000          4.0000        310.9128
  289         12.0078         33.0000         32.0000          1.0000        310.3097
  293         12.0078         33.0000         32.0000          2.0000        310.6056
  297         12.0078         33.0000         32.0000          3.0000        310.7819
  301         12.0078         33.0000         32.0000          4.0000        310.9130
  289         13.0162         33.0000         32.0000          1.0000        311.1849
  293         13.0162         33.0000         32.0000          2.0000        311.5931
  297         13.0162         33.0000         32.0000          3.0000        311.7836
  301         13.0162         33.0000         32.0000          4.0000        311.9078
  289         13.0162         33.0000         32.0000          1.0000        311.1831
  293         13.0162         33.0000         32.0000          2.0000        311.5904
  297         13.0162         33.0000         32.0000          3.0000        311.7807
  301         13.0162         33.0000         32.0000          4.0000        311.9050
  289         14.0010         33.0000         32.0000          1.0000        311.8983
  293         14.0010         33.0000         32.0000          2.0000        312.3014
  297         14.0010         33.0000         32.0000          3.0000        312.5256
  301         14.0010         33.0000         32.0000          4.0000        312.6933
  289         14.0010         33.0000         32.0000          1.0000        311.9378
  293         14.0010         33.0000         32.0000          2.0000        312.3423
  297         14.0010         33.0000         32.0000          3.0000        312.5657
  301         14.0010         33.0000         32.0000          4.0000        312.7319
  289         14.0010         33.0000         32.0000          1.0000        311.9405
  293         14.0010         33.0000         32.0000          2.0000        312.3444
  297         14.0010         33.0000         32.0000          3.0000        312.5676
  301         14.0010         33.0000         32.0000          4.0000        312.7335
  289         15.0012         33.0000         32.0000          1.0000        312.8291
  293         15.0012         33.0000         32.0000          2.0000        313.1669
  297         15.0012         33.0000         32.0000          3.0000        313.3418
  301         15.0012         33.0000         32.0000          4.0000        313.4573
  289         15.0012         33.0000         32.0000          1.0000        312.7779
  293         15.0012         33.0000         32.0000          2.0000        313.1122
  297         15.0012         33.0000         32.0000          3.0000        313.2878
  301         15.0012         33.0000         32.0000          4.0000        313.4055
  289         15.0012         33.0000         32.0000          1.0000        312.7766
  293         15.0012         33.0000         32.0000          2.0000        313.1115
  297         15.0012         33.0000         32.0000          3.0000        313.2874
  301         15.0012         33.0000         32.0000          4.0000        313.4053
  289         16.0025         33.0000         32.0000          1.0000        312.2902
  293         16.0025         33.0000         32.0000          2.0000        312.5641
  297         16.0025         33.0000         32.0000          3.0000        312.7122
  301         16.0025         33.0000         32.0000          4.0000        312.8102
  289         16.0025         33.0000         32.0000          1.0000        312.2874
  293         16.0025         33.0000         32.0000          2.0000        312.5609
  297         16.0025         33.0000         32.0000          3.0000        312.7089
  301         16.0025         33.0000         32.0000          4.0000        312.8071
  289         16.0025         33.0000         32.0000          1.0000        312.2870
  293         16.0025         33.0000         32.0000          2.0000        312.5606
  297         16.0025         33.0000         32.0000          3.0000        312.7087
  301         16.0025         33.0000         32.0000          4.0000        312.8069
  289         17.0138         33.0000         32.0000          1.0000        311.2387
  293         17.0138         33.0000         32.0000          2.0000        311.4978
  297         17.0138         33.0000         32.0000          3.0000        311.6512
  301         17.0138         33.0000         32.0000          4.0000        311.7645
  289         17.0138         33.0000         32.0000          1.0000        311.2683
  293         17.0138         33.0000         32.0000          2.0000        311.5284
  297         17.0138         33.0000         32.0000          3.0000        311.6811
  301         17.0138         33.0000         32.0000          4.0000        311.7932
  289         17.0138         33.0000         32.0000          1.0000        311.2709
  293         17.0138         33.0000         32.0000          2.0000        311.5304
  297         17.0138         33.0000         32.0000          3.0000        311.6828
  301         17.0138         33.0000         32.0000          4.0000        311.7946
  289         18.0179         33.0000         32.0000          1.0000        309.1099
  293         18.0179         33.0000         32.0000          2.0000        309.2876
  297         18.0179         33.0000         32.0000          3.0000        309.3808
  301         18.0179         33.0000         32.0000          4.0000        309.4399
  289         18.0179         33.0000         32.0000          1.0000        309.0781
  293         18.0179         33.0000         32.0000          2.0000        309.2543
  297         18.0179         33.0000         32.0000          3.0000        309.3481
  301         18.0179         33.0000         32.0000          4.0000        309.4084
  289         18.0179         33.0000         32.0000          1.0000        309.0765
  293         18.0179         33.0000         32.0000          2.0000        309.2529
  297         18.0179         33.0000         32.0000          3.0000        309.3468
  301         18.0179         33.0000         32.0000          4.0000        309.4072
  289         19.0133         33.0000         32.0000          1.0000        306.9567
  293         19.0133         33.0000         32.0000          2.0000        307.0662
  297         19.0133         33.0000         32.0000          3.0000        307.1124
  301         19.0133         33.0000         32.0000          4.0000        307.1320
  289         19.0133         33.0000         32.0000          1.0000        306.9536
  293         19.0133         33.0000         32.0000          2.0000        307.0627
  297         19.0133         33.0000         32.0000          3.0000        307.1089
  301         19.0133         33.0000         32.0000          4.0000        307.1285
  289         20.0143         33.0000         32.0000          1.0000        305.6533
  293         20.0143         33.0000         32.0000          2.0000        305.7138
  297         20.0143         33.0000         32.0000          3.0000        305.7240
  301         20.0143         33.0000         32.0000          4.0000        305.7132
  289         20.0143         33.0000         32.0000          1.0000        305.6505
  293         20.0143         33.0000         32.0000          2.0000        305.7107
  297         20.0143         33.0000         32.0000          3.0000        305.7209
  301         20.0143         33.0000         32.0000          4.0000        305.7102
  289         21.0154         33.0000         32.0000          1.0000        304.9121
  293         21.0154         33.0000         32.0000          2.0000        304.9498
  297         21.0154         33.0000         32.0000          3.0000        304.9468
  301         21.0154         33.0000         32.0000          4.0000        304.9264
  289         21.0154         33.0000         32.0000          1.0000        304.9102
  293         21.0154         33.0000         32.0000          2.0000        304.9477
  297         21.0154         33.0000         32.0000          3.0000        304.9446
  301         21.0154         33.0000         32.0000          4.0000        304.9242
  289         22.0091         33.0000         32.0000          1.0000        304.4479
  293         22.0091         33.0000         32.0000          2.0000        304.4695
  297         22.0091         33.0000         32.0000          3.0000        304.4568
  301         22.0091         33.0000         32.0000          4.0000        304.4292
  289         22.0091         33.0000         32.0000          1.0000        304.4464
  293         22.0091         33.0000         32.0000          2.0000        304.4677
  297         22.0091         33.0000         32.0000          3.0000        304.4550
  301         22.0091         33.0000         32.0000          4.0000        304.4274
  289         23.0248         33.0000         32.0000          1.0000        304.0556
  293         23.0248         33.0000         32.0000          2.0000        304.0636
  297         23.0248         33.0000         32.0000          3.0000        304.0444
  301         23.0248         33.0000         32.0000          4.0000        304.0131
  289         23.0248         33.0000         32.0000          1.0000        304.0548
  293         23.0248         33.0000         32.0000          2.0000        304.0626
  297         23.0248         33.0000         32.0000          3.0000        304.0433
  301         23.0248         33.0000         32.0000          4.0000        304.0120
