  273          1.0064         37.0000         33.0000          1.0000        303.4711
  277          1.0064         37.0000         33.0000          2.0000        303.5174
  281          1.0064         37.0000         33.0000          3.0000        303.5132
  285          1.0064         37.0000         33.0000          4.0000        303.4867
  273          1.0064         37.0000         33.0000          1.0000        303.4709
  277          1.0064         37.0000         33.0000          2.0000        303.5170
  281          1.0064         37.0000         33.0000          3.0000        303.5126
  285          1.0064         37.0000         33.0000          4.0000        303.4862
  273          2.0400         37.0000         33.0000          1.0000        303.0022
  277          2.0400         37.0000         33.0000          2.0000        303.0336
  281          2.0400         37.0000         33.0000          3.0000        303.0234
  285          2.0400         37.0000         33.0000          4.0000        302.9941
  273          2.0400         37.0000         33.0000          1.0000        303.0015
  277          2.0400         37.0000         33.0000          2.0000        303.0326
  281          2.0400         37.0000         33.0000          3.0000        303.0223
  285          2.0400         37.0000         33.0000          4.0000        302.9931
  273          3.0193         37.0000         33.0000          1.0000        302.7093
  277          3.0193         37.0000         33.0000          2.0000        302.7297
  281          3.0193         37.0000         33.0000          3.0000        302.7150
  285          3.0193         37.0000         33.0000          4.0000        302.6834
  273          3.0193         37.0000         33.0000          1.0000        302.7092
  277          3.0193         37.0000         33.0000          2.0000        302.7293
  281          3.0193         37.0000         33.0000          3.0000        302.7145
  285          3.0193         37.0000         33.0000          4.0000        302.6829
  273          4.0393         37.0000         33.0000          1.0000        302.3773
  277          4.0393         37.0000         33.0000          2.0000        302.3864
  281          4.0393         37.0000         33.0000          3.0000        302.3671
  285          4.0393         37.0000         33.0000          4.0000        302.3332
  273          4.0393         37.0000         33.0000          1.0000        302.3770
  277          4.0393         37.0000         33.0000          2.0000        302.3859
  281          4.0393         37.0000         33.0000          3.0000        302.3665
  285          4.0393         37.0000         33.0000          4.0000        302.3326
  273          5.0185         37.0000         33.0000          1.0000        302.0366
  277          5.0185         37.0000         33.0000          2.0000        302.0346
  281          5.0185         37.0000         33.0000          3.0000        302.0106
  285          5.0185         37.0000         33.0000          4.0000        301.9741
  273          5.0185         37.0000         33.0000          1.0000        302.0365
  277          5.0185         37.0000         33.0000          2.0000        302.0343
  281          5.0185         37.0000         33.0000          3.0000        302.0101
  285          5.0185         37.0000         33.0000          4.0000        301.9736
  273          6.0385         37.0000         33.0000          1.0000        301.7574
  277          6.0385         37.0000         33.0000          2.0000        301.7480
  281          6.0385         37.0000         33.0000          3.0000        301.7221
  285          6.0385         37.0000         33.0000          4.0000        301.6855
  273          6.0385         37.0000         33.0000          1.0000        301.7574
  277          6.0385         37.0000         33.0000          2.0000        301.7477
  281          6.0385         37.0000         33.0000          3.0000        301.7216
  285          6.0385         37.0000         33.0000          4.0000        301.6850
  273          7.0463         37.0000         33.0000          1.0000        301.4793
  277          7.0463         37.0000         33.0000          2.0000        301.4628
  281          7.0463         37.0000         33.0000          3.0000        301.4348
  285          7.0463         37.0000         33.0000          4.0000        301.3979
  273          7.0463         37.0000         33.0000          1.0000        301.4829
  277          7.0463         37.0000         33.0000          2.0000        301.4663
  281          7.0463         37.0000         33.0000          3.0000        301.4381
  285          7.0463         37.0000         33.0000          4.0000        301.4011
  273          8.0010         37.0000         33.0000          1.0000        301.6661
  277          8.0010         37.0000         33.0000          2.0000        301.6637
  281          8.0010         37.0000         33.0000          3.0000        301.6491
  285          8.0010         37.0000         33.0000          4.0000        301.6259
  273          8.0010         37.0000         33.0000          1.0000        301.6709
  277          8.0010         37.0000         33.0000          2.0000        301.6684
  281          8.0010         37.0000         33.0000          3.0000        301.6537
  285          8.0010         37.0000         33.0000          4.0000        301.6302
  273          8.0010         37.0000         33.0000          1.0000        301.6713
  277          8.0010         37.0000         33.0000          2.0000        301.6687
  281          8.0010         37.0000         33.0000          3.0000        301.6539
  285          8.0010         37.0000         33.0000          4.0000        301.6304
  273          9.0154         37.0000         33.0000          1.0000        306.1004
  277          9.0154         37.0000         33.0000          2.0000        306.1387
  281          9.0154         37.0000         33.0000          3.0000        306.1722
  285          9.0154         37.0000         33.0000          4.0000        306.2020
  273          9.0154         37.0000         33.0000          1.0000        306.1113
  277          9.0154         37.0000         33.0000          2.0000        306.1485
  281          9.0154         37.0000         33.0000          3.0000        306.1812
  285          9.0154         37.0000         33.0000          4.0000        306.2105
  273          9.0154         37.0000         33.0000          1.0000        306.1118
  277          9.0154         37.0000         33.0000          2.0000        306.1487
  281          9.0154         37.0000         33.0000          3.0000        306.1813
  285          9.0154         37.0000         33.0000          4.0000        306.2105
  273         10.0100         37.0000         33.0000          1.0000        310.5727
  277         10.0100         37.0000         33.0000          2.0000        310.6621
  281         10.0100         37.0000         33.0000          3.0000        310.7314
  285         10.0100         37.0000         33.0000          4.0000        310.7907
  273         10.0100         37.0000         33.0000          1.0000        310.5825
  277         10.0100         37.0000         33.0000          2.0000        310.6715
  281         10.0100         37.0000         33.0000          3.0000        310.7401
  285         10.0100         37.0000         33.0000          4.0000        310.7989
  273         10.0100         37.0000         33.0000          1.0000        310.5832
  277         10.0100         37.0000         33.0000          2.0000        310.6719
  281         10.0100         37.0000         33.0000          3.0000        310.7404
  285         10.0100         37.0000         33.0000          4.0000        310.7992
  273         11.0146         37.0000         33.0000          1.0000        312.5546
  277         11.0146         37.0000         33.0000          2.0000        312.7280
  281         11.0146         37.0000         33.0000          3.0000        312.8574
  285         11.0146         37.0000         33.0000          4.0000        312.9660
  273         11.0146         37.0000         33.0000          1.0000        312.5628
  277         11.0146         37.0000         33.0000          2.0000        312.7355
  281         11.0146         37.0000         33.0000          3.0000        312.8645
  285         11.0146         37.0000         33.0000          4.0000        312.9726
  273         11.0146         37.0000         33.0000          1.0000        312.5634
  277         11.0146         37.0000         33.0000          2.0000        312.7359
  281         11.0146         37.0000         33.0000          3.0000        312.8648
  285         11.0146         37.0000         33.0000          4.0000        312.9728
  273         12.0078         37.0000         33.0000          1.0000        311.7876
  277         12.0078         37.0000         33.0000          2.0000        312.0893
  281         12.0078         37.0000         33.0000          3.0000        312.2732
  285         12.0078         37.0000         33.0000          4.0000        312.4053
  273         12.0078         37.0000         33.0000          1.0000        311.5222
  277         12.0078         37.0000         33.0000          2.0000        312.0017
  281         12.0078         37.0000         33.0000          3.0000        312.2621
  285         12.0078         37.0000         33.0000          4.0000        312.4269
  273         12.0078         37.0000         33.0000          1.0000        311.5147
  277         12.0078         37.0000         33.0000          2.0000        311.9981
  281         12.0078         37.0000         33.0000          3.0000        312.2603
  285         12.0078         37.0000         33.0000          4.0000        312.4260
  273         12.0078         37.0000         33.0000          1.0000        311.5147
  277         12.0078         37.0000         33.0000          2.0000        311.9983
  281         12.0078         37.0000         33.0000          3.0000        312.2605
  285         12.0078         37.0000         33.0000          4.0000        312.4263
  273         13.0162         37.0000         33.0000          1.0000        312.6110
  277         13.0162         37.0000         33.0000          2.0000        313.1665
  281         13.0162         37.0000         33.0000          3.0000        313.3809
  285         13.0162         37.0000         33.0000          4.0000        313.5053
  273         13.0162         37.0000         33.0000          1.0000        312.6093
  277         13.0162         37.0000         33.0000          2.0000        313.1637
  281         13.0162         37.0000         33.0000          3.0000        313.3779
  285         13.0162         37.0000         33.0000          4.0000        313.5024
  273         14.0010         37.0000         33.0000          1.0000        312.8040
  277         14.0010         37.0000         33.0000          2.0000        313.2843
  281         14.0010         37.0000         33.0000          3.0000        313.5199
  285         14.0010         37.0000         33.0000          4.0000        313.6864
  273         14.0010         37.0000         33.0000          1.0000        312.8427
  277         14.0010         37.0000         33.0000          2.0000        313.3249
  281         14.0010         37.0000         33.0000          3.0000        313.5599
  285         14.0010         37.0000         33.0000          4.0000        313.7249
  273         14.0010         37.0000         33.0000          1.0000        312.8453
  277         14.0010         37.0000         33.0000          2.0000        313.3270
  281         14.0010         37.0000         33.0000          3.0000        313.5617
  285         14.0010         37.0000         33.0000          4.0000        313.7265
  273         15.0012         37.0000         33.0000          1.0000        313.2217
  277         15.0012         37.0000         33.0000          2.0000        313.9443
  281         15.0012         37.0000         33.0000          3.0000        314.2291
  285         15.0012         37.0000         33.0000          4.0000        314.3801
  273         15.0012         37.0000         33.0000          1.0000        313.1700
  277         15.0012         37.0000         33.0000          2.0000        313.8899
  281         15.0012         37.0000         33.0000          3.0000        314.1757
  285         15.0012         37.0000         33.0000          4.0000        314.3290
  273         15.0012         37.0000         33.0000          1.0000        313.1684
  277         15.0012         37.0000         33.0000          2.0000        313.8891
  281         15.0012         37.0000         33.0000          3.0000        314.1754
  285         15.0012         37.0000         33.0000          4.0000        314.3288
  273         16.0025         37.0000         33.0000          1.0000        312.4378
  277         16.0025         37.0000         33.0000          2.0000        313.0746
  281         16.0025         37.0000         33.0000          3.0000        313.3730
  285         16.0025         37.0000         33.0000          4.0000        313.5397
  273         16.0025         37.0000         33.0000          1.0000        312.4359
  277         16.0025         37.0000         33.0000          2.0000        313.0718
  281         16.0025         37.0000         33.0000          3.0000        313.3697
  285         16.0025         37.0000         33.0000          4.0000        313.5363
  273         16.0025         37.0000         33.0000          1.0000        312.4361
  277         16.0025         37.0000         33.0000          2.0000        313.0718
  281         16.0025         37.0000         33.0000          3.0000        313.3697
  285         16.0025         37.0000         33.0000          4.0000        313.5363
  273         17.0138         37.0000         33.0000          1.0000        311.3451
  277         17.0138         37.0000         33.0000          2.0000        311.7997
  281         17.0138         37.0000         33.0000          3.0000        312.0389
  285         17.0138         37.0000         33.0000          4.0000        312.1899
  273         17.0138         37.0000         33.0000          1.0000        311.3751
  277         17.0138         37.0000         33.0000          2.0000        311.8306
  281         17.0138         37.0000         33.0000          3.0000        312.0692
  285         17.0138         37.0000         33.0000          4.0000        312.2190
  273         17.0138         37.0000         33.0000          1.0000        311.3771
  277         17.0138         37.0000         33.0000          2.0000        311.8322
  281         17.0138         37.0000         33.0000          3.0000        312.0706
  285         17.0138         37.0000         33.0000          4.0000        312.2202
  273         18.0179         37.0000         33.0000          1.0000        309.3119
  277         18.0179         37.0000         33.0000          2.0000        309.6273
  281         18.0179         37.0000         33.0000          3.0000        309.7830
  285         18.0179         37.0000         33.0000          4.0000        309.8699
  273         18.0179         37.0000         33.0000          1.0000        309.2818
  277         18.0179         37.0000         33.0000          2.0000        309.5951
  281         18.0179         37.0000         33.0000          3.0000        309.7510
  285         18.0179         37.0000         33.0000          4.0000        309.8389
  273         18.0179         37.0000         33.0000          1.0000        309.2801
  277         18.0179         37.0000         33.0000          2.0000        309.5937
  281         18.0179         37.0000         33.0000          3.0000        309.7498
  285         18.0179         37.0000         33.0000          4.0000        309.8377
  273         19.0133         37.0000         33.0000          1.0000        307.2246
  277         19.0133         37.0000         33.0000          2.0000        307.4246
  281         19.0133         37.0000         33.0000          3.0000        307.5098
  285         19.0133         37.0000         33.0000          4.0000        307.5445
  273         19.0133         37.0000         33.0000          1.0000        307.2215
  277         19.0133         37.0000         33.0000          2.0000        307.4212
  281         19.0133         37.0000         33.0000          3.0000        307.5062
  285         19.0133         37.0000         33.0000          4.0000        307.5410
  273         20.0143         37.0000         33.0000          1.0000        306.0220
  277         20.0143         37.0000         33.0000          2.0000        306.1647
  281         20.0143         37.0000         33.0000          3.0000        306.2093
  285         20.0143         37.0000         33.0000          4.0000        306.2125
  273         20.0143         37.0000         33.0000          1.0000        306.0194
  277         20.0143         37.0000         33.0000          2.0000        306.1617
  281         20.0143         37.0000         33.0000          3.0000        306.2063
  285         20.0143         37.0000         33.0000          4.0000        306.2095
  273         21.0154         37.0000         33.0000          1.0000        305.2854
  277         21.0154         37.0000         33.0000          2.0000        305.3959
  281         21.0154         37.0000         33.0000          3.0000        305.4230
  285         21.0154         37.0000         33.0000          4.0000        305.4144
  273         21.0154         37.0000         33.0000          1.0000        305.2837
  277         21.0154         37.0000         33.0000          2.0000        305.3938
  281         21.0154         37.0000         33.0000          3.0000        305.4208
  285         21.0154         37.0000         33.0000          4.0000        305.4123
  273         22.0091         37.0000         33.0000          1.0000        304.8310
  277         22.0091         37.0000         33.0000          2.0000        304.9244
  281         22.0091         37.0000         33.0000          3.0000        304.9415
  285         22.0091         37.0000         33.0000          4.0000        304.9266
  273         22.0091         37.0000         33.0000          1.0000        304.8297
  277         22.0091         37.0000         33.0000          2.0000        304.9228
  281         22.0091         37.0000         33.0000          3.0000        304.9397
  285         22.0091         37.0000         33.0000          4.0000        304.9249
  273         23.0248         37.0000         33.0000          1.0000        304.4093
  277         23.0248         37.0000         33.0000          2.0000        304.4863
  281         23.0248         37.0000         33.0000          3.0000        304.4960
  285         23.0248         37.0000         33.0000          4.0000        304.4774
  273         23.0248         37.0000         33.0000          1.0000        304.4087
  277         23.0248         37.0000         33.0000          2.0000        304.4854
  281         23.0248         37.0000         33.0000          3.0000        304.4950
  285         23.0248         37.0000         33.0000          4.0000        304.4764
