  305          1.0064         32.0000         33.0000          1.0000          3.9765
  309          1.0064         32.0000         33.0000          2.0000          3.8910
  313          1.0064         32.0000         33.0000          3.0000          3.8217
  317          1.0064         32.0000         33.0000          4.0000          3.7939
  305          1.0064         32.0000         33.0000          1.0000          3.9699
  309          1.0064         32.0000         33.0000          2.0000          3.8840
  313          1.0064         32.0000         33.0000          3.0000          3.8146
  317          1.0064         32.0000         33.0000          4.0000          3.7867
  305          2.0400         32.0000         33.0000          1.0000          5.1656
  309          2.0400         32.0000         33.0000          2.0000          5.0446
  313          2.0400         32.0000         33.0000          3.0000          4.9510
  317          2.0400         32.0000         33.0000          4.0000          4.9102
  305          2.0400         32.0000         33.0000          1.0000          5.1589
  309          2.0400         32.0000         33.0000          2.0000          5.0373
  313          2.0400         32.0000         33.0000          3.0000          4.9436
  317          2.0400         32.0000         33.0000          4.0000          4.9028
  305          3.0193         32.0000         33.0000          1.0000          2.9552
  309          3.0193         32.0000         33.0000          2.0000          2.8485
  313          3.0193         32.0000         33.0000          3.0000          2.7722
  317          3.0193         32.0000         33.0000          4.0000          2.7258
  305          3.0193         32.0000         33.0000          1.0000          2.9471
  309          3.0193         32.0000         33.0000          2.0000          2.8402
  313          3.0193         32.0000         33.0000          3.0000          2.7638
  317          3.0193         32.0000         33.0000          4.0000          2.7174
  305          4.0393         32.0000         33.0000          1.0000          2.5052
  309          4.0393         32.0000         33.0000          2.0000          2.3879
  313          4.0393         32.0000         33.0000          3.0000          2.3081
  317          4.0393         32.0000         33.0000          4.0000          2.2577
  305          4.0393         32.0000         33.0000          1.0000          2.4975
  309          4.0393         32.0000         33.0000          2.0000          2.3799
  313          4.0393         32.0000         33.0000          3.0000          2.3000
  317          4.0393         32.0000         33.0000          4.0000          2.2496
  305          5.0185         32.0000         33.0000          1.0000          2.2308
  309          5.0185         32.0000         33.0000          2.0000          2.1031
  313          5.0185         32.0000         33.0000          3.0000          2.0188
  317          5.0185         32.0000         33.0000          4.0000          1.9636
  305          5.0185         32.0000         33.0000          1.0000          2.2242
  309          5.0185         32.0000         33.0000          2.0000          2.0962
  313          5.0185         32.0000         33.0000          3.0000          2.0119
  317          5.0185         32.0000         33.0000          4.0000          1.9567
  305          6.0385         32.0000         33.0000          1.0000          2.1755
  309          6.0385         32.0000         33.0000          2.0000          2.0421
  313          6.0385         32.0000         33.0000          3.0000          1.9571
  317          6.0385         32.0000         33.0000          4.0000          1.9009
  305          6.0385         32.0000         33.0000          1.0000          2.1676
  309          6.0385         32.0000         33.0000          2.0000          2.0341
  313          6.0385         32.0000         33.0000          3.0000          1.9491
  317          6.0385         32.0000         33.0000          4.0000          1.8929
  305          7.0463         32.0000         33.0000          1.0000          2.1260
  309          7.0463         32.0000         33.0000          2.0000          1.9869
  313          7.0463         32.0000         33.0000          3.0000          1.9004
  317          7.0463         32.0000         33.0000          4.0000          1.8424
  305          7.0463         32.0000         33.0000          1.0000          2.1320
  309          7.0463         32.0000         33.0000          2.0000          1.9931
  313          7.0463         32.0000         33.0000          3.0000          1.9066
  317          7.0463         32.0000         33.0000          4.0000          1.8487
  305          8.0010         32.0000         33.0000          1.0000          2.6159
  309          8.0010         32.0000         33.0000          2.0000          2.5063
  313          8.0010         32.0000         33.0000          3.0000          2.4445
  317          8.0010         32.0000         33.0000          4.0000          2.4095
  305          8.0010         32.0000         33.0000          1.0000          2.6275
  309          8.0010         32.0000         33.0000          2.0000          2.5182
  313          8.0010         32.0000         33.0000          3.0000          2.4566
  317          8.0010         32.0000         33.0000          4.0000          2.4217
  305          8.0010         32.0000         33.0000          1.0000          2.6305
  309          8.0010         32.0000         33.0000          2.0000          2.5210
  313          8.0010         32.0000         33.0000          3.0000          2.4592
  317          8.0010         32.0000         33.0000          4.0000          2.4241
  305          9.0154         32.0000         33.0000          1.0000          6.6047
  309          9.0154         32.0000         33.0000          2.0000          6.8082
  313          9.0154         32.0000         33.0000          3.0000          6.9676
  317          9.0154         32.0000         33.0000          4.0000          7.1319
  305          9.0154         32.0000         33.0000          1.0000          6.6432
  309          9.0154         32.0000         33.0000          2.0000          6.8498
  313          9.0154         32.0000         33.0000          3.0000          7.0104
  317          9.0154         32.0000         33.0000          4.0000          7.1749
  305          9.0154         32.0000         33.0000          1.0000          6.6479
  309          9.0154         32.0000         33.0000          2.0000          6.8542
  313          9.0154         32.0000         33.0000          3.0000          7.0145
  317          9.0154         32.0000         33.0000          4.0000          7.1789
  305         10.0100         32.0000         33.0000          1.0000         17.0564
  309         10.0100         32.0000         33.0000          2.0000         18.2568
  313         10.0100         32.0000         33.0000          3.0000         19.0941
  317         10.0100         32.0000         33.0000          4.0000         19.8213
  305         10.0100         32.0000         33.0000          1.0000         17.1051
  309         10.0100         32.0000         33.0000          2.0000         18.3079
  313         10.0100         32.0000         33.0000          3.0000         19.1457
  317         10.0100         32.0000         33.0000          4.0000         19.8723
  305         10.0100         32.0000         33.0000          1.0000         17.1099
  309         10.0100         32.0000         33.0000          2.0000         18.3117
  313         10.0100         32.0000         33.0000          3.0000         19.1490
  317         10.0100         32.0000         33.0000          4.0000         19.8753
  305         11.0146         32.0000         33.0000          1.0000         26.5257
  309         11.0146         32.0000         33.0000          2.0000         29.0509
  313         11.0146         32.0000         33.0000          3.0000         30.6936
  317         11.0146         32.0000         33.0000          4.0000         32.0423
  305         11.0146         32.0000         33.0000          1.0000         26.5645
  309         11.0146         32.0000         33.0000          2.0000         29.0946
  313         11.0146         32.0000         33.0000          3.0000         30.7388
  317         11.0146         32.0000         33.0000          4.0000         32.0871
  305         11.0146         32.0000         33.0000          1.0000         26.5692
  309         11.0146         32.0000         33.0000          2.0000         29.0981
  313         11.0146         32.0000         33.0000          3.0000         30.7418
  317         11.0146         32.0000         33.0000          4.0000         32.0898
  305         12.0078         32.0000         33.0000          1.0000         52.6908
  309         12.0078         32.0000         33.0000          2.0000         56.0671
  313         12.0078         32.0000         33.0000          3.0000         58.0410
  317         12.0078         32.0000         33.0000          4.0000         59.6113
  305         12.0078         32.0000         33.0000          1.0000         55.0149
  309         12.0078         32.0000         33.0000          2.0000         57.1612
  313         12.0078         32.0000         33.0000          3.0000         58.6050
  317         12.0078         32.0000         33.0000          4.0000         59.9443
  305         12.0078         32.0000         33.0000          1.0000         55.1277
  309         12.0078         32.0000         33.0000          2.0000         57.2104
  313         12.0078         32.0000         33.0000          3.0000         58.6262
  317         12.0078         32.0000         33.0000          4.0000         59.9521
  305         12.0078         32.0000         33.0000          1.0000         55.1354
  309         12.0078         32.0000         33.0000          2.0000         57.2136
  313         12.0078         32.0000         33.0000          3.0000         58.6278
  317         12.0078         32.0000         33.0000          4.0000         59.9531
  305         13.0162         32.0000         33.0000          1.0000         53.7534
  309         13.0162         32.0000         33.0000          2.0000         56.6106
  313         13.0162         32.0000         33.0000          3.0000         58.3056
  317         13.0162         32.0000         33.0000          4.0000         59.7465
  305         13.0162         32.0000         33.0000          1.0000         53.7380
  309         13.0162         32.0000         33.0000          2.0000         56.5891
  313         13.0162         32.0000         33.0000          3.0000         58.2822
  317         13.0162         32.0000         33.0000          4.0000         59.7229
  305         14.0010         32.0000         33.0000          1.0000         62.7912
  309         14.0010         32.0000         33.0000          2.0000         65.9544
  313         14.0010         32.0000         33.0000          3.0000         68.0778
  317         14.0010         32.0000         33.0000          4.0000         69.9683
  305         14.0010         32.0000         33.0000          1.0000         63.1634
  309         14.0010         32.0000         33.0000          2.0000         66.3418
  313         14.0010         32.0000         33.0000          3.0000         68.4598
  317         14.0010         32.0000         33.0000          4.0000         70.3383
  305         14.0010         32.0000         33.0000          1.0000         63.1896
  309         14.0010         32.0000         33.0000          2.0000         66.3627
  313         14.0010         32.0000         33.0000          3.0000         68.4781
  317         14.0010         32.0000         33.0000          4.0000         70.3551
  305         15.0012         32.0000         33.0000          1.0000         56.6502
  309         15.0012         32.0000         33.0000          2.0000         58.3691
  313         15.0012         32.0000         33.0000          3.0000         59.4152
  317         15.0012         32.0000         33.0000          4.0000         60.4099
  305         15.0012         32.0000         33.0000          1.0000         56.2366
  309         15.0012         32.0000         33.0000          2.0000         57.9230
  313         15.0012         32.0000         33.0000          3.0000         58.9638
  317         15.0012         32.0000         33.0000          4.0000         59.9626
  305         15.0012         32.0000         33.0000          1.0000         56.2144
  309         15.0012         32.0000         33.0000          2.0000         57.9027
  313         15.0012         32.0000         33.0000          3.0000         58.9451
  317         15.0012         32.0000         33.0000          4.0000         59.9451
  305         16.0025         32.0000         33.0000          1.0000         80.6942
  309         16.0025         32.0000         33.0000          2.0000         82.3858
  313         16.0025         32.0000         33.0000          3.0000         83.4499
  317         16.0025         32.0000         33.0000          4.0000         84.5058
  305         16.0025         32.0000         33.0000          1.0000         80.6689
  309         16.0025         32.0000         33.0000          2.0000         82.3570
  313         16.0025         32.0000         33.0000          3.0000         83.4207
  317         16.0025         32.0000         33.0000          4.0000         84.4771
  305         16.0025         32.0000         33.0000          1.0000         80.6707
  309         16.0025         32.0000         33.0000          2.0000         82.3572
  313         16.0025         32.0000         33.0000          3.0000         83.4203
  317         16.0025         32.0000         33.0000          4.0000         84.4765
  305         17.0138         32.0000         33.0000          1.0000         68.6254
  309         17.0138         32.0000         33.0000          2.0000         70.3792
  313         17.0138         32.0000         33.0000          3.0000         71.5668
  317         17.0138         32.0000         33.0000          4.0000         72.7385
  305         17.0138         32.0000         33.0000          1.0000         68.8927
  309         17.0138         32.0000         33.0000          2.0000         70.6592
  313         17.0138         32.0000         33.0000          3.0000         71.8444
  317         17.0138         32.0000         33.0000          4.0000         73.0086
  305         17.0138         32.0000         33.0000          1.0000         68.9116
  309         17.0138         32.0000         33.0000          2.0000         70.6750
  313         17.0138         32.0000         33.0000          3.0000         71.8586
  317         17.0138         32.0000         33.0000          4.0000         73.0218
  305         18.0179         32.0000         33.0000          1.0000         60.4831
  309         18.0179         32.0000         33.0000          2.0000         61.5525
  313         18.0179         32.0000         33.0000          3.0000         62.2441
  317         18.0179         32.0000         33.0000          4.0000         63.0146
  305         18.0179         32.0000         33.0000          1.0000         60.2073
  309         18.0179         32.0000         33.0000          2.0000         61.2638
  313         18.0179         32.0000         33.0000          3.0000         61.9584
  317         18.0179         32.0000         33.0000          4.0000         62.7369
  305         18.0179         32.0000         33.0000          1.0000         60.1906
  309         18.0179         32.0000         33.0000          2.0000         61.2493
  313         18.0179         32.0000         33.0000          3.0000         61.9452
  317         18.0179         32.0000         33.0000          4.0000         62.7247
  305         19.0133         32.0000         33.0000          1.0000         34.1626
  309         19.0133         32.0000         33.0000          2.0000         34.7724
  313         19.0133         32.0000         33.0000          3.0000         35.1049
  317         19.0133         32.0000         33.0000          4.0000         37.2504
  305         19.0133         32.0000         33.0000          1.0000         34.1381
  309         19.0133         32.0000         33.0000          2.0000         34.7455
  313         19.0133         32.0000         33.0000          3.0000         35.0778
  317         19.0133         32.0000         33.0000          4.0000         37.2230
  305         20.0143         32.0000         33.0000          1.0000         16.9786
  309         20.0143         32.0000         33.0000          2.0000         17.1739
  313         20.0143         32.0000         33.0000          3.0000         17.2286
  317         20.0143         32.0000         33.0000          4.0000         17.6549
  305         20.0143         32.0000         33.0000          1.0000         16.9605
  309         20.0143         32.0000         33.0000          2.0000         17.1544
  313         20.0143         32.0000         33.0000          3.0000         17.2091
  317         20.0143         32.0000         33.0000          4.0000         17.6354
  305         21.0154         32.0000         33.0000          1.0000         13.8367
  309         21.0154         32.0000         33.0000          2.0000         13.9286
  313         21.0154         32.0000         33.0000          3.0000         13.9199
  317         21.0154         32.0000         33.0000          4.0000         14.1016
  305         21.0154         32.0000         33.0000          1.0000         13.8249
  309         21.0154         32.0000         33.0000          2.0000         13.9153
  313         21.0154         32.0000         33.0000          3.0000         13.9063
  317         21.0154         32.0000         33.0000          4.0000         14.0882
  305         22.0091         32.0000         33.0000          1.0000          7.4478
  309         22.0091         32.0000         33.0000          2.0000          7.4535
  313         22.0091         32.0000         33.0000          3.0000          7.4192
  317         22.0091         32.0000         33.0000          4.0000          7.4586
  305         22.0091         32.0000         33.0000          1.0000          7.4381
  309         22.0091         32.0000         33.0000          2.0000          7.4429
  313         22.0091         32.0000         33.0000          3.0000          7.4084
  317         22.0091         32.0000         33.0000          4.0000          7.4478
  305         23.0248         32.0000         33.0000          1.0000          4.7629
  309         23.0248         32.0000         33.0000          2.0000          4.7346
  313         23.0248         32.0000         33.0000          3.0000          4.6905
  317         23.0248         32.0000         33.0000          4.0000          4.6881
  305         23.0248         32.0000         33.0000          1.0000          4.7538
  309         23.0248         32.0000         33.0000          2.0000          4.7249
  313         23.0248         32.0000         33.0000          3.0000          4.6807
  317         23.0248         32.0000         33.0000          4.0000          4.6782
