  290          1.0064         34.0000         32.0000          1.0000         -5.4214
  291          1.0064         35.0000         32.0000          1.0000         -5.4819
  292          1.0064         36.0000         32.0000          1.0000         -5.5356
  294          1.0064         34.0000         32.0000          2.0000         -5.7424
  295          1.0064         35.0000         32.0000          2.0000         -5.7619
  296          1.0064         36.0000         32.0000          2.0000         -5.7898
  298          1.0064         34.0000         32.0000          3.0000         -6.0203
  299          1.0064         35.0000         32.0000          3.0000         -6.0281
  300          1.0064         36.0000         32.0000          3.0000         -6.0393
  302          1.0064         34.0000         32.0000          4.0000         -6.2788
  303          1.0064         35.0000         32.0000          4.0000         -6.2830
  304          1.0064         36.0000         32.0000          4.0000         -6.2920
  290          1.0064         34.0000         32.0000          1.0000         -5.4216
  291          1.0064         35.0000         32.0000          1.0000         -5.4816
  292          1.0064         36.0000         32.0000          1.0000         -5.5364
  294          1.0064         34.0000         32.0000          2.0000         -5.7460
  295          1.0064         35.0000         32.0000          2.0000         -5.7652
  296          1.0064         36.0000         32.0000          2.0000         -5.7935
  298          1.0064         34.0000         32.0000          3.0000         -6.0249
  299          1.0064         35.0000         32.0000          3.0000         -6.0327
  300          1.0064         36.0000         32.0000          3.0000         -6.0440
  302          1.0064         34.0000         32.0000          4.0000         -6.2838
  303          1.0064         35.0000         32.0000          4.0000         -6.2880
  304          1.0064         36.0000         32.0000          4.0000         -6.2971
  290          2.0400         34.0000         32.0000          1.0000         -5.1895
  291          2.0400         35.0000         32.0000          1.0000         -5.2437
  292          2.0400         36.0000         32.0000          1.0000         -5.2988
  294          2.0400         34.0000         32.0000          2.0000         -5.5152
  295          2.0400         35.0000         32.0000          2.0000         -5.5329
  296          2.0400         36.0000         32.0000          2.0000         -5.5606
  298          2.0400         34.0000         32.0000          3.0000         -5.7871
  299          2.0400         35.0000         32.0000          3.0000         -5.7943
  300          2.0400         36.0000         32.0000          3.0000         -5.8054
  302          2.0400         34.0000         32.0000          4.0000         -6.0388
  303          2.0400         35.0000         32.0000          4.0000         -6.0426
  304          2.0400         36.0000         32.0000          4.0000         -6.0515
  290          2.0400         34.0000         32.0000          1.0000         -5.2206
  291          2.0400         35.0000         32.0000          1.0000         -5.2748
  292          2.0400         36.0000         32.0000          1.0000         -5.3314
  294          2.0400         34.0000         32.0000          2.0000         -5.5515
  295          2.0400         35.0000         32.0000          2.0000         -5.5692
  296          2.0400         36.0000         32.0000          2.0000         -5.5975
  298          2.0400         34.0000         32.0000          3.0000         -5.8260
  299          2.0400         35.0000         32.0000          3.0000         -5.8332
  300          2.0400         36.0000         32.0000          3.0000         -5.8445
  302          2.0400         34.0000         32.0000          4.0000         -6.0794
  303          2.0400         35.0000         32.0000          4.0000         -6.0833
  304          2.0400         36.0000         32.0000          4.0000         -6.0923
  290          3.0193         34.0000         32.0000          1.0000         -4.5720
  291          3.0193         35.0000         32.0000          1.0000         -4.6222
  292          3.0193         36.0000         32.0000          1.0000         -4.6758
  294          3.0193         34.0000         32.0000          2.0000         -4.8681
  295          3.0193         35.0000         32.0000          2.0000         -4.8846
  296          3.0193         36.0000         32.0000          2.0000         -4.9111
  298          3.0193         34.0000         32.0000          3.0000         -5.1052
  299          3.0193         35.0000         32.0000          3.0000         -5.1119
  300          3.0193         36.0000         32.0000          3.0000         -5.1228
  302          3.0193         34.0000         32.0000          4.0000         -5.3137
  303          3.0193         35.0000         32.0000          4.0000         -5.3173
  304          3.0193         36.0000         32.0000          4.0000         -5.3256
  290          3.0193         34.0000         32.0000          1.0000         -4.5726
  291          3.0193         35.0000         32.0000          1.0000         -4.6224
  292          3.0193         36.0000         32.0000          1.0000         -4.6770
  294          3.0193         34.0000         32.0000          2.0000         -4.8713
  295          3.0193         35.0000         32.0000          2.0000         -4.8878
  296          3.0193         36.0000         32.0000          2.0000         -4.9145
  298          3.0193         34.0000         32.0000          3.0000         -5.1093
  299          3.0193         35.0000         32.0000          3.0000         -5.1159
  300          3.0193         36.0000         32.0000          3.0000         -5.1269
  302          3.0193         34.0000         32.0000          4.0000         -5.3181
  303          3.0193         35.0000         32.0000          4.0000         -5.3216
  304          3.0193         36.0000         32.0000          4.0000         -5.3300
  290          4.0393         34.0000         32.0000          1.0000         -4.7861
  291          4.0393         35.0000         32.0000          1.0000         -4.8369
  292          4.0393         36.0000         32.0000          1.0000         -4.8941
  294          4.0393         34.0000         32.0000          2.0000         -5.0887
  295          4.0393         35.0000         32.0000          2.0000         -5.1056
  296          4.0393         36.0000         32.0000          2.0000         -5.1332
  298          4.0393         34.0000         32.0000          3.0000         -5.3229
  299          4.0393         35.0000         32.0000          3.0000         -5.3297
  300          4.0393         36.0000         32.0000          3.0000         -5.3411
  302          4.0393         34.0000         32.0000          4.0000         -5.5265
  303          4.0393         35.0000         32.0000          4.0000         -5.5301
  304          4.0393         36.0000         32.0000          4.0000         -5.5386
  290          4.0393         34.0000         32.0000          1.0000         -4.7886
  291          4.0393         35.0000         32.0000          1.0000         -4.8391
  292          4.0393         36.0000         32.0000          1.0000         -4.8971
  294          4.0393         34.0000         32.0000          2.0000         -5.0939
  295          4.0393         35.0000         32.0000          2.0000         -5.1107
  296          4.0393         36.0000         32.0000          2.0000         -5.1386
  298          4.0393         34.0000         32.0000          3.0000         -5.3291
  299          4.0393         35.0000         32.0000          3.0000         -5.3358
  300          4.0393         36.0000         32.0000          3.0000         -5.3474
  302          4.0393         34.0000         32.0000          4.0000         -5.5330
  303          4.0393         35.0000         32.0000          4.0000         -5.5366
  304          4.0393         36.0000         32.0000          4.0000         -5.5452
  290          5.0185         34.0000         32.0000          1.0000         -4.8120
  291          5.0185         35.0000         32.0000          1.0000         -4.8621
  292          5.0185         36.0000         32.0000          1.0000         -4.9216
  294          5.0185         34.0000         32.0000          2.0000         -5.1202
  295          5.0185         35.0000         32.0000          2.0000         -5.1369
  296          5.0185         36.0000         32.0000          2.0000         -5.1653
  298          5.0185         34.0000         32.0000          3.0000         -5.3526
  299          5.0185         35.0000         32.0000          3.0000         -5.3593
  300          5.0185         36.0000         32.0000          3.0000         -5.3711
  302          5.0185         34.0000         32.0000          4.0000         -5.5526
  303          5.0185         35.0000         32.0000          4.0000         -5.5561
  304          5.0185         36.0000         32.0000          4.0000         -5.5648
  290          5.0185         34.0000         32.0000          1.0000         -4.8128
  291          5.0185         35.0000         32.0000          1.0000         -4.8625
  292          5.0185         36.0000         32.0000          1.0000         -4.9229
  294          5.0185         34.0000         32.0000          2.0000         -5.1236
  295          5.0185         35.0000         32.0000          2.0000         -5.1402
  296          5.0185         36.0000         32.0000          2.0000         -5.1689
  298          5.0185         34.0000         32.0000          3.0000         -5.3569
  299          5.0185         35.0000         32.0000          3.0000         -5.3635
  300          5.0185         36.0000         32.0000          3.0000         -5.3754
  302          5.0185         34.0000         32.0000          4.0000         -5.5571
  303          5.0185         35.0000         32.0000          4.0000         -5.5607
  304          5.0185         36.0000         32.0000          4.0000         -5.5694
  290          6.0385         34.0000         32.0000          1.0000         -4.3982
  291          6.0385         35.0000         32.0000          1.0000         -4.4459
  292          6.0385         36.0000         32.0000          1.0000         -4.5040
  294          6.0385         34.0000         32.0000          2.0000         -4.6876
  295          6.0385         35.0000         32.0000          2.0000         -4.7036
  296          6.0385         36.0000         32.0000          2.0000         -4.7309
  298          6.0385         34.0000         32.0000          3.0000         -4.8996
  299          6.0385         35.0000         32.0000          3.0000         -4.9060
  300          6.0385         36.0000         32.0000          3.0000         -4.9175
  302          6.0385         34.0000         32.0000          4.0000         -5.0796
  303          6.0385         35.0000         32.0000          4.0000         -5.0830
  304          6.0385         36.0000         32.0000          4.0000         -5.0913
  290          6.0385         34.0000         32.0000          1.0000         -4.3993
  291          6.0385         35.0000         32.0000          1.0000         -4.4467
  292          6.0385         36.0000         32.0000          1.0000         -4.5056
  294          6.0385         34.0000         32.0000          2.0000         -4.6912
  295          6.0385         35.0000         32.0000          2.0000         -4.7071
  296          6.0385         36.0000         32.0000          2.0000         -4.7347
  298          6.0385         34.0000         32.0000          3.0000         -4.9041
  299          6.0385         35.0000         32.0000          3.0000         -4.9104
  300          6.0385         36.0000         32.0000          3.0000         -4.9220
  302          6.0385         34.0000         32.0000          4.0000         -5.0843
  303          6.0385         35.0000         32.0000          4.0000         -5.0877
  304          6.0385         36.0000         32.0000          4.0000         -5.0960
  290          7.0463         34.0000         32.0000          1.0000         -3.9881
  291          7.0463         35.0000         32.0000          1.0000         -4.0336
  292          7.0463         36.0000         32.0000          1.0000         -4.0900
  294          7.0463         34.0000         32.0000          2.0000         -4.2598
  295          7.0463         35.0000         32.0000          2.0000         -4.2751
  296          7.0463         36.0000         32.0000          2.0000         -4.3014
  298          7.0463         34.0000         32.0000          3.0000         -4.4534
  299          7.0463         35.0000         32.0000          3.0000         -4.4595
  300          7.0463         36.0000         32.0000          3.0000         -4.4707
  302          7.0463         34.0000         32.0000          4.0000         -4.6154
  303          7.0463         35.0000         32.0000          4.0000         -4.6186
  304          7.0463         36.0000         32.0000          4.0000         -4.6265
  290          7.0463         34.0000         32.0000          1.0000         -3.9400
  291          7.0463         35.0000         32.0000          1.0000         -3.9850
  292          7.0463         36.0000         32.0000          1.0000         -4.0414
  294          7.0463         34.0000         32.0000          2.0000         -4.2104
  295          7.0463         35.0000         32.0000          2.0000         -4.2256
  296          7.0463         36.0000         32.0000          2.0000         -4.2519
  298          7.0463         34.0000         32.0000          3.0000         -4.4029
  299          7.0463         35.0000         32.0000          3.0000         -4.4089
  300          7.0463         36.0000         32.0000          3.0000         -4.4200
  302          7.0463         34.0000         32.0000          4.0000         -4.5638
  303          7.0463         35.0000         32.0000          4.0000         -4.5669
  304          7.0463         36.0000         32.0000          4.0000         -4.5748
  290          8.0010         34.0000         32.0000          1.0000         -0.3338
  291          8.0010         35.0000         32.0000          1.0000         -0.3602
  292          8.0010         36.0000         32.0000          1.0000         -0.3797
  294          8.0010         34.0000         32.0000          2.0000         -0.3615
  295          8.0010         35.0000         32.0000          2.0000         -0.3703
  296          8.0010         36.0000         32.0000          2.0000         -0.3797
  298          8.0010         34.0000         32.0000          3.0000         -0.3613
  299          8.0010         35.0000         32.0000          3.0000         -0.3647
  300          8.0010         36.0000         32.0000          3.0000         -0.3696
  302          8.0010         34.0000         32.0000          4.0000         -0.3501
  303          8.0010         35.0000         32.0000          4.0000         -0.3519
  304          8.0010         36.0000         32.0000          4.0000         -0.3545
  290          8.0010         34.0000         32.0000          1.0000         -0.3000
  291          8.0010         35.0000         32.0000          1.0000         -0.3253
  292          8.0010         36.0000         32.0000          1.0000         -0.3444
  294          8.0010         34.0000         32.0000          2.0000         -0.3269
  295          8.0010         35.0000         32.0000          2.0000         -0.3354
  296          8.0010         36.0000         32.0000          2.0000         -0.3446
  298          8.0010         34.0000         32.0000          3.0000         -0.3267
  299          8.0010         35.0000         32.0000          3.0000         -0.3300
  300          8.0010         36.0000         32.0000          3.0000         -0.3348
  302          8.0010         34.0000         32.0000          4.0000         -0.3160
  303          8.0010         35.0000         32.0000          4.0000         -0.3177
  304          8.0010         36.0000         32.0000          4.0000         -0.3202
  290          8.0010         34.0000         32.0000          1.0000         -0.2961
  291          8.0010         35.0000         32.0000          1.0000         -0.3211
  292          8.0010         36.0000         32.0000          1.0000         -0.3404
  294          8.0010         34.0000         32.0000          2.0000         -0.3238
  295          8.0010         35.0000         32.0000          2.0000         -0.3322
  296          8.0010         36.0000         32.0000          2.0000         -0.3414
  298          8.0010         34.0000         32.0000          3.0000         -0.3239
  299          8.0010         35.0000         32.0000          3.0000         -0.3272
  300          8.0010         36.0000         32.0000          3.0000         -0.3320
  302          8.0010         34.0000         32.0000          4.0000         -0.3134
  303          8.0010         35.0000         32.0000          4.0000         -0.3151
  304          8.0010         36.0000         32.0000          4.0000         -0.3177
  290          9.0154         34.0000         32.0000          1.0000         20.9330
  291          9.0154         35.0000         32.0000          1.0000         21.1841
  292          9.0154         36.0000         32.0000          1.0000         21.3583
  294          9.0154         34.0000         32.0000          2.0000         22.3865
  295          9.0154         35.0000         32.0000          2.0000         22.4187
  296          9.0154         36.0000         32.0000          2.0000         22.4853
  298          9.0154         34.0000         32.0000          3.0000         23.4662
  299          9.0154         35.0000         32.0000          3.0000         23.4693
  300          9.0154         36.0000         32.0000          3.0000         23.4765
  302          9.0154         34.0000         32.0000          4.0000         24.4516
  303          9.0154         35.0000         32.0000          4.0000         24.4476
  304          9.0154         36.0000         32.0000          4.0000         24.4559
  290          9.0154         34.0000         32.0000          1.0000         21.0929
  291          9.0154         35.0000         32.0000          1.0000         21.3512
  292          9.0154         36.0000         32.0000          1.0000         21.5276
  294          9.0154         34.0000         32.0000          2.0000         22.5547
  295          9.0154         35.0000         32.0000          2.0000         22.5881
  296          9.0154         36.0000         32.0000          2.0000         22.6555
  298          9.0154         34.0000         32.0000          3.0000         23.6364
  299          9.0154         35.0000         32.0000          3.0000         23.6398
  300          9.0154         36.0000         32.0000          3.0000         23.6471
  302          9.0154         34.0000         32.0000          4.0000         24.6222
  303          9.0154         35.0000         32.0000          4.0000         24.6182
  304          9.0154         36.0000         32.0000          4.0000         24.6265
  290          9.0154         34.0000         32.0000          1.0000         21.1077
  291          9.0154         35.0000         32.0000          1.0000         21.3673
  292          9.0154         36.0000         32.0000          1.0000         21.5430
  294          9.0154         34.0000         32.0000          2.0000         22.5671
  295          9.0154         35.0000         32.0000          2.0000         22.6008
  296          9.0154         36.0000         32.0000          2.0000         22.6680
  298          9.0154         34.0000         32.0000          3.0000         23.6472
  299          9.0154         35.0000         32.0000          3.0000         23.6507
  300          9.0154         36.0000         32.0000          3.0000         23.6580
  302          9.0154         34.0000         32.0000          4.0000         24.6318
  303          9.0154         35.0000         32.0000          4.0000         24.6279
  304          9.0154         36.0000         32.0000          4.0000         24.6362
  290         10.0100         34.0000         32.0000          1.0000         59.7850
  291         10.0100         35.0000         32.0000          1.0000         60.9528
  292         10.0100         36.0000         32.0000          1.0000         61.5452
  294         10.0100         34.0000         32.0000          2.0000         63.7842
  295         10.0100         35.0000         32.0000          2.0000         63.9805
  296         10.0100         36.0000         32.0000          2.0000         64.2396
  298         10.0100         34.0000         32.0000          3.0000         66.4296
  299         10.0100         35.0000         32.0000          3.0000         66.4848
  300         10.0100         36.0000         32.0000          3.0000         66.5560
  302         10.0100         34.0000         32.0000          4.0000         68.8162
  303         10.0100         35.0000         32.0000          4.0000         68.8338
  304         10.0100         36.0000         32.0000          4.0000         68.8858
  290         10.0100         34.0000         32.0000          1.0000         60.0437
  291         10.0100         35.0000         32.0000          1.0000         61.2203
  292         10.0100         36.0000         32.0000          1.0000         61.8147
  294         10.0100         34.0000         32.0000          2.0000         64.0532
  295         10.0100         35.0000         32.0000          2.0000         64.2513
  296         10.0100         36.0000         32.0000          2.0000         64.5113
  298         10.0100         34.0000         32.0000          3.0000         66.7029
  299         10.0100         35.0000         32.0000          3.0000         66.7587
  300         10.0100         36.0000         32.0000          3.0000         66.8302
  302         10.0100         34.0000         32.0000          4.0000         69.0903
  303         10.0100         35.0000         32.0000          4.0000         69.1081
  304         10.0100         36.0000         32.0000          4.0000         69.1603
  290         10.0100         34.0000         32.0000          1.0000         60.0581
  291         10.0100         35.0000         32.0000          1.0000         61.2362
  292         10.0100         36.0000         32.0000          1.0000         61.8288
  294         10.0100         34.0000         32.0000          2.0000         64.0614
  295         10.0100         35.0000         32.0000          2.0000         64.2600
  296         10.0100         36.0000         32.0000          2.0000         64.5193
  298         10.0100         34.0000         32.0000          3.0000         66.7082
  299         10.0100         35.0000         32.0000          3.0000         66.7641
  300         10.0100         36.0000         32.0000          3.0000         66.8354
  302         10.0100         34.0000         32.0000          4.0000         69.0938
  303         10.0100         35.0000         32.0000          4.0000         69.1117
  304         10.0100         36.0000         32.0000          4.0000         69.1638
  290         11.0146         34.0000         32.0000          1.0000        103.8596
  291         11.0146         35.0000         32.0000          1.0000        105.1015
  292         11.0146         36.0000         32.0000          1.0000        106.6059
  294         11.0146         34.0000         32.0000          2.0000        110.6177
  295         11.0146         35.0000         32.0000          2.0000        110.8698
  296         11.0146         36.0000         32.0000          2.0000        111.3467
  298         11.0146         34.0000         32.0000          3.0000        115.1807
  299         11.0146         35.0000         32.0000          3.0000        115.2572
  300         11.0146         36.0000         32.0000          3.0000        115.3904
  302         11.0146         34.0000         32.0000          4.0000        119.3170
  303         11.0146         35.0000         32.0000          4.0000        119.3440
  304         11.0146         36.0000         32.0000          4.0000        119.4429
  290         11.0146         34.0000         32.0000          1.0000        103.9718
  291         11.0146         35.0000         32.0000          1.0000        105.2196
  292         11.0146         36.0000         32.0000          1.0000        106.7284
  294         11.0146         34.0000         32.0000          2.0000        110.7305
  295         11.0146         35.0000         32.0000          2.0000        110.9841
  296         11.0146         36.0000         32.0000          2.0000        111.4617
  298         11.0146         34.0000         32.0000          3.0000        115.2902
  299         11.0146         35.0000         32.0000          3.0000        115.3672
  300         11.0146         36.0000         32.0000          3.0000        115.5006
  302         11.0146         34.0000         32.0000          4.0000        119.4226
  303         11.0146         35.0000         32.0000          4.0000        119.4498
  304         11.0146         36.0000         32.0000          4.0000        119.5488
  290         11.0146         34.0000         32.0000          1.0000        103.9838
  291         11.0146         35.0000         32.0000          1.0000        105.2320
  292         11.0146         36.0000         32.0000          1.0000        106.7405
  294         11.0146         34.0000         32.0000          2.0000        110.7404
  295         11.0146         35.0000         32.0000          2.0000        110.9941
  296         11.0146         36.0000         32.0000          2.0000        111.4715
  298         11.0146         34.0000         32.0000          3.0000        115.2989
  299         11.0146         35.0000         32.0000          3.0000        115.3760
  300         11.0146         36.0000         32.0000          3.0000        115.5093
  302         11.0146         34.0000         32.0000          4.0000        119.4306
  303         11.0146         35.0000         32.0000          4.0000        119.4578
  304         11.0146         36.0000         32.0000          4.0000        119.5568
  290         12.0078         34.0000         32.0000          1.0000        126.9206
  291         12.0078         35.0000         32.0000          1.0000        127.3768
  292         12.0078         36.0000         32.0000          1.0000        129.5885
  294         12.0078         34.0000         32.0000          2.0000        135.5211
  295         12.0078         35.0000         32.0000          2.0000        135.6279
  296         12.0078         36.0000         32.0000          2.0000        136.1928
  298         12.0078         34.0000         32.0000          3.0000        140.7154
  299         12.0078         35.0000         32.0000          3.0000        140.7579
  300         12.0078         36.0000         32.0000          3.0000        140.9200
  302         12.0078         34.0000         32.0000          4.0000        145.2484
  303         12.0078         35.0000         32.0000          4.0000        145.2720
  304         12.0078         36.0000         32.0000          4.0000        145.3951
  290         12.0078         34.0000         32.0000          1.0000        127.2632
  291         12.0078         35.0000         32.0000          1.0000        127.2600
  292         12.0078         36.0000         32.0000          1.0000        128.2909
  294         12.0078         34.0000         32.0000          2.0000        135.7368
  295         12.0078         35.0000         32.0000          2.0000        135.6362
  296         12.0078         36.0000         32.0000          2.0000        135.9900
  298         12.0078         34.0000         32.0000          3.0000        140.8593
  299         12.0078         35.0000         32.0000          3.0000        140.8299
  300         12.0078         36.0000         32.0000          3.0000        140.9361
  302         12.0078         34.0000         32.0000          4.0000        145.3641
  303         12.0078         35.0000         32.0000          4.0000        145.3631
  304         12.0078         36.0000         32.0000          4.0000        145.4657
  290         12.0078         34.0000         32.0000          1.0000        127.2889
  291         12.0078         35.0000         32.0000          1.0000        127.2546
  292         12.0078         36.0000         32.0000          1.0000        128.2088
  294         12.0078         34.0000         32.0000          2.0000        135.7533
  295         12.0078         35.0000         32.0000          2.0000        135.6375
  296         12.0078         36.0000         32.0000          2.0000        135.9753
  298         12.0078         34.0000         32.0000          3.0000        140.8708
  299         12.0078         35.0000         32.0000          3.0000        140.8349
  300         12.0078         36.0000         32.0000          3.0000        140.9360
  302         12.0078         34.0000         32.0000          4.0000        145.3732
  303         12.0078         35.0000         32.0000          4.0000        145.3695
  304         12.0078         36.0000         32.0000          4.0000        145.4696
  290         12.0078         34.0000         32.0000          1.0000        127.2924
  291         12.0078         35.0000         32.0000          1.0000        127.2569
  292         12.0078         36.0000         32.0000          1.0000        128.2114
  294         12.0078         34.0000         32.0000          2.0000        135.7551
  295         12.0078         35.0000         32.0000          2.0000        135.6391
  296         12.0078         36.0000         32.0000          2.0000        135.9767
  298         12.0078         34.0000         32.0000          3.0000        140.8721
  299         12.0078         35.0000         32.0000          3.0000        140.8361
  300         12.0078         36.0000         32.0000          3.0000        140.9371
  302         12.0078         34.0000         32.0000          4.0000        145.3742
  303         12.0078         35.0000         32.0000          4.0000        145.3705
  304         12.0078         36.0000         32.0000          4.0000        145.4705
  290         13.0162         34.0000         32.0000          1.0000        136.8967
  291         13.0162         35.0000         32.0000          1.0000        136.9390
  292         13.0162         36.0000         32.0000          1.0000        138.5026
  294         13.0162         34.0000         32.0000          2.0000        146.5626
  295         13.0162         35.0000         32.0000          2.0000        146.5233
  296         13.0162         36.0000         32.0000          2.0000        147.0246
  298         13.0162         34.0000         32.0000          3.0000        151.8948
  299         13.0162         35.0000         32.0000          3.0000        151.8819
  300         13.0162         36.0000         32.0000          3.0000        152.0464
  302         13.0162         34.0000         32.0000          4.0000        156.4410
  303         13.0162         35.0000         32.0000          4.0000        156.4445
  304         13.0162         36.0000         32.0000          4.0000        156.5711
  290         13.0162         34.0000         32.0000          1.0000        136.8746
  291         13.0162         35.0000         32.0000          1.0000        136.9164
  292         13.0162         36.0000         32.0000          1.0000        138.4738
  294         13.0162         34.0000         32.0000          2.0000        146.5223
  295         13.0162         35.0000         32.0000          2.0000        146.4830
  296         13.0162         36.0000         32.0000          2.0000        146.9824
  298         13.0162         34.0000         32.0000          3.0000        151.8502
  299         13.0162         35.0000         32.0000          3.0000        151.8373
  300         13.0162         36.0000         32.0000          3.0000        152.0011
  302         13.0162         34.0000         32.0000          4.0000        156.3957
  303         13.0162         35.0000         32.0000          4.0000        156.3992
  304         13.0162         36.0000         32.0000          4.0000        156.5254
  290         14.0010         34.0000         32.0000          1.0000        159.5130
  291         14.0010         35.0000         32.0000          1.0000        159.4458
  292         14.0010         36.0000         32.0000          1.0000        160.8199
  294         14.0010         34.0000         32.0000          2.0000        169.8284
  295         14.0010         35.0000         32.0000          2.0000        169.7732
  296         14.0010         36.0000         32.0000          2.0000        170.3085
  298         14.0010         34.0000         32.0000          3.0000        176.3959
  299         14.0010         35.0000         32.0000          3.0000        176.3835
  300         14.0010         36.0000         32.0000          3.0000        176.5511
  302         14.0010         34.0000         32.0000          4.0000        182.1629
  303         14.0010         35.0000         32.0000          4.0000        182.1666
  304         14.0010         36.0000         32.0000          4.0000        182.3090
  290         14.0010         34.0000         32.0000          1.0000        160.2858
  291         14.0010         35.0000         32.0000          1.0000        160.2202
  292         14.0010         36.0000         32.0000          1.0000        161.6118
  294         14.0010         34.0000         32.0000          2.0000        170.6462
  295         14.0010         35.0000         32.0000          2.0000        170.5916
  296         14.0010         36.0000         32.0000          2.0000        171.1342
  298         14.0010         34.0000         32.0000          3.0000        177.2208
  299         14.0010         35.0000         32.0000          3.0000        177.2088
  300         14.0010         36.0000         32.0000          3.0000        177.3796
  302         14.0010         34.0000         32.0000          4.0000        182.9808
  303         14.0010         35.0000         32.0000          4.0000        182.9848
  304         14.0010         36.0000         32.0000          4.0000        183.1286
  290         14.0010         34.0000         32.0000          1.0000        160.3447
  291         14.0010         35.0000         32.0000          1.0000        160.2808
  292         14.0010         36.0000         32.0000          1.0000        161.6690
  294         14.0010         34.0000         32.0000          2.0000        170.6939
  295         14.0010         35.0000         32.0000          2.0000        170.6399
  296         14.0010         36.0000         32.0000          2.0000        171.1813
  298         14.0010         34.0000         32.0000          3.0000        177.2631
  299         14.0010         35.0000         32.0000          3.0000        177.2513
  300         14.0010         36.0000         32.0000          3.0000        177.4216
  302         14.0010         34.0000         32.0000          4.0000        183.0194
  303         14.0010         35.0000         32.0000          4.0000        183.0235
  304         14.0010         36.0000         32.0000          4.0000        183.1670
  290         15.0012         34.0000         32.0000          1.0000        112.3835
  291         15.0012         35.0000         32.0000          1.0000        111.9180
  292         15.0012         36.0000         32.0000          1.0000        112.7354
  294         15.0012         34.0000         32.0000          2.0000        120.4390
  295         15.0012         35.0000         32.0000          2.0000        120.2157
  296         15.0012         36.0000         32.0000          2.0000        120.5262
  298         15.0012         34.0000         32.0000          3.0000        124.6770
  299         15.0012         35.0000         32.0000          3.0000        124.6098
  300         15.0012         36.0000         32.0000          3.0000        124.7162
  302         15.0012         34.0000         32.0000          4.0000        128.1250
  303         15.0012         35.0000         32.0000          4.0000        128.1115
  304         15.0012         36.0000         32.0000          4.0000        128.2051
  290         15.0012         34.0000         32.0000          1.0000        111.4515
  291         15.0012         35.0000         32.0000          1.0000        110.9842
  292         15.0012         36.0000         32.0000          1.0000        111.7713
  294         15.0012         34.0000         32.0000          2.0000        119.4202
  295         15.0012         35.0000         32.0000          2.0000        119.1963
  296         15.0012         36.0000         32.0000          2.0000        119.4955
  298         15.0012         34.0000         32.0000          3.0000        123.6292
  299         15.0012         35.0000         32.0000          3.0000        123.5616
  300         15.0012         36.0000         32.0000          3.0000        123.6635
  302         15.0012         34.0000         32.0000          4.0000        127.0690
  303         15.0012         35.0000         32.0000          4.0000        127.0553
  304         15.0012         36.0000         32.0000          4.0000        127.1468
  290         15.0012         34.0000         32.0000          1.0000        111.3902
  291         15.0012         35.0000         32.0000          1.0000        110.9200
  292         15.0012         36.0000         32.0000          1.0000        111.7093
  294         15.0012         34.0000         32.0000          2.0000        119.3692
  295         15.0012         35.0000         32.0000          2.0000        119.1442
  296         15.0012         36.0000         32.0000          2.0000        119.4442
  298         15.0012         34.0000         32.0000          3.0000        123.5843
  299         15.0012         35.0000         32.0000          3.0000        123.5163
  300         15.0012         36.0000         32.0000          3.0000        123.6184
  302         15.0012         34.0000         32.0000          4.0000        127.0291
  303         15.0012         35.0000         32.0000          4.0000        127.0151
  304         15.0012         36.0000         32.0000          4.0000        127.1069
  290         16.0025         34.0000         32.0000          1.0000        115.6676
  291         16.0025         35.0000         32.0000          1.0000        114.1972
  292         16.0025         36.0000         32.0000          1.0000        114.6728
  294         16.0025         34.0000         32.0000          2.0000        122.4498
  295         16.0025         35.0000         32.0000          2.0000        122.1177
  296         16.0025         36.0000         32.0000          2.0000        122.2813
  298         16.0025         34.0000         32.0000          3.0000        126.4110
  299         16.0025         35.0000         32.0000          3.0000        126.3193
  300         16.0025         36.0000         32.0000          3.0000        126.3773
  302         16.0025         34.0000         32.0000          4.0000        129.8380
  303         16.0025         35.0000         32.0000          4.0000        129.8168
  304         16.0025         36.0000         32.0000          4.0000        129.8927
  290         16.0025         34.0000         32.0000          1.0000        115.4752
  291         16.0025         35.0000         32.0000          1.0000        114.0109
  292         16.0025         36.0000         32.0000          1.0000        114.4832
  294         16.0025         34.0000         32.0000          2.0000        122.2351
  295         16.0025         35.0000         32.0000          2.0000        121.9042
  296         16.0025         36.0000         32.0000          2.0000        122.0668
  298         16.0025         34.0000         32.0000          3.0000        126.1871
  299         16.0025         35.0000         32.0000          3.0000        126.0957
  300         16.0025         36.0000         32.0000          3.0000        126.1533
  302         16.0025         34.0000         32.0000          4.0000        129.6062
  303         16.0025         35.0000         32.0000          4.0000        129.5851
  304         16.0025         36.0000         32.0000          4.0000        129.6607
  290         16.0025         34.0000         32.0000          1.0000        115.4655
  291         16.0025         35.0000         32.0000          1.0000        113.9992
  292         16.0025         36.0000         32.0000          1.0000        114.4737
  294         16.0025         34.0000         32.0000          2.0000        122.2319
  295         16.0025         35.0000         32.0000          2.0000        121.9003
  296         16.0025         36.0000         32.0000          2.0000        122.0638
  298         16.0025         34.0000         32.0000          3.0000        126.1866
  299         16.0025         35.0000         32.0000          3.0000        126.0950
  300         16.0025         36.0000         32.0000          3.0000        126.1529
  302         16.0025         34.0000         32.0000          4.0000        129.6073
  303         16.0025         35.0000         32.0000          4.0000        129.5861
  304         16.0025         36.0000         32.0000          4.0000        129.6619
  290         17.0138         34.0000         32.0000          1.0000         90.5178
  291         17.0138         35.0000         32.0000          1.0000         89.8397
  292         17.0138         36.0000         32.0000          1.0000         90.2786
  294         17.0138         34.0000         32.0000          2.0000         95.5599
  295         17.0138         35.0000         32.0000          2.0000         95.4115
  296         17.0138         36.0000         32.0000          2.0000         95.5668
  298         17.0138         34.0000         32.0000          3.0000         99.0309
  299         17.0138         35.0000         32.0000          3.0000         98.9884
  300         17.0138         36.0000         32.0000          3.0000         99.0319
  302         17.0138         34.0000         32.0000          4.0000        102.1402
  303         17.0138         35.0000         32.0000          4.0000        102.1298
  304         17.0138         36.0000         32.0000          4.0000        102.1902
  290         17.0138         34.0000         32.0000          1.0000         91.2077
  291         17.0138         35.0000         32.0000          1.0000         90.5312
  292         17.0138         36.0000         32.0000          1.0000         90.9838
  294         17.0138         34.0000         32.0000          2.0000         96.2910
  295         17.0138         35.0000         32.0000          2.0000         96.1434
  296         17.0138         36.0000         32.0000          2.0000         96.3038
  298         17.0138         34.0000         32.0000          3.0000         99.7756
  299         17.0138         35.0000         32.0000          3.0000         99.7334
  300         17.0138         36.0000         32.0000          3.0000         99.7791
  302         17.0138         34.0000         32.0000          4.0000        102.8906
  303         17.0138         35.0000         32.0000          4.0000        102.8804
  304         17.0138         36.0000         32.0000          4.0000        102.9419
  290         17.0138         34.0000         32.0000          1.0000         91.2586
  291         17.0138         35.0000         32.0000          1.0000         90.5849
  292         17.0138         36.0000         32.0000          1.0000         91.0330
  294         17.0138         34.0000         32.0000          2.0000         96.3272
  295         17.0138         35.0000         32.0000          2.0000         96.1805
  296         17.0138         36.0000         32.0000          2.0000         96.3393
  298         17.0138         34.0000         32.0000          3.0000         99.8050
  299         17.0138         35.0000         32.0000          3.0000         99.7631
  300         17.0138         36.0000         32.0000          3.0000         99.8083
  302         17.0138         34.0000         32.0000          4.0000        102.9157
  303         17.0138         35.0000         32.0000          4.0000        102.9057
  304         17.0138         36.0000         32.0000          4.0000        102.9669
  290         18.0179         34.0000         32.0000          1.0000         54.3079
  291         18.0179         35.0000         32.0000          1.0000         53.7597
  292         18.0179         36.0000         32.0000          1.0000         54.0081
  294         18.0179         34.0000         32.0000          2.0000         57.0109
  295         18.0179         35.0000         32.0000          2.0000         56.9174
  296         18.0179         36.0000         32.0000          2.0000         57.0038
  298         18.0179         34.0000         32.0000          3.0000         58.9025
  299         18.0179         35.0000         32.0000          3.0000         58.8813
  300         18.0179         36.0000         32.0000          3.0000         58.9094
  302         18.0179         34.0000         32.0000          4.0000         60.6135
  303         18.0179         35.0000         32.0000          4.0000         60.6127
  304         18.0179         36.0000         32.0000          4.0000         60.6501
  290         18.0179         34.0000         32.0000          1.0000         53.8006
  291         18.0179         35.0000         32.0000          1.0000         53.2563
  292         18.0179         36.0000         32.0000          1.0000         53.4876
  294         18.0179         34.0000         32.0000          2.0000         56.4583
  295         18.0179         35.0000         32.0000          2.0000         56.3653
  296         18.0179         36.0000         32.0000          2.0000         56.4456
  298         18.0179         34.0000         32.0000          3.0000         58.3412
  299         18.0179         35.0000         32.0000          3.0000         58.3200
  300         18.0179         36.0000         32.0000          3.0000         58.3456
  302         18.0179         34.0000         32.0000          4.0000         60.0561
  303         18.0179         35.0000         32.0000          4.0000         60.0552
  304         18.0179         36.0000         32.0000          4.0000         60.0915
  290         18.0179         34.0000         32.0000          1.0000         53.7622
  291         18.0179         35.0000         32.0000          1.0000         53.2167
  292         18.0179         36.0000         32.0000          1.0000         53.4497
  294         18.0179         34.0000         32.0000          2.0000         56.4259
  295         18.0179         35.0000         32.0000          2.0000         56.3324
  296         18.0179         36.0000         32.0000          2.0000         56.4133
  298         18.0179         34.0000         32.0000          3.0000         58.3118
  299         18.0179         35.0000         32.0000          3.0000         58.2904
  300         18.0179         36.0000         32.0000          3.0000         58.3163
  302         18.0179         34.0000         32.0000          4.0000         60.0289
  303         18.0179         35.0000         32.0000          4.0000         60.0279
  304         18.0179         36.0000         32.0000          4.0000         60.0643
  290         19.0133         34.0000         32.0000          1.0000         16.7712
  291         19.0133         35.0000         32.0000          1.0000         16.6144
  292         19.0133         36.0000         32.0000          1.0000         16.7065
  294         19.0133         34.0000         32.0000          2.0000         17.5086
  295         19.0133         35.0000         32.0000          2.0000         17.4781
  296         19.0133         36.0000         32.0000          2.0000         17.5047
  298         19.0133         34.0000         32.0000          3.0000         17.9169
  299         19.0133         35.0000         32.0000          3.0000         17.9082
  300         19.0133         36.0000         32.0000          3.0000         17.9169
  302         19.0133         34.0000         32.0000          4.0000         18.2510
  303         19.0133         35.0000         32.0000          4.0000         18.2488
  304         19.0133         36.0000         32.0000          4.0000         18.2569
  290         19.0133         34.0000         32.0000          1.0000         16.7345
  291         19.0133         35.0000         32.0000          1.0000         16.5788
  292         19.0133         36.0000         32.0000          1.0000         16.6676
  294         19.0133         34.0000         32.0000          2.0000         17.4618
  295         19.0133         35.0000         32.0000          2.0000         17.4316
  296         19.0133         36.0000         32.0000          2.0000         17.4571
  298         19.0133         34.0000         32.0000          3.0000         17.8671
  299         19.0133         35.0000         32.0000          3.0000         17.8585
  300         19.0133         36.0000         32.0000          3.0000         17.8667
  302         19.0133         34.0000         32.0000          4.0000         18.2005
  303         19.0133         35.0000         32.0000          4.0000         18.1984
  304         19.0133         36.0000         32.0000          4.0000         18.2063
  290         20.0143         34.0000         32.0000          1.0000         -2.0491
  291         20.0143         35.0000         32.0000          1.0000         -2.1195
  292         20.0143         36.0000         32.0000          1.0000         -2.1261
  294         20.0143         34.0000         32.0000          2.0000         -2.2220
  295         20.0143         35.0000         32.0000          2.0000         -2.2400
  296         20.0143         36.0000         32.0000          2.0000         -2.2521
  298         20.0143         34.0000         32.0000          3.0000         -2.4910
  299         20.0143         35.0000         32.0000          3.0000         -2.4979
  300         20.0143         36.0000         32.0000          3.0000         -2.5015
  302         20.0143         34.0000         32.0000          4.0000         -2.7879
  303         20.0143         35.0000         32.0000          4.0000         -2.7912
  304         20.0143         36.0000         32.0000          4.0000         -2.7967
  290         20.0143         34.0000         32.0000          1.0000         -2.0688
  291         20.0143         35.0000         32.0000          1.0000         -2.1385
  292         20.0143         36.0000         32.0000          1.0000         -2.1473
  294         20.0143         34.0000         32.0000          2.0000         -2.2484
  295         20.0143         35.0000         32.0000          2.0000         -2.2662
  296         20.0143         36.0000         32.0000          2.0000         -2.2791
  298         20.0143         34.0000         32.0000          3.0000         -2.5196
  299         20.0143         35.0000         32.0000          3.0000         -2.5264
  300         20.0143         36.0000         32.0000          3.0000         -2.5303
  302         20.0143         34.0000         32.0000          4.0000         -2.8171
  303         20.0143         35.0000         32.0000          4.0000         -2.8203
  304         20.0143         36.0000         32.0000          4.0000         -2.8260
  290         21.0154         34.0000         32.0000          1.0000         -5.6817
  291         21.0154         35.0000         32.0000          1.0000         -5.7440
  292         21.0154         36.0000         32.0000          1.0000         -5.7734
  294         21.0154         34.0000         32.0000          2.0000         -6.0179
  295         21.0154         35.0000         32.0000          2.0000         -6.0363
  296         21.0154         36.0000         32.0000          2.0000         -6.0576
  298         21.0154         34.0000         32.0000          3.0000         -6.3967
  299         21.0154         35.0000         32.0000          3.0000         -6.4042
  300         21.0154         36.0000         32.0000          3.0000         -6.4113
  302         21.0154         34.0000         32.0000          4.0000         -6.7882
  303         21.0154         35.0000         32.0000          4.0000         -6.7922
  304         21.0154         36.0000         32.0000          4.0000         -6.8006
  290         21.0154         34.0000         32.0000          1.0000         -5.6948
  291         21.0154         35.0000         32.0000          1.0000         -5.7565
  292         21.0154         36.0000         32.0000          1.0000         -5.7882
  294         21.0154         34.0000         32.0000          2.0000         -6.0377
  295         21.0154         35.0000         32.0000          2.0000         -6.0559
  296         21.0154         36.0000         32.0000          2.0000         -6.0780
  298         21.0154         34.0000         32.0000          3.0000         -6.4186
  299         21.0154         35.0000         32.0000          3.0000         -6.4261
  300         21.0154         36.0000         32.0000          3.0000         -6.4335
  302         21.0154         34.0000         32.0000          4.0000         -6.8108
  303         21.0154         35.0000         32.0000          4.0000         -6.8148
  304         21.0154         36.0000         32.0000          4.0000         -6.8234
  290         22.0091         34.0000         32.0000          1.0000         -4.1022
  291         22.0091         35.0000         32.0000          1.0000         -4.1521
  292         22.0091         36.0000         32.0000          1.0000         -4.1840
  294         22.0091         34.0000         32.0000          2.0000         -4.3836
  295         22.0091         35.0000         32.0000          2.0000         -4.3993
  296         22.0091         36.0000         32.0000          2.0000         -4.4193
  298         22.0091         34.0000         32.0000          3.0000         -4.6746
  299         22.0091         35.0000         32.0000          3.0000         -4.6811
  300         22.0091         36.0000         32.0000          3.0000         -4.6884
  302         22.0091         34.0000         32.0000          4.0000         -4.9606
  303         22.0091         35.0000         32.0000          4.0000         -4.9642
  304         22.0091         36.0000         32.0000          4.0000         -4.9715
  290         22.0091         34.0000         32.0000          1.0000         -4.1150
  291         22.0091         35.0000         32.0000          1.0000         -4.1647
  292         22.0091         36.0000         32.0000          1.0000         -4.1978
  294         22.0091         34.0000         32.0000          2.0000         -4.4002
  295         22.0091         35.0000         32.0000          2.0000         -4.4159
  296         22.0091         36.0000         32.0000          2.0000         -4.4364
  298         22.0091         34.0000         32.0000          3.0000         -4.6926
  299         22.0091         35.0000         32.0000          3.0000         -4.6992
  300         22.0091         36.0000         32.0000          3.0000         -4.7066
  302         22.0091         34.0000         32.0000          4.0000         -4.9793
  303         22.0091         35.0000         32.0000          4.0000         -4.9828
  304         22.0091         36.0000         32.0000          4.0000         -4.9903
  290         23.0248         34.0000         32.0000          1.0000         -4.3908
  291         23.0248         35.0000         32.0000          1.0000         -4.4451
  292         23.0248         36.0000         32.0000          1.0000         -4.4840
  294         23.0248         34.0000         32.0000          2.0000         -4.6766
  295         23.0248         35.0000         32.0000          2.0000         -4.6942
  296         23.0248         36.0000         32.0000          2.0000         -4.7170
  298         23.0248         34.0000         32.0000          3.0000         -4.9546
  299         23.0248         35.0000         32.0000          3.0000         -4.9618
  300         23.0248         36.0000         32.0000          3.0000         -4.9707
  302         23.0248         34.0000         32.0000          4.0000         -5.2166
  303         23.0248         35.0000         32.0000          4.0000         -5.2205
  304         23.0248         36.0000         32.0000          4.0000         -5.2284
  290         23.0248         34.0000         32.0000          1.0000         -4.3950
  291         23.0248         35.0000         32.0000          1.0000         -4.4492
  292         23.0248         36.0000         32.0000          1.0000         -4.4890
  294         23.0248         34.0000         32.0000          2.0000         -4.6837
  295         23.0248         35.0000         32.0000          2.0000         -4.7012
  296         23.0248         36.0000         32.0000          2.0000         -4.7243
  298         23.0248         34.0000         32.0000          3.0000         -4.9626
  299         23.0248         35.0000         32.0000          3.0000         -4.9698
  300         23.0248         36.0000         32.0000          3.0000         -4.9788
  302         23.0248         34.0000         32.0000          4.0000         -5.2248
  303         23.0248         35.0000         32.0000          4.0000         -5.2287
  304         23.0248         36.0000         32.0000          4.0000         -5.2367
