  241          1.0064         33.0000         33.0000          4.0000         -4.5088
  242          1.0064         34.0000         33.0000          4.0000         -4.5088
  243          1.0064         35.0000         33.0000          4.0000         -4.5088
  244          1.0064         36.0000         33.0000          4.0000         -4.5088
  245          1.0064         33.0000         34.0000          4.0000         -4.5088
  246          1.0064         34.0000         34.0000          4.0000         -4.5088
  247          1.0064         35.0000         34.0000          4.0000         -4.5088
  248          1.0064         36.0000         34.0000          4.0000         -4.5088
  249          1.0064         33.0000         35.0000          4.0000         -4.5088
  250          1.0064         34.0000         35.0000          4.0000         -4.5088
  251          1.0064         35.0000         35.0000          4.0000         -4.5088
  252          1.0064         36.0000         35.0000          4.0000         -4.5088
  253          1.0064         33.0000         36.0000          4.0000         -4.5088
  254          1.0064         34.0000         36.0000          4.0000         -4.5088
  255          1.0064         35.0000         36.0000          4.0000         -4.5088
  256          1.0064         36.0000         36.0000          4.0000         -4.5088
  241          1.0064         33.0000         33.0000          4.0000         -4.5119
  242          1.0064         34.0000         33.0000          4.0000         -4.5119
  243          1.0064         35.0000         33.0000          4.0000         -4.5119
  244          1.0064         36.0000         33.0000          4.0000         -4.5119
  245          1.0064         33.0000         34.0000          4.0000         -4.5119
  246          1.0064         34.0000         34.0000          4.0000         -4.5119
  247          1.0064         35.0000         34.0000          4.0000         -4.5119
  248          1.0064         36.0000         34.0000          4.0000         -4.5119
  249          1.0064         33.0000         35.0000          4.0000         -4.5119
  250          1.0064         34.0000         35.0000          4.0000         -4.5119
  251          1.0064         35.0000         35.0000          4.0000         -4.5119
  252          1.0064         36.0000         35.0000          4.0000         -4.5119
  253          1.0064         33.0000         36.0000          4.0000         -4.5119
  254          1.0064         34.0000         36.0000          4.0000         -4.5119
  255          1.0064         35.0000         36.0000          4.0000         -4.5119
  256          1.0064         36.0000         36.0000          4.0000         -4.5119
  241          2.0400         33.0000         33.0000          4.0000         -6.9228
  242          2.0400         34.0000         33.0000          4.0000         -6.9228
  243          2.0400         35.0000         33.0000          4.0000         -6.9228
  244          2.0400         36.0000         33.0000          4.0000         -6.9228
  245          2.0400         33.0000         34.0000          4.0000         -6.9228
  246          2.0400         34.0000         34.0000          4.0000         -6.9228
  247          2.0400         35.0000         34.0000          4.0000         -6.9228
  248          2.0400         36.0000         34.0000          4.0000         -6.9228
  249          2.0400         33.0000         35.0000          4.0000         -6.9228
  250          2.0400         34.0000         35.0000          4.0000         -6.9228
  251          2.0400         35.0000         35.0000          4.0000         -6.9228
  252          2.0400         36.0000         35.0000          4.0000         -6.9228
  253          2.0400         33.0000         36.0000          4.0000         -6.9228
  254          2.0400         34.0000         36.0000          4.0000         -6.9228
  255          2.0400         35.0000         36.0000          4.0000         -6.9228
  256          2.0400         36.0000         36.0000          4.0000         -6.9228
  241          2.0400         33.0000         33.0000          4.0000         -6.9246
  242          2.0400         34.0000         33.0000          4.0000         -6.9246
  243          2.0400         35.0000         33.0000          4.0000         -6.9246
  244          2.0400         36.0000         33.0000          4.0000         -6.9246
  245          2.0400         33.0000         34.0000          4.0000         -6.9246
  246          2.0400         34.0000         34.0000          4.0000         -6.9246
  247          2.0400         35.0000         34.0000          4.0000         -6.9246
  248          2.0400         36.0000         34.0000          4.0000         -6.9246
  249          2.0400         33.0000         35.0000          4.0000         -6.9246
  250          2.0400         34.0000         35.0000          4.0000         -6.9246
  251          2.0400         35.0000         35.0000          4.0000         -6.9246
  252          2.0400         36.0000         35.0000          4.0000         -6.9246
  253          2.0400         33.0000         36.0000          4.0000         -6.9246
  254          2.0400         34.0000         36.0000          4.0000         -6.9246
  255          2.0400         35.0000         36.0000          4.0000         -6.9246
  256          2.0400         36.0000         36.0000          4.0000         -6.9246
  241          3.0193         33.0000         33.0000          4.0000         -3.8223
  242          3.0193         34.0000         33.0000          4.0000         -3.8223
  243          3.0193         35.0000         33.0000          4.0000         -3.8223
  244          3.0193         36.0000         33.0000          4.0000         -3.8223
  245          3.0193         33.0000         34.0000          4.0000         -3.8223
  246          3.0193         34.0000         34.0000          4.0000         -3.8223
  247          3.0193         35.0000         34.0000          4.0000         -3.8223
  248          3.0193         36.0000         34.0000          4.0000         -3.8223
  249          3.0193         33.0000         35.0000          4.0000         -3.8223
  250          3.0193         34.0000         35.0000          4.0000         -3.8223
  251          3.0193         35.0000         35.0000          4.0000         -3.8223
  252          3.0193         36.0000         35.0000          4.0000         -3.8223
  253          3.0193         33.0000         36.0000          4.0000         -3.8223
  254          3.0193         34.0000         36.0000          4.0000         -3.8223
  255          3.0193         35.0000         36.0000          4.0000         -3.8223
  256          3.0193         36.0000         36.0000          4.0000         -3.8223
  241          3.0193         33.0000         33.0000          4.0000         -3.8265
  242          3.0193         34.0000         33.0000          4.0000         -3.8265
  243          3.0193         35.0000         33.0000          4.0000         -3.8265
  244          3.0193         36.0000         33.0000          4.0000         -3.8265
  245          3.0193         33.0000         34.0000          4.0000         -3.8265
  246          3.0193         34.0000         34.0000          4.0000         -3.8265
  247          3.0193         35.0000         34.0000          4.0000         -3.8265
  248          3.0193         36.0000         34.0000          4.0000         -3.8265
  249          3.0193         33.0000         35.0000          4.0000         -3.8265
  250          3.0193         34.0000         35.0000          4.0000         -3.8265
  251          3.0193         35.0000         35.0000          4.0000         -3.8265
  252          3.0193         36.0000         35.0000          4.0000         -3.8265
  253          3.0193         33.0000         36.0000          4.0000         -3.8265
  254          3.0193         34.0000         36.0000          4.0000         -3.8265
  255          3.0193         35.0000         36.0000          4.0000         -3.8265
  256          3.0193         36.0000         36.0000          4.0000         -3.8265
  241          4.0393         33.0000         33.0000          4.0000         -4.1552
  242          4.0393         34.0000         33.0000          4.0000         -4.1552
  243          4.0393         35.0000         33.0000          4.0000         -4.1552
  244          4.0393         36.0000         33.0000          4.0000         -4.1552
  245          4.0393         33.0000         34.0000          4.0000         -4.1552
  246          4.0393         34.0000         34.0000          4.0000         -4.1552
  247          4.0393         35.0000         34.0000          4.0000         -4.1552
  248          4.0393         36.0000         34.0000          4.0000         -4.1552
  249          4.0393         33.0000         35.0000          4.0000         -4.1552
  250          4.0393         34.0000         35.0000          4.0000         -4.1552
  251          4.0393         35.0000         35.0000          4.0000         -4.1552
  252          4.0393         36.0000         35.0000          4.0000         -4.1552
  253          4.0393         33.0000         36.0000          4.0000         -4.1552
  254          4.0393         34.0000         36.0000          4.0000         -4.1552
  255          4.0393         35.0000         36.0000          4.0000         -4.1552
  256          4.0393         36.0000         36.0000          4.0000         -4.1552
  241          4.0393         33.0000         33.0000          4.0000         -4.1600
  242          4.0393         34.0000         33.0000          4.0000         -4.1600
  243          4.0393         35.0000         33.0000          4.0000         -4.1600
  244          4.0393         36.0000         33.0000          4.0000         -4.1600
  245          4.0393         33.0000         34.0000          4.0000         -4.1600
  246          4.0393         34.0000         34.0000          4.0000         -4.1600
  247          4.0393         35.0000         34.0000          4.0000         -4.1600
  248          4.0393         36.0000         34.0000          4.0000         -4.1600
  249          4.0393         33.0000         35.0000          4.0000         -4.1600
  250          4.0393         34.0000         35.0000          4.0000         -4.1600
  251          4.0393         35.0000         35.0000          4.0000         -4.1600
  252          4.0393         36.0000         35.0000          4.0000         -4.1600
  253          4.0393         33.0000         36.0000          4.0000         -4.1600
  254          4.0393         34.0000         36.0000          4.0000         -4.1600
  255          4.0393         35.0000         36.0000          4.0000         -4.1600
  256          4.0393         36.0000         36.0000          4.0000         -4.1600
  241          5.0185         33.0000         33.0000          4.0000         -4.3222
  242          5.0185         34.0000         33.0000          4.0000         -4.3222
  243          5.0185         35.0000         33.0000          4.0000         -4.3222
  244          5.0185         36.0000         33.0000          4.0000         -4.3222
  245          5.0185         33.0000         34.0000          4.0000         -4.3222
  246          5.0185         34.0000         34.0000          4.0000         -4.3222
  247          5.0185         35.0000         34.0000          4.0000         -4.3222
  248          5.0185         36.0000         34.0000          4.0000         -4.3222
  249          5.0185         33.0000         35.0000          4.0000         -4.3222
  250          5.0185         34.0000         35.0000          4.0000         -4.3222
  251          5.0185         35.0000         35.0000          4.0000         -4.3222
  252          5.0185         36.0000         35.0000          4.0000         -4.3222
  253          5.0185         33.0000         36.0000          4.0000         -4.3222
  254          5.0185         34.0000         36.0000          4.0000         -4.3222
  255          5.0185         35.0000         36.0000          4.0000         -4.3222
  256          5.0185         36.0000         36.0000          4.0000         -4.3222
  241          5.0185         33.0000         33.0000          4.0000         -4.3259
  242          5.0185         34.0000         33.0000          4.0000         -4.3259
  243          5.0185         35.0000         33.0000          4.0000         -4.3259
  244          5.0185         36.0000         33.0000          4.0000         -4.3259
  245          5.0185         33.0000         34.0000          4.0000         -4.3259
  246          5.0185         34.0000         34.0000          4.0000         -4.3259
  247          5.0185         35.0000         34.0000          4.0000         -4.3259
  248          5.0185         36.0000         34.0000          4.0000         -4.3259
  249          5.0185         33.0000         35.0000          4.0000         -4.3259
  250          5.0185         34.0000         35.0000          4.0000         -4.3259
  251          5.0185         35.0000         35.0000          4.0000         -4.3259
  252          5.0185         36.0000         35.0000          4.0000         -4.3259
  253          5.0185         33.0000         36.0000          4.0000         -4.3259
  254          5.0185         34.0000         36.0000          4.0000         -4.3259
  255          5.0185         35.0000         36.0000          4.0000         -4.3259
  256          5.0185         36.0000         36.0000          4.0000         -4.3259
  241          6.0385         33.0000         33.0000          4.0000         -4.2884
  242          6.0385         34.0000         33.0000          4.0000         -4.2884
  243          6.0385         35.0000         33.0000          4.0000         -4.2884
  244          6.0385         36.0000         33.0000          4.0000         -4.2884
  245          6.0385         33.0000         34.0000          4.0000         -4.2884
  246          6.0385         34.0000         34.0000          4.0000         -4.2884
  247          6.0385         35.0000         34.0000          4.0000         -4.2884
  248          6.0385         36.0000         34.0000          4.0000         -4.2884
  249          6.0385         33.0000         35.0000          4.0000         -4.2884
  250          6.0385         34.0000         35.0000          4.0000         -4.2884
  251          6.0385         35.0000         35.0000          4.0000         -4.2884
  252          6.0385         36.0000         35.0000          4.0000         -4.2884
  253          6.0385         33.0000         36.0000          4.0000         -4.2884
  254          6.0385         34.0000         36.0000          4.0000         -4.2884
  255          6.0385         35.0000         36.0000          4.0000         -4.2884
  256          6.0385         36.0000         36.0000          4.0000         -4.2884
  241          6.0385         33.0000         33.0000          4.0000         -4.2919
  242          6.0385         34.0000         33.0000          4.0000         -4.2919
  243          6.0385         35.0000         33.0000          4.0000         -4.2919
  244          6.0385         36.0000         33.0000          4.0000         -4.2919
  245          6.0385         33.0000         34.0000          4.0000         -4.2919
  246          6.0385         34.0000         34.0000          4.0000         -4.2919
  247          6.0385         35.0000         34.0000          4.0000         -4.2919
  248          6.0385         36.0000         34.0000          4.0000         -4.2919
  249          6.0385         33.0000         35.0000          4.0000         -4.2919
  250          6.0385         34.0000         35.0000          4.0000         -4.2919
  251          6.0385         35.0000         35.0000          4.0000         -4.2919
  252          6.0385         36.0000         35.0000          4.0000         -4.2919
  253          6.0385         33.0000         36.0000          4.0000         -4.2919
  254          6.0385         34.0000         36.0000          4.0000         -4.2919
  255          6.0385         35.0000         36.0000          4.0000         -4.2919
  256          6.0385         36.0000         36.0000          4.0000         -4.2919
  241          7.0463         33.0000         33.0000          4.0000         -4.1439
  242          7.0463         34.0000         33.0000          4.0000         -4.1439
  243          7.0463         35.0000         33.0000          4.0000         -4.1439
  244          7.0463         36.0000         33.0000          4.0000         -4.1439
  245          7.0463         33.0000         34.0000          4.0000         -4.1439
  246          7.0463         34.0000         34.0000          4.0000         -4.1439
  247          7.0463         35.0000         34.0000          4.0000         -4.1439
  248          7.0463         36.0000         34.0000          4.0000         -4.1439
  249          7.0463         33.0000         35.0000          4.0000         -4.1439
  250          7.0463         34.0000         35.0000          4.0000         -4.1439
  251          7.0463         35.0000         35.0000          4.0000         -4.1439
  252          7.0463         36.0000         35.0000          4.0000         -4.1439
  253          7.0463         33.0000         36.0000          4.0000         -4.1439
  254          7.0463         34.0000         36.0000          4.0000         -4.1439
  255          7.0463         35.0000         36.0000          4.0000         -4.1439
  256          7.0463         36.0000         36.0000          4.0000         -4.1439
  241          7.0463         33.0000         33.0000          4.0000         -4.1387
  242          7.0463         34.0000         33.0000          4.0000         -4.1387
  243          7.0463         35.0000         33.0000          4.0000         -4.1387
  244          7.0463         36.0000         33.0000          4.0000         -4.1387
  245          7.0463         33.0000         34.0000          4.0000         -4.1387
  246          7.0463         34.0000         34.0000          4.0000         -4.1387
  247          7.0463         35.0000         34.0000          4.0000         -4.1387
  248          7.0463         36.0000         34.0000          4.0000         -4.1387
  249          7.0463         33.0000         35.0000          4.0000         -4.1387
  250          7.0463         34.0000         35.0000          4.0000         -4.1387
  251          7.0463         35.0000         35.0000          4.0000         -4.1387
  252          7.0463         36.0000         35.0000          4.0000         -4.1387
  253          7.0463         33.0000         36.0000          4.0000         -4.1387
  254          7.0463         34.0000         36.0000          4.0000         -4.1387
  255          7.0463         35.0000         36.0000          4.0000         -4.1387
  256          7.0463         36.0000         36.0000          4.0000         -4.1387
  241          8.0010         33.0000         33.0000          4.0000         -3.4241
  242          8.0010         34.0000         33.0000          4.0000         -3.4241
  243          8.0010         35.0000         33.0000          4.0000         -3.4241
  244          8.0010         36.0000         33.0000          4.0000         -3.4241
  245          8.0010         33.0000         34.0000          4.0000         -3.4241
  246          8.0010         34.0000         34.0000          4.0000         -3.4241
  247          8.0010         35.0000         34.0000          4.0000         -3.4241
  248          8.0010         36.0000         34.0000          4.0000         -3.4241
  249          8.0010         33.0000         35.0000          4.0000         -3.4241
  250          8.0010         34.0000         35.0000          4.0000         -3.4241
  251          8.0010         35.0000         35.0000          4.0000         -3.4241
  252          8.0010         36.0000         35.0000          4.0000         -3.4241
  253          8.0010         33.0000         36.0000          4.0000         -3.4241
  254          8.0010         34.0000         36.0000          4.0000         -3.4241
  255          8.0010         35.0000         36.0000          4.0000         -3.4241
  256          8.0010         36.0000         36.0000          4.0000         -3.4241
  241          8.0010         33.0000         33.0000          4.0000         -3.4168
  242          8.0010         34.0000         33.0000          4.0000         -3.4168
  243          8.0010         35.0000         33.0000          4.0000         -3.4168
  244          8.0010         36.0000         33.0000          4.0000         -3.4168
  245          8.0010         33.0000         34.0000          4.0000         -3.4168
  246          8.0010         34.0000         34.0000          4.0000         -3.4168
  247          8.0010         35.0000         34.0000          4.0000         -3.4168
  248          8.0010         36.0000         34.0000          4.0000         -3.4168
  249          8.0010         33.0000         35.0000          4.0000         -3.4168
  250          8.0010         34.0000         35.0000          4.0000         -3.4168
  251          8.0010         35.0000         35.0000          4.0000         -3.4168
  252          8.0010         36.0000         35.0000          4.0000         -3.4168
  253          8.0010         33.0000         36.0000          4.0000         -3.4168
  254          8.0010         34.0000         36.0000          4.0000         -3.4168
  255          8.0010         35.0000         36.0000          4.0000         -3.4168
  256          8.0010         36.0000         36.0000          4.0000         -3.4168
  241          8.0010         33.0000         33.0000          4.0000         -3.4169
  242          8.0010         34.0000         33.0000          4.0000         -3.4169
  243          8.0010         35.0000         33.0000          4.0000         -3.4169
  244          8.0010         36.0000         33.0000          4.0000         -3.4169
  245          8.0010         33.0000         34.0000          4.0000         -3.4169
  246          8.0010         34.0000         34.0000          4.0000         -3.4169
  247          8.0010         35.0000         34.0000          4.0000         -3.4169
  248          8.0010         36.0000         34.0000          4.0000         -3.4169
  249          8.0010         33.0000         35.0000          4.0000         -3.4169
  250          8.0010         34.0000         35.0000          4.0000         -3.4169
  251          8.0010         35.0000         35.0000          4.0000         -3.4169
  252          8.0010         36.0000         35.0000          4.0000         -3.4169
  253          8.0010         33.0000         36.0000          4.0000         -3.4169
  254          8.0010         34.0000         36.0000          4.0000         -3.4169
  255          8.0010         35.0000         36.0000          4.0000         -3.4169
  256          8.0010         36.0000         36.0000          4.0000         -3.4169
  241          9.0154         33.0000         33.0000          4.0000         -0.9621
  242          9.0154         34.0000         33.0000          4.0000         -0.9621
  243          9.0154         35.0000         33.0000          4.0000         -0.9621
  244          9.0154         36.0000         33.0000          4.0000         -0.9621
  245          9.0154         33.0000         34.0000          4.0000         -0.9621
  246          9.0154         34.0000         34.0000          4.0000         -0.9621
  247          9.0154         35.0000         34.0000          4.0000         -0.9621
  248          9.0154         36.0000         34.0000          4.0000         -0.9621
  249          9.0154         33.0000         35.0000          4.0000         -0.9621
  250          9.0154         34.0000         35.0000          4.0000         -0.9621
  251          9.0154         35.0000         35.0000          4.0000         -0.9621
  252          9.0154         36.0000         35.0000          4.0000         -0.9621
  253          9.0154         33.0000         36.0000          4.0000         -0.9621
  254          9.0154         34.0000         36.0000          4.0000         -0.9621
  255          9.0154         35.0000         36.0000          4.0000         -0.9621
  256          9.0154         36.0000         36.0000          4.0000         -0.9621
  241          9.0154         33.0000         33.0000          4.0000         -0.9572
  242          9.0154         34.0000         33.0000          4.0000         -0.9572
  243          9.0154         35.0000         33.0000          4.0000         -0.9572
  244          9.0154         36.0000         33.0000          4.0000         -0.9572
  245          9.0154         33.0000         34.0000          4.0000         -0.9572
  246          9.0154         34.0000         34.0000          4.0000         -0.9572
  247          9.0154         35.0000         34.0000          4.0000         -0.9572
  248          9.0154         36.0000         34.0000          4.0000         -0.9572
  249          9.0154         33.0000         35.0000          4.0000         -0.9572
  250          9.0154         34.0000         35.0000          4.0000         -0.9572
  251          9.0154         35.0000         35.0000          4.0000         -0.9572
  252          9.0154         36.0000         35.0000          4.0000         -0.9572
  253          9.0154         33.0000         36.0000          4.0000         -0.9572
  254          9.0154         34.0000         36.0000          4.0000         -0.9572
  255          9.0154         35.0000         36.0000          4.0000         -0.9572
  256          9.0154         36.0000         36.0000          4.0000         -0.9572
  241          9.0154         33.0000         33.0000          4.0000         -0.9572
  242          9.0154         34.0000         33.0000          4.0000         -0.9572
  243          9.0154         35.0000         33.0000          4.0000         -0.9572
  244          9.0154         36.0000         33.0000          4.0000         -0.9572
  245          9.0154         33.0000         34.0000          4.0000         -0.9572
  246          9.0154         34.0000         34.0000          4.0000         -0.9572
  247          9.0154         35.0000         34.0000          4.0000         -0.9572
  248          9.0154         36.0000         34.0000          4.0000         -0.9572
  249          9.0154         33.0000         35.0000          4.0000         -0.9572
  250          9.0154         34.0000         35.0000          4.0000         -0.9572
  251          9.0154         35.0000         35.0000          4.0000         -0.9572
  252          9.0154         36.0000         35.0000          4.0000         -0.9572
  253          9.0154         33.0000         36.0000          4.0000         -0.9572
  254          9.0154         34.0000         36.0000          4.0000         -0.9572
  255          9.0154         35.0000         36.0000          4.0000         -0.9572
  256          9.0154         36.0000         36.0000          4.0000         -0.9572
  241         10.0100         33.0000         33.0000          4.0000         14.4389
  242         10.0100         34.0000         33.0000          4.0000         14.4389
  243         10.0100         35.0000         33.0000          4.0000         14.4389
  244         10.0100         36.0000         33.0000          4.0000         14.4389
  245         10.0100         33.0000         34.0000          4.0000         14.4389
  246         10.0100         34.0000         34.0000          4.0000         14.4389
  247         10.0100         35.0000         34.0000          4.0000         14.4389
  248         10.0100         36.0000         34.0000          4.0000         14.4389
  249         10.0100         33.0000         35.0000          4.0000         14.4389
  250         10.0100         34.0000         35.0000          4.0000         14.4389
  251         10.0100         35.0000         35.0000          4.0000         14.4389
  252         10.0100         36.0000         35.0000          4.0000         14.4389
  253         10.0100         33.0000         36.0000          4.0000         14.4389
  254         10.0100         34.0000         36.0000          4.0000         14.4389
  255         10.0100         35.0000         36.0000          4.0000         14.4389
  256         10.0100         36.0000         36.0000          4.0000         14.4389
  241         10.0100         33.0000         33.0000          4.0000         14.4534
  242         10.0100         34.0000         33.0000          4.0000         14.4534
  243         10.0100         35.0000         33.0000          4.0000         14.4534
  244         10.0100         36.0000         33.0000          4.0000         14.4534
  245         10.0100         33.0000         34.0000          4.0000         14.4534
  246         10.0100         34.0000         34.0000          4.0000         14.4534
  247         10.0100         35.0000         34.0000          4.0000         14.4534
  248         10.0100         36.0000         34.0000          4.0000         14.4534
  249         10.0100         33.0000         35.0000          4.0000         14.4534
  250         10.0100         34.0000         35.0000          4.0000         14.4534
  251         10.0100         35.0000         35.0000          4.0000         14.4534
  252         10.0100         36.0000         35.0000          4.0000         14.4534
  253         10.0100         33.0000         36.0000          4.0000         14.4534
  254         10.0100         34.0000         36.0000          4.0000         14.4534
  255         10.0100         35.0000         36.0000          4.0000         14.4534
  256         10.0100         36.0000         36.0000          4.0000         14.4534
  241         10.0100         33.0000         33.0000          4.0000         14.4532
  242         10.0100         34.0000         33.0000          4.0000         14.4532
  243         10.0100         35.0000         33.0000          4.0000         14.4532
  244         10.0100         36.0000         33.0000          4.0000         14.4532
  245         10.0100         33.0000         34.0000          4.0000         14.4532
  246         10.0100         34.0000         34.0000          4.0000         14.4532
  247         10.0100         35.0000         34.0000          4.0000         14.4532
  248         10.0100         36.0000         34.0000          4.0000         14.4532
  249         10.0100         33.0000         35.0000          4.0000         14.4532
  250         10.0100         34.0000         35.0000          4.0000         14.4532
  251         10.0100         35.0000         35.0000          4.0000         14.4532
  252         10.0100         36.0000         35.0000          4.0000         14.4532
  253         10.0100         33.0000         36.0000          4.0000         14.4532
  254         10.0100         34.0000         36.0000          4.0000         14.4532
  255         10.0100         35.0000         36.0000          4.0000         14.4532
  256         10.0100         36.0000         36.0000          4.0000         14.4532
  241         11.0146         33.0000         33.0000          4.0000         39.5370
  242         11.0146         34.0000         33.0000          4.0000         39.5370
  243         11.0146         35.0000         33.0000          4.0000         39.5370
  244         11.0146         36.0000         33.0000          4.0000         39.5370
  245         11.0146         33.0000         34.0000          4.0000         39.5370
  246         11.0146         34.0000         34.0000          4.0000         39.5370
  247         11.0146         35.0000         34.0000          4.0000         39.5370
  248         11.0146         36.0000         34.0000          4.0000         39.5370
  249         11.0146         33.0000         35.0000          4.0000         39.5370
  250         11.0146         34.0000         35.0000          4.0000         39.5370
  251         11.0146         35.0000         35.0000          4.0000         39.5370
  252         11.0146         36.0000         35.0000          4.0000         39.5370
  253         11.0146         33.0000         36.0000          4.0000         39.5370
  254         11.0146         34.0000         36.0000          4.0000         39.5370
  255         11.0146         35.0000         36.0000          4.0000         39.5370
  256         11.0146         36.0000         36.0000          4.0000         39.5370
  241         11.0146         33.0000         33.0000          4.0000         39.5480
  242         11.0146         34.0000         33.0000          4.0000         39.5480
  243         11.0146         35.0000         33.0000          4.0000         39.5480
  244         11.0146         36.0000         33.0000          4.0000         39.5480
  245         11.0146         33.0000         34.0000          4.0000         39.5480
  246         11.0146         34.0000         34.0000          4.0000         39.5480
  247         11.0146         35.0000         34.0000          4.0000         39.5480
  248         11.0146         36.0000         34.0000          4.0000         39.5480
  249         11.0146         33.0000         35.0000          4.0000         39.5480
  250         11.0146         34.0000         35.0000          4.0000         39.5480
  251         11.0146         35.0000         35.0000          4.0000         39.5480
  252         11.0146         36.0000         35.0000          4.0000         39.5480
  253         11.0146         33.0000         36.0000          4.0000         39.5480
  254         11.0146         34.0000         36.0000          4.0000         39.5480
  255         11.0146         35.0000         36.0000          4.0000         39.5480
  256         11.0146         36.0000         36.0000          4.0000         39.5480
  241         11.0146         33.0000         33.0000          4.0000         39.5479
  242         11.0146         34.0000         33.0000          4.0000         39.5479
  243         11.0146         35.0000         33.0000          4.0000         39.5479
  244         11.0146         36.0000         33.0000          4.0000         39.5479
  245         11.0146         33.0000         34.0000          4.0000         39.5479
  246         11.0146         34.0000         34.0000          4.0000         39.5479
  247         11.0146         35.0000         34.0000          4.0000         39.5479
  248         11.0146         36.0000         34.0000          4.0000         39.5479
  249         11.0146         33.0000         35.0000          4.0000         39.5479
  250         11.0146         34.0000         35.0000          4.0000         39.5479
  251         11.0146         35.0000         35.0000          4.0000         39.5479
  252         11.0146         36.0000         35.0000          4.0000         39.5479
  253         11.0146         33.0000         36.0000          4.0000         39.5479
  254         11.0146         34.0000         36.0000          4.0000         39.5479
  255         11.0146         35.0000         36.0000          4.0000         39.5479
  256         11.0146         36.0000         36.0000          4.0000         39.5479
  241         12.0078         33.0000         33.0000          4.0000         73.0033
  242         12.0078         34.0000         33.0000          4.0000         73.0033
  243         12.0078         35.0000         33.0000          4.0000         73.0033
  244         12.0078         36.0000         33.0000          4.0000         73.0033
  245         12.0078         33.0000         34.0000          4.0000         73.0033
  246         12.0078         34.0000         34.0000          4.0000         73.0033
  247         12.0078         35.0000         34.0000          4.0000         73.0033
  248         12.0078         36.0000         34.0000          4.0000         73.0033
  249         12.0078         33.0000         35.0000          4.0000         73.0033
  250         12.0078         34.0000         35.0000          4.0000         73.0033
  251         12.0078         35.0000         35.0000          4.0000         73.0033
  252         12.0078         36.0000         35.0000          4.0000         73.0033
  253         12.0078         33.0000         36.0000          4.0000         73.0033
  254         12.0078         34.0000         36.0000          4.0000         73.0033
  255         12.0078         35.0000         36.0000          4.0000         73.0033
  256         12.0078         36.0000         36.0000          4.0000         73.0033
  241         12.0078         33.0000         33.0000          4.0000         73.0143
  242         12.0078         34.0000         33.0000          4.0000         73.0143
  243         12.0078         35.0000         33.0000          4.0000         73.0143
  244         12.0078         36.0000         33.0000          4.0000         73.0143
  245         12.0078         33.0000         34.0000          4.0000         73.0143
  246         12.0078         34.0000         34.0000          4.0000         73.0143
  247         12.0078         35.0000         34.0000          4.0000         73.0143
  248         12.0078         36.0000         34.0000          4.0000         73.0143
  249         12.0078         33.0000         35.0000          4.0000         73.0143
  250         12.0078         34.0000         35.0000          4.0000         73.0143
  251         12.0078         35.0000         35.0000          4.0000         73.0143
  252         12.0078         36.0000         35.0000          4.0000         73.0143
  253         12.0078         33.0000         36.0000          4.0000         73.0143
  254         12.0078         34.0000         36.0000          4.0000         73.0143
  255         12.0078         35.0000         36.0000          4.0000         73.0143
  256         12.0078         36.0000         36.0000          4.0000         73.0143
  241         12.0078         33.0000         33.0000          4.0000         73.0142
  242         12.0078         34.0000         33.0000          4.0000         73.0142
  243         12.0078         35.0000         33.0000          4.0000         73.0142
  244         12.0078         36.0000         33.0000          4.0000         73.0142
  245         12.0078         33.0000         34.0000          4.0000         73.0142
  246         12.0078         34.0000         34.0000          4.0000         73.0142
  247         12.0078         35.0000         34.0000          4.0000         73.0142
  248         12.0078         36.0000         34.0000          4.0000         73.0142
  249         12.0078         33.0000         35.0000          4.0000         73.0142
  250         12.0078         34.0000         35.0000          4.0000         73.0142
  251         12.0078         35.0000         35.0000          4.0000         73.0142
  252         12.0078         36.0000         35.0000          4.0000         73.0142
  253         12.0078         33.0000         36.0000          4.0000         73.0142
  254         12.0078         34.0000         36.0000          4.0000         73.0142
  255         12.0078         35.0000         36.0000          4.0000         73.0142
  256         12.0078         36.0000         36.0000          4.0000         73.0142
  241         12.0078         33.0000         33.0000          4.0000         73.0142
  242         12.0078         34.0000         33.0000          4.0000         73.0142
  243         12.0078         35.0000         33.0000          4.0000         73.0142
  244         12.0078         36.0000         33.0000          4.0000         73.0142
  245         12.0078         33.0000         34.0000          4.0000         73.0142
  246         12.0078         34.0000         34.0000          4.0000         73.0142
  247         12.0078         35.0000         34.0000          4.0000         73.0142
  248         12.0078         36.0000         34.0000          4.0000         73.0142
  249         12.0078         33.0000         35.0000          4.0000         73.0142
  250         12.0078         34.0000         35.0000          4.0000         73.0142
  251         12.0078         35.0000         35.0000          4.0000         73.0142
  252         12.0078         36.0000         35.0000          4.0000         73.0142
  253         12.0078         33.0000         36.0000          4.0000         73.0142
  254         12.0078         34.0000         36.0000          4.0000         73.0142
  255         12.0078         35.0000         36.0000          4.0000         73.0142
  256         12.0078         36.0000         36.0000          4.0000         73.0142
  241         13.0162         33.0000         33.0000          4.0000        103.5421
  242         13.0162         34.0000         33.0000          4.0000        103.5421
  243         13.0162         35.0000         33.0000          4.0000        103.5421
  244         13.0162         36.0000         33.0000          4.0000        103.5421
  245         13.0162         33.0000         34.0000          4.0000        103.5421
  246         13.0162         34.0000         34.0000          4.0000        103.5421
  247         13.0162         35.0000         34.0000          4.0000        103.5421
  248         13.0162         36.0000         34.0000          4.0000        103.5421
  249         13.0162         33.0000         35.0000          4.0000        103.5421
  250         13.0162         34.0000         35.0000          4.0000        103.5421
  251         13.0162         35.0000         35.0000          4.0000        103.5421
  252         13.0162         36.0000         35.0000          4.0000        103.5421
  253         13.0162         33.0000         36.0000          4.0000        103.5421
  254         13.0162         34.0000         36.0000          4.0000        103.5421
  255         13.0162         35.0000         36.0000          4.0000        103.5421
  256         13.0162         36.0000         36.0000          4.0000        103.5421
  241         13.0162         33.0000         33.0000          4.0000        103.5388
  242         13.0162         34.0000         33.0000          4.0000        103.5388
  243         13.0162         35.0000         33.0000          4.0000        103.5388
  244         13.0162         36.0000         33.0000          4.0000        103.5388
  245         13.0162         33.0000         34.0000          4.0000        103.5388
  246         13.0162         34.0000         34.0000          4.0000        103.5388
  247         13.0162         35.0000         34.0000          4.0000        103.5388
  248         13.0162         36.0000         34.0000          4.0000        103.5388
  249         13.0162         33.0000         35.0000          4.0000        103.5388
  250         13.0162         34.0000         35.0000          4.0000        103.5388
  251         13.0162         35.0000         35.0000          4.0000        103.5388
  252         13.0162         36.0000         35.0000          4.0000        103.5388
  253         13.0162         33.0000         36.0000          4.0000        103.5388
  254         13.0162         34.0000         36.0000          4.0000        103.5388
  255         13.0162         35.0000         36.0000          4.0000        103.5388
  256         13.0162         36.0000         36.0000          4.0000        103.5388
  241         14.0010         33.0000         33.0000          4.0000        126.8854
  242         14.0010         34.0000         33.0000          4.0000        126.8854
  243         14.0010         35.0000         33.0000          4.0000        126.8854
  244         14.0010         36.0000         33.0000          4.0000        126.8854
  245         14.0010         33.0000         34.0000          4.0000        126.8854
  246         14.0010         34.0000         34.0000          4.0000        126.8854
  247         14.0010         35.0000         34.0000          4.0000        126.8854
  248         14.0010         36.0000         34.0000          4.0000        126.8854
  249         14.0010         33.0000         35.0000          4.0000        126.8854
  250         14.0010         34.0000         35.0000          4.0000        126.8854
  251         14.0010         35.0000         35.0000          4.0000        126.8854
  252         14.0010         36.0000         35.0000          4.0000        126.8854
  253         14.0010         33.0000         36.0000          4.0000        126.8854
  254         14.0010         34.0000         36.0000          4.0000        126.8854
  255         14.0010         35.0000         36.0000          4.0000        126.8854
  256         14.0010         36.0000         36.0000          4.0000        126.8854
  241         14.0010         33.0000         33.0000          4.0000        126.9451
  242         14.0010         34.0000         33.0000          4.0000        126.9451
  243         14.0010         35.0000         33.0000          4.0000        126.9451
  244         14.0010         36.0000         33.0000          4.0000        126.9451
  245         14.0010         33.0000         34.0000          4.0000        126.9451
  246         14.0010         34.0000         34.0000          4.0000        126.9451
  247         14.0010         35.0000         34.0000          4.0000        126.9451
  248         14.0010         36.0000         34.0000          4.0000        126.9451
  249         14.0010         33.0000         35.0000          4.0000        126.9451
  250         14.0010         34.0000         35.0000          4.0000        126.9451
  251         14.0010         35.0000         35.0000          4.0000        126.9451
  252         14.0010         36.0000         35.0000          4.0000        126.9451
  253         14.0010         33.0000         36.0000          4.0000        126.9451
  254         14.0010         34.0000         36.0000          4.0000        126.9451
  255         14.0010         35.0000         36.0000          4.0000        126.9451
  256         14.0010         36.0000         36.0000          4.0000        126.9451
  241         14.0010         33.0000         33.0000          4.0000        126.9449
  242         14.0010         34.0000         33.0000          4.0000        126.9449
  243         14.0010         35.0000         33.0000          4.0000        126.9449
  244         14.0010         36.0000         33.0000          4.0000        126.9449
  245         14.0010         33.0000         34.0000          4.0000        126.9449
  246         14.0010         34.0000         34.0000          4.0000        126.9449
  247         14.0010         35.0000         34.0000          4.0000        126.9449
  248         14.0010         36.0000         34.0000          4.0000        126.9449
  249         14.0010         33.0000         35.0000          4.0000        126.9449
  250         14.0010         34.0000         35.0000          4.0000        126.9449
  251         14.0010         35.0000         35.0000          4.0000        126.9449
  252         14.0010         36.0000         35.0000          4.0000        126.9449
  253         14.0010         33.0000         36.0000          4.0000        126.9449
  254         14.0010         34.0000         36.0000          4.0000        126.9449
  255         14.0010         35.0000         36.0000          4.0000        126.9449
  256         14.0010         36.0000         36.0000          4.0000        126.9449
  241         15.0012         33.0000         33.0000          4.0000         83.2892
  242         15.0012         34.0000         33.0000          4.0000         83.2892
  243         15.0012         35.0000         33.0000          4.0000         83.2892
  244         15.0012         36.0000         33.0000          4.0000         83.2892
  245         15.0012         33.0000         34.0000          4.0000         83.2892
  246         15.0012         34.0000         34.0000          4.0000         83.2892
  247         15.0012         35.0000         34.0000          4.0000         83.2892
  248         15.0012         36.0000         34.0000          4.0000         83.2892
  249         15.0012         33.0000         35.0000          4.0000         83.2892
  250         15.0012         34.0000         35.0000          4.0000         83.2892
  251         15.0012         35.0000         35.0000          4.0000         83.2892
  252         15.0012         36.0000         35.0000          4.0000         83.2892
  253         15.0012         33.0000         36.0000          4.0000         83.2892
  254         15.0012         34.0000         36.0000          4.0000         83.2892
  255         15.0012         35.0000         36.0000          4.0000         83.2892
  256         15.0012         36.0000         36.0000          4.0000         83.2892
  241         15.0012         33.0000         33.0000          4.0000         82.8896
  242         15.0012         34.0000         33.0000          4.0000         82.8896
  243         15.0012         35.0000         33.0000          4.0000         82.8896
  244         15.0012         36.0000         33.0000          4.0000         82.8896
  245         15.0012         33.0000         34.0000          4.0000         82.8896
  246         15.0012         34.0000         34.0000          4.0000         82.8896
  247         15.0012         35.0000         34.0000          4.0000         82.8896
  248         15.0012         36.0000         34.0000          4.0000         82.8896
  249         15.0012         33.0000         35.0000          4.0000         82.8896
  250         15.0012         34.0000         35.0000          4.0000         82.8896
  251         15.0012         35.0000         35.0000          4.0000         82.8896
  252         15.0012         36.0000         35.0000          4.0000         82.8896
  253         15.0012         33.0000         36.0000          4.0000         82.8896
  254         15.0012         34.0000         36.0000          4.0000         82.8896
  255         15.0012         35.0000         36.0000          4.0000         82.8896
  256         15.0012         36.0000         36.0000          4.0000         82.8896
  241         15.0012         33.0000         33.0000          4.0000         82.8971
  242         15.0012         34.0000         33.0000          4.0000         82.8971
  243         15.0012         35.0000         33.0000          4.0000         82.8971
  244         15.0012         36.0000         33.0000          4.0000         82.8971
  245         15.0012         33.0000         34.0000          4.0000         82.8971
  246         15.0012         34.0000         34.0000          4.0000         82.8971
  247         15.0012         35.0000         34.0000          4.0000         82.8971
  248         15.0012         36.0000         34.0000          4.0000         82.8971
  249         15.0012         33.0000         35.0000          4.0000         82.8971
  250         15.0012         34.0000         35.0000          4.0000         82.8971
  251         15.0012         35.0000         35.0000          4.0000         82.8971
  252         15.0012         36.0000         35.0000          4.0000         82.8971
  253         15.0012         33.0000         36.0000          4.0000         82.8971
  254         15.0012         34.0000         36.0000          4.0000         82.8971
  255         15.0012         35.0000         36.0000          4.0000         82.8971
  256         15.0012         36.0000         36.0000          4.0000         82.8971
  241         16.0025         33.0000         33.0000          4.0000        105.3031
  242         16.0025         34.0000         33.0000          4.0000        105.3031
  243         16.0025         35.0000         33.0000          4.0000        105.3031
  244         16.0025         36.0000         33.0000          4.0000        105.3031
  245         16.0025         33.0000         34.0000          4.0000        105.3031
  246         16.0025         34.0000         34.0000          4.0000        105.3031
  247         16.0025         35.0000         34.0000          4.0000        105.3031
  248         16.0025         36.0000         34.0000          4.0000        105.3031
  249         16.0025         33.0000         35.0000          4.0000        105.3031
  250         16.0025         34.0000         35.0000          4.0000        105.3031
  251         16.0025         35.0000         35.0000          4.0000        105.3031
  252         16.0025         36.0000         35.0000          4.0000        105.3031
  253         16.0025         33.0000         36.0000          4.0000        105.3031
  254         16.0025         34.0000         36.0000          4.0000        105.3031
  255         16.0025         35.0000         36.0000          4.0000        105.3031
  256         16.0025         36.0000         36.0000          4.0000        105.3031
  241         16.0025         33.0000         33.0000          4.0000        105.2993
  242         16.0025         34.0000         33.0000          4.0000        105.2993
  243         16.0025         35.0000         33.0000          4.0000        105.2993
  244         16.0025         36.0000         33.0000          4.0000        105.2993
  245         16.0025         33.0000         34.0000          4.0000        105.2993
  246         16.0025         34.0000         34.0000          4.0000        105.2993
  247         16.0025         35.0000         34.0000          4.0000        105.2993
  248         16.0025         36.0000         34.0000          4.0000        105.2993
  249         16.0025         33.0000         35.0000          4.0000        105.2993
  250         16.0025         34.0000         35.0000          4.0000        105.2993
  251         16.0025         35.0000         35.0000          4.0000        105.2993
  252         16.0025         36.0000         35.0000          4.0000        105.2993
  253         16.0025         33.0000         36.0000          4.0000        105.2993
  254         16.0025         34.0000         36.0000          4.0000        105.2993
  255         16.0025         35.0000         36.0000          4.0000        105.2993
  256         16.0025         36.0000         36.0000          4.0000        105.2993
  241         16.0025         33.0000         33.0000          4.0000        105.2994
  242         16.0025         34.0000         33.0000          4.0000        105.2994
  243         16.0025         35.0000         33.0000          4.0000        105.2994
  244         16.0025         36.0000         33.0000          4.0000        105.2994
  245         16.0025         33.0000         34.0000          4.0000        105.2994
  246         16.0025         34.0000         34.0000          4.0000        105.2994
  247         16.0025         35.0000         34.0000          4.0000        105.2994
  248         16.0025         36.0000         34.0000          4.0000        105.2994
  249         16.0025         33.0000         35.0000          4.0000        105.2994
  250         16.0025         34.0000         35.0000          4.0000        105.2994
  251         16.0025         35.0000         35.0000          4.0000        105.2994
  252         16.0025         36.0000         35.0000          4.0000        105.2994
  253         16.0025         33.0000         36.0000          4.0000        105.2994
  254         16.0025         34.0000         36.0000          4.0000        105.2994
  255         16.0025         35.0000         36.0000          4.0000        105.2994
  256         16.0025         36.0000         36.0000          4.0000        105.2994
  241         17.0138         33.0000         33.0000          4.0000         88.0034
  242         17.0138         34.0000         33.0000          4.0000         88.0034
  243         17.0138         35.0000         33.0000          4.0000         88.0034
  244         17.0138         36.0000         33.0000          4.0000         88.0034
  245         17.0138         33.0000         34.0000          4.0000         88.0034
  246         17.0138         34.0000         34.0000          4.0000         88.0034
  247         17.0138         35.0000         34.0000          4.0000         88.0034
  248         17.0138         36.0000         34.0000          4.0000         88.0034
  249         17.0138         33.0000         35.0000          4.0000         88.0034
  250         17.0138         34.0000         35.0000          4.0000         88.0034
  251         17.0138         35.0000         35.0000          4.0000         88.0034
  252         17.0138         36.0000         35.0000          4.0000         88.0034
  253         17.0138         33.0000         36.0000          4.0000         88.0034
  254         17.0138         34.0000         36.0000          4.0000         88.0034
  255         17.0138         35.0000         36.0000          4.0000         88.0034
  256         17.0138         36.0000         36.0000          4.0000         88.0034
  241         17.0138         33.0000         33.0000          4.0000         88.0487
  242         17.0138         34.0000         33.0000          4.0000         88.0487
  243         17.0138         35.0000         33.0000          4.0000         88.0487
  244         17.0138         36.0000         33.0000          4.0000         88.0487
  245         17.0138         33.0000         34.0000          4.0000         88.0487
  246         17.0138         34.0000         34.0000          4.0000         88.0487
  247         17.0138         35.0000         34.0000          4.0000         88.0487
  248         17.0138         36.0000         34.0000          4.0000         88.0487
  249         17.0138         33.0000         35.0000          4.0000         88.0487
  250         17.0138         34.0000         35.0000          4.0000         88.0487
  251         17.0138         35.0000         35.0000          4.0000         88.0487
  252         17.0138         36.0000         35.0000          4.0000         88.0487
  253         17.0138         33.0000         36.0000          4.0000         88.0487
  254         17.0138         34.0000         36.0000          4.0000         88.0487
  255         17.0138         35.0000         36.0000          4.0000         88.0487
  256         17.0138         36.0000         36.0000          4.0000         88.0487
  241         17.0138         33.0000         33.0000          4.0000         88.0486
  242         17.0138         34.0000         33.0000          4.0000         88.0486
  243         17.0138         35.0000         33.0000          4.0000         88.0486
  244         17.0138         36.0000         33.0000          4.0000         88.0486
  245         17.0138         33.0000         34.0000          4.0000         88.0486
  246         17.0138         34.0000         34.0000          4.0000         88.0486
  247         17.0138         35.0000         34.0000          4.0000         88.0486
  248         17.0138         36.0000         34.0000          4.0000         88.0486
  249         17.0138         33.0000         35.0000          4.0000         88.0486
  250         17.0138         34.0000         35.0000          4.0000         88.0486
  251         17.0138         35.0000         35.0000          4.0000         88.0486
  252         17.0138         36.0000         35.0000          4.0000         88.0486
  253         17.0138         33.0000         36.0000          4.0000         88.0486
  254         17.0138         34.0000         36.0000          4.0000         88.0486
  255         17.0138         35.0000         36.0000          4.0000         88.0486
  256         17.0138         36.0000         36.0000          4.0000         88.0486
  241         18.0179         33.0000         33.0000          4.0000         57.0600
  242         18.0179         34.0000         33.0000          4.0000         57.0600
  243         18.0179         35.0000         33.0000          4.0000         57.0600
  244         18.0179         36.0000         33.0000          4.0000         57.0600
  245         18.0179         33.0000         34.0000          4.0000         57.0600
  246         18.0179         34.0000         34.0000          4.0000         57.0600
  247         18.0179         35.0000         34.0000          4.0000         57.0600
  248         18.0179         36.0000         34.0000          4.0000         57.0600
  249         18.0179         33.0000         35.0000          4.0000         57.0600
  250         18.0179         34.0000         35.0000          4.0000         57.0600
  251         18.0179         35.0000         35.0000          4.0000         57.0600
  252         18.0179         36.0000         35.0000          4.0000         57.0600
  253         18.0179         33.0000         36.0000          4.0000         57.0600
  254         18.0179         34.0000         36.0000          4.0000         57.0600
  255         18.0179         35.0000         36.0000          4.0000         57.0600
  256         18.0179         36.0000         36.0000          4.0000         57.0600
  241         18.0179         33.0000         33.0000          4.0000         57.0397
  242         18.0179         34.0000         33.0000          4.0000         57.0397
  243         18.0179         35.0000         33.0000          4.0000         57.0397
  244         18.0179         36.0000         33.0000          4.0000         57.0397
  245         18.0179         33.0000         34.0000          4.0000         57.0397
  246         18.0179         34.0000         34.0000          4.0000         57.0397
  247         18.0179         35.0000         34.0000          4.0000         57.0397
  248         18.0179         36.0000         34.0000          4.0000         57.0397
  249         18.0179         33.0000         35.0000          4.0000         57.0397
  250         18.0179         34.0000         35.0000          4.0000         57.0397
  251         18.0179         35.0000         35.0000          4.0000         57.0397
  252         18.0179         36.0000         35.0000          4.0000         57.0397
  253         18.0179         33.0000         36.0000          4.0000         57.0397
  254         18.0179         34.0000         36.0000          4.0000         57.0397
  255         18.0179         35.0000         36.0000          4.0000         57.0397
  256         18.0179         36.0000         36.0000          4.0000         57.0397
  241         18.0179         33.0000         33.0000          4.0000         57.0397
  242         18.0179         34.0000         33.0000          4.0000         57.0397
  243         18.0179         35.0000         33.0000          4.0000         57.0397
  244         18.0179         36.0000         33.0000          4.0000         57.0397
  245         18.0179         33.0000         34.0000          4.0000         57.0397
  246         18.0179         34.0000         34.0000          4.0000         57.0397
  247         18.0179         35.0000         34.0000          4.0000         57.0397
  248         18.0179         36.0000         34.0000          4.0000         57.0397
  249         18.0179         33.0000         35.0000          4.0000         57.0397
  250         18.0179         34.0000         35.0000          4.0000         57.0397
  251         18.0179         35.0000         35.0000          4.0000         57.0397
  252         18.0179         36.0000         35.0000          4.0000         57.0397
  253         18.0179         33.0000         36.0000          4.0000         57.0397
  254         18.0179         34.0000         36.0000          4.0000         57.0397
  255         18.0179         35.0000         36.0000          4.0000         57.0397
  256         18.0179         36.0000         36.0000          4.0000         57.0397
  241         19.0133         33.0000         33.0000          4.0000         30.0395
  242         19.0133         34.0000         33.0000          4.0000         30.0395
  243         19.0133         35.0000         33.0000          4.0000         30.0395
  244         19.0133         36.0000         33.0000          4.0000         30.0395
  245         19.0133         33.0000         34.0000          4.0000         30.0395
  246         19.0133         34.0000         34.0000          4.0000         30.0395
  247         19.0133         35.0000         34.0000          4.0000         30.0395
  248         19.0133         36.0000         34.0000          4.0000         30.0395
  249         19.0133         33.0000         35.0000          4.0000         30.0395
  250         19.0133         34.0000         35.0000          4.0000         30.0395
  251         19.0133         35.0000         35.0000          4.0000         30.0395
  252         19.0133         36.0000         35.0000          4.0000         30.0395
  253         19.0133         33.0000         36.0000          4.0000         30.0395
  254         19.0133         34.0000         36.0000          4.0000         30.0395
  255         19.0133         35.0000         36.0000          4.0000         30.0395
  256         19.0133         36.0000         36.0000          4.0000         30.0395
  241         19.0133         33.0000         33.0000          4.0000         30.0390
  242         19.0133         34.0000         33.0000          4.0000         30.0390
  243         19.0133         35.0000         33.0000          4.0000         30.0390
  244         19.0133         36.0000         33.0000          4.0000         30.0390
  245         19.0133         33.0000         34.0000          4.0000         30.0390
  246         19.0133         34.0000         34.0000          4.0000         30.0390
  247         19.0133         35.0000         34.0000          4.0000         30.0390
  248         19.0133         36.0000         34.0000          4.0000         30.0390
  249         19.0133         33.0000         35.0000          4.0000         30.0390
  250         19.0133         34.0000         35.0000          4.0000         30.0390
  251         19.0133         35.0000         35.0000          4.0000         30.0390
  252         19.0133         36.0000         35.0000          4.0000         30.0390
  253         19.0133         33.0000         36.0000          4.0000         30.0390
  254         19.0133         34.0000         36.0000          4.0000         30.0390
  255         19.0133         35.0000         36.0000          4.0000         30.0390
  256         19.0133         36.0000         36.0000          4.0000         30.0390
  241         20.0143         33.0000         33.0000          4.0000          6.8490
  242         20.0143         34.0000         33.0000          4.0000          6.8490
  243         20.0143         35.0000         33.0000          4.0000          6.8490
  244         20.0143         36.0000         33.0000          4.0000          6.8490
  245         20.0143         33.0000         34.0000          4.0000          6.8490
  246         20.0143         34.0000         34.0000          4.0000          6.8490
  247         20.0143         35.0000         34.0000          4.0000          6.8490
  248         20.0143         36.0000         34.0000          4.0000          6.8490
  249         20.0143         33.0000         35.0000          4.0000          6.8490
  250         20.0143         34.0000         35.0000          4.0000          6.8490
  251         20.0143         35.0000         35.0000          4.0000          6.8490
  252         20.0143         36.0000         35.0000          4.0000          6.8490
  253         20.0143         33.0000         36.0000          4.0000          6.8490
  254         20.0143         34.0000         36.0000          4.0000          6.8490
  255         20.0143         35.0000         36.0000          4.0000          6.8490
  256         20.0143         36.0000         36.0000          4.0000          6.8490
  241         20.0143         33.0000         33.0000          4.0000          6.8452
  242         20.0143         34.0000         33.0000          4.0000          6.8452
  243         20.0143         35.0000         33.0000          4.0000          6.8452
  244         20.0143         36.0000         33.0000          4.0000          6.8452
  245         20.0143         33.0000         34.0000          4.0000          6.8452
  246         20.0143         34.0000         34.0000          4.0000          6.8452
  247         20.0143         35.0000         34.0000          4.0000          6.8452
  248         20.0143         36.0000         34.0000          4.0000          6.8452
  249         20.0143         33.0000         35.0000          4.0000          6.8452
  250         20.0143         34.0000         35.0000          4.0000          6.8452
  251         20.0143         35.0000         35.0000          4.0000          6.8452
  252         20.0143         36.0000         35.0000          4.0000          6.8452
  253         20.0143         33.0000         36.0000          4.0000          6.8452
  254         20.0143         34.0000         36.0000          4.0000          6.8452
  255         20.0143         35.0000         36.0000          4.0000          6.8452
  256         20.0143         36.0000         36.0000          4.0000          6.8452
  241         21.0154         33.0000         33.0000          4.0000          0.2343
  242         21.0154         34.0000         33.0000          4.0000          0.2343
  243         21.0154         35.0000         33.0000          4.0000          0.2343
  244         21.0154         36.0000         33.0000          4.0000          0.2343
  245         21.0154         33.0000         34.0000          4.0000          0.2343
  246         21.0154         34.0000         34.0000          4.0000          0.2343
  247         21.0154         35.0000         34.0000          4.0000          0.2343
  248         21.0154         36.0000         34.0000          4.0000          0.2343
  249         21.0154         33.0000         35.0000          4.0000          0.2343
  250         21.0154         34.0000         35.0000          4.0000          0.2343
  251         21.0154         35.0000         35.0000          4.0000          0.2343
  252         21.0154         36.0000         35.0000          4.0000          0.2343
  253         21.0154         33.0000         36.0000          4.0000          0.2343
  254         21.0154         34.0000         36.0000          4.0000          0.2343
  255         21.0154         35.0000         36.0000          4.0000          0.2343
  256         21.0154         36.0000         36.0000          4.0000          0.2343
  241         21.0154         33.0000         33.0000          4.0000          0.2358
  242         21.0154         34.0000         33.0000          4.0000          0.2358
  243         21.0154         35.0000         33.0000          4.0000          0.2358
  244         21.0154         36.0000         33.0000          4.0000          0.2358
  245         21.0154         33.0000         34.0000          4.0000          0.2358
  246         21.0154         34.0000         34.0000          4.0000          0.2358
  247         21.0154         35.0000         34.0000          4.0000          0.2358
  248         21.0154         36.0000         34.0000          4.0000          0.2358
  249         21.0154         33.0000         35.0000          4.0000          0.2358
  250         21.0154         34.0000         35.0000          4.0000          0.2358
  251         21.0154         35.0000         35.0000          4.0000          0.2358
  252         21.0154         36.0000         35.0000          4.0000          0.2358
  253         21.0154         33.0000         36.0000          4.0000          0.2358
  254         21.0154         34.0000         36.0000          4.0000          0.2358
  255         21.0154         35.0000         36.0000          4.0000          0.2358
  256         21.0154         36.0000         36.0000          4.0000          0.2358
  241         22.0091         33.0000         33.0000          4.0000         -1.0607
  242         22.0091         34.0000         33.0000          4.0000         -1.0607
  243         22.0091         35.0000         33.0000          4.0000         -1.0607
  244         22.0091         36.0000         33.0000          4.0000         -1.0607
  245         22.0091         33.0000         34.0000          4.0000         -1.0607
  246         22.0091         34.0000         34.0000          4.0000         -1.0607
  247         22.0091         35.0000         34.0000          4.0000         -1.0607
  248         22.0091         36.0000         34.0000          4.0000         -1.0607
  249         22.0091         33.0000         35.0000          4.0000         -1.0607
  250         22.0091         34.0000         35.0000          4.0000         -1.0607
  251         22.0091         35.0000         35.0000          4.0000         -1.0607
  252         22.0091         36.0000         35.0000          4.0000         -1.0607
  253         22.0091         33.0000         36.0000          4.0000         -1.0607
  254         22.0091         34.0000         36.0000          4.0000         -1.0607
  255         22.0091         35.0000         36.0000          4.0000         -1.0607
  256         22.0091         36.0000         36.0000          4.0000         -1.0607
  241         22.0091         33.0000         33.0000          4.0000         -1.0644
  242         22.0091         34.0000         33.0000          4.0000         -1.0644
  243         22.0091         35.0000         33.0000          4.0000         -1.0644
  244         22.0091         36.0000         33.0000          4.0000         -1.0644
  245         22.0091         33.0000         34.0000          4.0000         -1.0644
  246         22.0091         34.0000         34.0000          4.0000         -1.0644
  247         22.0091         35.0000         34.0000          4.0000         -1.0644
  248         22.0091         36.0000         34.0000          4.0000         -1.0644
  249         22.0091         33.0000         35.0000          4.0000         -1.0644
  250         22.0091         34.0000         35.0000          4.0000         -1.0644
  251         22.0091         35.0000         35.0000          4.0000         -1.0644
  252         22.0091         36.0000         35.0000          4.0000         -1.0644
  253         22.0091         33.0000         36.0000          4.0000         -1.0644
  254         22.0091         34.0000         36.0000          4.0000         -1.0644
  255         22.0091         35.0000         36.0000          4.0000         -1.0644
  256         22.0091         36.0000         36.0000          4.0000         -1.0644
  241         23.0248         33.0000         33.0000          4.0000         -1.7605
  242         23.0248         34.0000         33.0000          4.0000         -1.7605
  243         23.0248         35.0000         33.0000          4.0000         -1.7605
  244         23.0248         36.0000         33.0000          4.0000         -1.7605
  245         23.0248         33.0000         34.0000          4.0000         -1.7605
  246         23.0248         34.0000         34.0000          4.0000         -1.7605
  247         23.0248         35.0000         34.0000          4.0000         -1.7605
  248         23.0248         36.0000         34.0000          4.0000         -1.7605
  249         23.0248         33.0000         35.0000          4.0000         -1.7605
  250         23.0248         34.0000         35.0000          4.0000         -1.7605
  251         23.0248         35.0000         35.0000          4.0000         -1.7605
  252         23.0248         36.0000         35.0000          4.0000         -1.7605
  253         23.0248         33.0000         36.0000          4.0000         -1.7605
  254         23.0248         34.0000         36.0000          4.0000         -1.7605
  255         23.0248         35.0000         36.0000          4.0000         -1.7605
  256         23.0248         36.0000         36.0000          4.0000         -1.7605
  241         23.0248         33.0000         33.0000          4.0000         -1.7672
  242         23.0248         34.0000         33.0000          4.0000         -1.7672
  243         23.0248         35.0000         33.0000          4.0000         -1.7672
  244         23.0248         36.0000         33.0000          4.0000         -1.7672
  245         23.0248         33.0000         34.0000          4.0000         -1.7672
  246         23.0248         34.0000         34.0000          4.0000         -1.7672
  247         23.0248         35.0000         34.0000          4.0000         -1.7672
  248         23.0248         36.0000         34.0000          4.0000         -1.7672
  249         23.0248         33.0000         35.0000          4.0000         -1.7672
  250         23.0248         34.0000         35.0000          4.0000         -1.7672
  251         23.0248         35.0000         35.0000          4.0000         -1.7672
  252         23.0248         36.0000         35.0000          4.0000         -1.7672
  253         23.0248         33.0000         36.0000          4.0000         -1.7672
  254         23.0248         34.0000         36.0000          4.0000         -1.7672
  255         23.0248         35.0000         36.0000          4.0000         -1.7672
  256         23.0248         36.0000         36.0000          4.0000         -1.7672
