  113          1.0142         16.0000         17.0000          1.0000        304.9446
  117          1.0142         16.0000         17.0000          2.0000        305.0655
  121          1.0142         16.0000         17.0000          3.0000        305.1329
  125          1.0142         16.0000         17.0000          4.0000        305.1589
  113          1.0142         16.0000         17.0000          1.0000        304.9478
  117          1.0142         16.0000         17.0000          2.0000        305.0684
  121          1.0142         16.0000         17.0000          3.0000        305.1353
  125          1.0142         16.0000         17.0000          4.0000        305.1605
  113          1.0142         16.0000         17.0000          1.0000        304.9483
  117          1.0142         16.0000         17.0000          2.0000        305.0690
  121          1.0142         16.0000         17.0000          3.0000        305.1359
  125          1.0142         16.0000         17.0000          4.0000        305.1611
  113          2.0138         16.0000         17.0000          1.0000        304.4580
  117          2.0138         16.0000         17.0000          2.0000        304.5526
  121          2.0138         16.0000         17.0000          3.0000        304.5967
  125          2.0138         16.0000         17.0000          4.0000        304.5959
  113          2.0138         16.0000         17.0000          1.0000        304.4613
  117          2.0138         16.0000         17.0000          2.0000        304.5557
  121          2.0138         16.0000         17.0000          3.0000        304.5992
  125          2.0138         16.0000         17.0000          4.0000        304.5976
  113          2.0138         16.0000         17.0000          1.0000        304.4619
  117          2.0138         16.0000         17.0000          2.0000        304.5563
  121          2.0138         16.0000         17.0000          3.0000        304.5998
  125          2.0138         16.0000         17.0000          4.0000        304.5982
  113          3.0126         16.0000         17.0000          1.0000        304.1125
  117          3.0126         16.0000         17.0000          2.0000        304.1865
  121          3.0126         16.0000         17.0000          3.0000        304.2138
  125          3.0126         16.0000         17.0000          4.0000        304.1990
  113          3.0126         16.0000         17.0000          1.0000        304.1159
  117          3.0126         16.0000         17.0000          2.0000        304.1896
  121          3.0126         16.0000         17.0000          3.0000        304.2163
  125          3.0126         16.0000         17.0000          4.0000        304.2008
  113          3.0126         16.0000         17.0000          1.0000        304.1166
  117          3.0126         16.0000         17.0000          2.0000        304.1903
  121          3.0126         16.0000         17.0000          3.0000        304.2170
  125          3.0126         16.0000         17.0000          4.0000        304.2014
  113          4.0028         16.0000         17.0000          1.0000        303.7481
  117          4.0028         16.0000         17.0000          2.0000        303.8021
  121          4.0028         16.0000         17.0000          3.0000        303.8124
  125          4.0028         16.0000         17.0000          4.0000        303.7812
  113          4.0028         16.0000         17.0000          1.0000        303.7514
  117          4.0028         16.0000         17.0000          2.0000        303.8051
  121          4.0028         16.0000         17.0000          3.0000        303.8149
  125          4.0028         16.0000         17.0000          4.0000        303.7829
  113          4.0028         16.0000         17.0000          1.0000        303.7521
  117          4.0028         16.0000         17.0000          2.0000        303.8057
  121          4.0028         16.0000         17.0000          3.0000        303.8155
  125          4.0028         16.0000         17.0000          4.0000        303.7835
  113          5.0004         16.0000         17.0000          1.0000        303.3752
  117          5.0004         16.0000         17.0000          2.0000        303.4092
  121          5.0004         16.0000         17.0000          3.0000        303.4022
  125          5.0004         16.0000         17.0000          4.0000        303.3535
  113          5.0004         16.0000         17.0000          1.0000        303.3783
  117          5.0004         16.0000         17.0000          2.0000        303.4120
  121          5.0004         16.0000         17.0000          3.0000        303.4045
  125          5.0004         16.0000         17.0000          4.0000        303.3551
  113          5.0004         16.0000         17.0000          1.0000        303.3789
  117          5.0004         16.0000         17.0000          2.0000        303.4126
  121          5.0004         16.0000         17.0000          3.0000        303.4051
  125          5.0004         16.0000         17.0000          4.0000        303.3557
  113          6.0017         16.0000         17.0000          1.0000        303.1137
  117          6.0017         16.0000         17.0000          2.0000        303.1353
  121          6.0017         16.0000         17.0000          3.0000        303.1185
  125          6.0017         16.0000         17.0000          4.0000        303.0601
  113          6.0017         16.0000         17.0000          1.0000        303.1174
  117          6.0017         16.0000         17.0000          2.0000        303.1387
  121          6.0017         16.0000         17.0000          3.0000        303.1212
  125          6.0017         16.0000         17.0000          4.0000        303.0621
  113          6.0017         16.0000         17.0000          1.0000        303.1181
  117          6.0017         16.0000         17.0000          2.0000        303.1394
  121          6.0017         16.0000         17.0000          3.0000        303.1219
  125          6.0017         16.0000         17.0000          4.0000        303.0627
  113          7.0101         16.0000         17.0000          1.0000        302.8241
  117          7.0101         16.0000         17.0000          2.0000        302.8316
  121          7.0101         16.0000         17.0000          3.0000        302.8026
  125          7.0101         16.0000         17.0000          4.0000        302.7321
  113          7.0101         16.0000         17.0000          1.0000        302.8284
  117          7.0101         16.0000         17.0000          2.0000        302.8356
  121          7.0101         16.0000         17.0000          3.0000        302.8060
  125          7.0101         16.0000         17.0000          4.0000        302.7346
  113          7.0101         16.0000         17.0000          1.0000        302.8292
  117          7.0101         16.0000         17.0000          2.0000        302.8364
  121          7.0101         16.0000         17.0000          3.0000        302.8068
  125          7.0101         16.0000         17.0000          4.0000        302.7353
  113          8.0019         16.0000         17.0000          1.0000        302.9422
  117          8.0019         16.0000         17.0000          2.0000        302.9894
  121          8.0019         16.0000         17.0000          3.0000        303.0091
  125          8.0019         16.0000         17.0000          4.0000        302.9967
  113          8.0019         16.0000         17.0000          1.0000        302.9501
  117          8.0019         16.0000         17.0000          2.0000        302.9971
  121          8.0019         16.0000         17.0000          3.0000        303.0159
  125          8.0019         16.0000         17.0000          4.0000        303.0023
  113          8.0019         16.0000         17.0000          1.0000        302.9514
  117          8.0019         16.0000         17.0000          2.0000        302.9984
  121          8.0019         16.0000         17.0000          3.0000        303.0171
  125          8.0019         16.0000         17.0000          4.0000        303.0034
  113          9.0076         16.0000         17.0000          1.0000        304.6006
  117          9.0076         16.0000         17.0000          2.0000        304.9019
  121          9.0076         16.0000         17.0000          3.0000        305.1811
  125          9.0076         16.0000         17.0000          4.0000        305.4356
  113          9.0076         16.0000         17.0000          1.0000        304.6113
  117          9.0076         16.0000         17.0000          2.0000        304.9125
  121          9.0076         16.0000         17.0000          3.0000        305.1908
  125          9.0076         16.0000         17.0000          4.0000        305.4436
  113          9.0076         16.0000         17.0000          1.0000        304.6128
  117          9.0076         16.0000         17.0000          2.0000        304.9140
  121          9.0076         16.0000         17.0000          3.0000        305.1922
  125          9.0076         16.0000         17.0000          4.0000        305.4448
  113         10.0019         16.0000         17.0000          1.0000        306.8660
  117         10.0019         16.0000         17.0000          2.0000        307.4708
  121         10.0019         16.0000         17.0000          3.0000        308.0039
  125         10.0019         16.0000         17.0000          4.0000        308.4700
  113         10.0019         16.0000         17.0000          1.0000        306.8754
  117         10.0019         16.0000         17.0000          2.0000        307.4799
  121         10.0019         16.0000         17.0000          3.0000        308.0122
  125         10.0019         16.0000         17.0000          4.0000        308.4769
  113         10.0019         16.0000         17.0000          1.0000        306.8771
  117         10.0019         16.0000         17.0000          2.0000        307.4817
  121         10.0019         16.0000         17.0000          3.0000        308.0139
  125         10.0019         16.0000         17.0000          4.0000        308.4783
  113         11.0003         16.0000         17.0000          1.0000        309.3412
  117         11.0003         16.0000         17.0000          2.0000        310.2206
  121         11.0003         16.0000         17.0000          3.0000        310.9923
  125         11.0003         16.0000         17.0000          4.0000        311.6994
  113         11.0003         16.0000         17.0000          1.0000        309.3475
  117         11.0003         16.0000         17.0000          2.0000        310.2265
  121         11.0003         16.0000         17.0000          3.0000        310.9973
  125         11.0003         16.0000         17.0000          4.0000        311.7033
  113         11.0003         16.0000         17.0000          1.0000        309.3488
  117         11.0003         16.0000         17.0000          2.0000        310.2277
  121         11.0003         16.0000         17.0000          3.0000        310.9985
  125         11.0003         16.0000         17.0000          4.0000        311.7043
  113         12.0013         16.0000         17.0000          1.0000        314.5881
  117         12.0013         16.0000         17.0000          2.0000        315.4976
  121         12.0013         16.0000         17.0000          3.0000        316.3017
  125         12.0013         16.0000         17.0000          4.0000        317.0455
  113         12.0013         16.0000         17.0000          1.0000        314.7294
  117         12.0013         16.0000         17.0000          2.0000        315.3771
  121         12.0013         16.0000         17.0000          3.0000        316.0980
  125         12.0013         16.0000         17.0000          4.0000        316.8426
  113         12.0013         16.0000         17.0000          1.0000        314.7392
  117         12.0013         16.0000         17.0000          2.0000        315.3902
  121         12.0013         16.0000         17.0000          3.0000        316.1134
  125         12.0013         16.0000         17.0000          4.0000        316.8576
  113         12.0013         16.0000         17.0000          1.0000        314.7382
  117         12.0013         16.0000         17.0000          2.0000        315.3887
  121         12.0013         16.0000         17.0000          3.0000        316.1117
  125         12.0013         16.0000         17.0000          4.0000        316.8560
  113         13.0030         16.0000         17.0000          1.0000        314.3622
  117         13.0030         16.0000         17.0000          2.0000        315.1151
  121         13.0030         16.0000         17.0000          3.0000        315.8296
  125         13.0030         16.0000         17.0000          4.0000        316.5270
  113         13.0030         16.0000         17.0000          1.0000        314.3648
  117         13.0030         16.0000         17.0000          2.0000        315.1174
  121         13.0030         16.0000         17.0000          3.0000        315.8312
  125         13.0030         16.0000         17.0000          4.0000        316.5279
  113         13.0030         16.0000         17.0000          1.0000        314.3657
  117         13.0030         16.0000         17.0000          2.0000        315.1182
  121         13.0030         16.0000         17.0000          3.0000        315.8319
  125         13.0030         16.0000         17.0000          4.0000        316.5285
  113         14.0008         16.0000         17.0000          1.0000        314.3423
  117         14.0008         16.0000         17.0000          2.0000        315.1600
  121         14.0008         16.0000         17.0000          3.0000        316.0117
  125         14.0008         16.0000         17.0000          4.0000        316.8937
  113         14.0008         16.0000         17.0000          1.0000        314.4025
  117         14.0008         16.0000         17.0000          2.0000        315.2184
  121         14.0008         16.0000         17.0000          3.0000        316.0647
  125         14.0008         16.0000         17.0000          4.0000        316.9387
  113         14.0008         16.0000         17.0000          1.0000        314.4098
  117         14.0008         16.0000         17.0000          2.0000        315.2255
  121         14.0008         16.0000         17.0000          3.0000        316.0713
  125         14.0008         16.0000         17.0000          4.0000        316.9444
  113         14.0008         16.0000         17.0000          1.0000        314.4110
  117         14.0008         16.0000         17.0000          2.0000        315.2267
  121         14.0008         16.0000         17.0000          3.0000        316.0724
  125         14.0008         16.0000         17.0000          4.0000        316.9453
  113         15.0009         16.0000         17.0000          1.0000        318.3263
  117         15.0009         16.0000         17.0000          2.0000        318.8759
  121         15.0009         16.0000         17.0000          3.0000        319.5110
  125         15.0009         16.0000         17.0000          4.0000        320.1867
  113         15.0009         16.0000         17.0000          1.0000        318.2650
  117         15.0009         16.0000         17.0000          2.0000        318.8161
  121         15.0009         16.0000         17.0000          3.0000        319.4569
  125         15.0009         16.0000         17.0000          4.0000        320.1407
  113         15.0009         16.0000         17.0000          1.0000        318.2600
  117         15.0009         16.0000         17.0000          2.0000        318.8111
  121         15.0009         16.0000         17.0000          3.0000        319.4522
  125         15.0009         16.0000         17.0000          4.0000        320.1366
  113         15.0022         16.0000         17.0000          1.0000        318.2596
  117         15.0022         16.0000         17.0000          2.0000        318.8110
  121         15.0022         16.0000         17.0000          3.0000        319.4527
  125         15.0022         16.0000         17.0000          4.0000        320.1379
  113         15.0022         16.0000         17.0000          1.0000        318.2627
  117         15.0022         16.0000         17.0000          2.0000        318.8137
  121         15.0022         16.0000         17.0000          3.0000        319.4548
  125         15.0022         16.0000         17.0000          4.0000        320.1392
  113         15.0022         16.0000         17.0000          1.0000        318.2638
  117         15.0022         16.0000         17.0000          2.0000        318.8148
  121         15.0022         16.0000         17.0000          3.0000        319.4558
  125         15.0022         16.0000         17.0000          4.0000        320.1400
  113         16.0012         16.0000         17.0000          1.0000        319.9273
  117         16.0012         16.0000         17.0000          2.0000        320.3277
  121         16.0012         16.0000         17.0000          3.0000        320.9253
  125         16.0012         16.0000         17.0000          4.0000        321.5206
  113         16.0012         16.0000         17.0000          1.0000        319.9307
  117         16.0012         16.0000         17.0000          2.0000        320.3308
  121         16.0012         16.0000         17.0000          3.0000        320.9278
  125         16.0012         16.0000         17.0000          4.0000        321.5223
  113         16.0012         16.0000         17.0000          1.0000        319.9316
  117         16.0012         16.0000         17.0000          2.0000        320.3318
  121         16.0012         16.0000         17.0000          3.0000        320.9286
  125         16.0012         16.0000         17.0000          4.0000        321.5230
  113         17.0023         16.0000         17.0000          1.0000        314.3352
  117         17.0023         16.0000         17.0000          2.0000        317.1752
  121         17.0023         16.0000         17.0000          3.0000        317.8085
  125         17.0023         16.0000         17.0000          4.0000        318.4061
  113         17.0023         16.0000         17.0000          1.0000        314.3809
  117         17.0023         16.0000         17.0000          2.0000        317.2187
  121         17.0023         16.0000         17.0000          3.0000        317.8478
  125         17.0023         16.0000         17.0000          4.0000        318.4393
  113         17.0023         16.0000         17.0000          1.0000        314.3865
  117         17.0023         16.0000         17.0000          2.0000        317.2241
  121         17.0023         16.0000         17.0000          3.0000        317.8529
  125         17.0023         16.0000         17.0000          4.0000        318.4436
  113         17.0023         16.0000         17.0000          1.0000        314.3874
  117         17.0023         16.0000         17.0000          2.0000        317.2250
  121         17.0023         16.0000         17.0000          3.0000        317.8536
  125         17.0023         16.0000         17.0000          4.0000        318.4443
  113         18.0008         16.0000         17.0000          1.0000        311.5541
  117         18.0008         16.0000         17.0000          2.0000        312.6375
  121         18.0008         16.0000         17.0000          3.0000        314.4819
  125         18.0008         16.0000         17.0000          4.0000        316.2235
  113         18.0008         16.0000         17.0000          1.0000        311.5206
  117         18.0008         16.0000         17.0000          2.0000        312.6047
  121         18.0008         16.0000         17.0000          3.0000        314.4519
  125         18.0008         16.0000         17.0000          4.0000        316.1977
  113         18.0008         16.0000         17.0000          1.0000        311.5169
  117         18.0008         16.0000         17.0000          2.0000        312.6011
  121         18.0008         16.0000         17.0000          3.0000        314.4486
  125         18.0008         16.0000         17.0000          4.0000        316.1949
  113         19.0009         16.0000         17.0000          1.0000        309.1613
  117         19.0009         16.0000         17.0000          2.0000        309.7440
  121         19.0009         16.0000         17.0000          3.0000        310.3871
  125         19.0009         16.0000         17.0000          4.0000        311.0938
  113         19.0009         16.0000         17.0000          1.0000        309.1630
  117         19.0009         16.0000         17.0000          2.0000        309.7453
  121         19.0009         16.0000         17.0000          3.0000        310.3879
  125         19.0009         16.0000         17.0000          4.0000        311.0942
  113         19.0009         16.0000         17.0000          1.0000        309.1633
  117         19.0009         16.0000         17.0000          2.0000        309.7457
  121         19.0009         16.0000         17.0000          3.0000        310.3883
  125         19.0009         16.0000         17.0000          4.0000        311.0945
  113         20.0012         16.0000         17.0000          1.0000        307.7431
  117         20.0012         16.0000         17.0000          2.0000        308.1058
  121         20.0012         16.0000         17.0000          3.0000        308.4254
  125         20.0012         16.0000         17.0000          4.0000        308.7106
  113         20.0012         16.0000         17.0000          1.0000        307.7445
  117         20.0012         16.0000         17.0000          2.0000        308.1069
  121         20.0012         16.0000         17.0000          3.0000        308.4260
  125         20.0012         16.0000         17.0000          4.0000        308.7108
  113         20.0012         16.0000         17.0000          1.0000        307.7448
  117         20.0012         16.0000         17.0000          2.0000        308.1072
  121         20.0012         16.0000         17.0000          3.0000        308.4264
  125         20.0012         16.0000         17.0000          4.0000        308.7111
  113         21.0061         16.0000         17.0000          1.0000        306.8629
  117         21.0061         16.0000         17.0000          2.0000        307.1301
  121         21.0061         16.0000         17.0000          3.0000        307.3364
  125         21.0061         16.0000         17.0000          4.0000        307.4909
  113         21.0061         16.0000         17.0000          1.0000        306.8644
  117         21.0061         16.0000         17.0000          2.0000        307.1313
  121         21.0061         16.0000         17.0000          3.0000        307.3373
  125         21.0061         16.0000         17.0000          4.0000        307.4912
  113         21.0061         16.0000         17.0000          1.0000        306.8648
  117         21.0061         16.0000         17.0000          2.0000        307.1317
  121         21.0061         16.0000         17.0000          3.0000        307.3377
  125         21.0061         16.0000         17.0000          4.0000        307.4916
  113         22.0079         16.0000         17.0000          1.0000        306.3186
  117         22.0079         16.0000         17.0000          2.0000        306.5336
  121         22.0079         16.0000         17.0000          3.0000        306.6862
  125         22.0079         16.0000         17.0000          4.0000        306.7933
  113         22.0079         16.0000         17.0000          1.0000        306.3218
  117         22.0079         16.0000         17.0000          2.0000        306.5365
  121         22.0079         16.0000         17.0000          3.0000        306.6885
  125         22.0079         16.0000         17.0000          4.0000        306.7949
  113         22.0079         16.0000         17.0000          1.0000        306.3224
  117         22.0079         16.0000         17.0000          2.0000        306.5372
  121         22.0079         16.0000         17.0000          3.0000        306.6891
  125         22.0079         16.0000         17.0000          4.0000        306.7954
  113         23.0110         16.0000         17.0000          1.0000        305.8586
  117         23.0110         16.0000         17.0000          2.0000        306.0360
  121         23.0110         16.0000         17.0000          3.0000        306.1537
  125         23.0110         16.0000         17.0000          4.0000        306.2302
  113         23.0110         16.0000         17.0000          1.0000        305.8620
  117         23.0110         16.0000         17.0000          2.0000        306.0390
  121         23.0110         16.0000         17.0000          3.0000        306.1561
  125         23.0110         16.0000         17.0000          4.0000        306.2320
  113         23.0110         16.0000         17.0000          1.0000        305.8626
  117         23.0110         16.0000         17.0000          2.0000        306.0396
  121         23.0110         16.0000         17.0000          3.0000        306.1568
  125         23.0110         16.0000         17.0000          4.0000        306.2325
