  114          1.0142         16.0000         18.0000          1.0000        300.6453
  115          1.0142         16.0000         19.0000          1.0000        300.6174
  116          1.0142         16.0000         20.0000          1.0000        300.5169
  118          1.0142         16.0000         18.0000          2.0000        300.3524
  119          1.0142         16.0000         19.0000          2.0000        300.3302
  120          1.0142         16.0000         20.0000          2.0000        300.2450
  122          1.0142         16.0000         18.0000          3.0000        300.0268
  123          1.0142         16.0000         19.0000          3.0000        300.0064
  124          1.0142         16.0000         20.0000          3.0000        299.9443
  126          1.0142         16.0000         18.0000          4.0000        299.6675
  127          1.0142         16.0000         19.0000          4.0000        299.6526
  128          1.0142         16.0000         20.0000          4.0000        299.6073
  114          1.0142         16.0000         18.0000          1.0000        300.6654
  115          1.0142         16.0000         19.0000          1.0000        300.6378
  116          1.0142         16.0000         20.0000          1.0000        300.5347
  118          1.0142         16.0000         18.0000          2.0000        300.3700
  119          1.0142         16.0000         19.0000          2.0000        300.3480
  120          1.0142         16.0000         20.0000          2.0000        300.2608
  122          1.0142         16.0000         18.0000          3.0000        300.0411
  123          1.0142         16.0000         19.0000          3.0000        300.0208
  124          1.0142         16.0000         20.0000          3.0000        299.9572
  126          1.0142         16.0000         18.0000          4.0000        299.6777
  127          1.0142         16.0000         19.0000          4.0000        299.6629
  128          1.0142         16.0000         20.0000          4.0000        299.6166
  114          1.0142         16.0000         18.0000          1.0000        300.6663
  115          1.0142         16.0000         19.0000          1.0000        300.6387
  116          1.0142         16.0000         20.0000          1.0000        300.5356
  118          1.0142         16.0000         18.0000          2.0000        300.3711
  119          1.0142         16.0000         19.0000          2.0000        300.3492
  120          1.0142         16.0000         20.0000          2.0000        300.2618
  122          1.0142         16.0000         18.0000          3.0000        300.0422
  123          1.0142         16.0000         19.0000          3.0000        300.0219
  124          1.0142         16.0000         20.0000          3.0000        299.9582
  126          1.0142         16.0000         18.0000          4.0000        299.6788
  127          1.0142         16.0000         19.0000          4.0000        299.6640
  128          1.0142         16.0000         20.0000          4.0000        299.6175
  114          2.0138         16.0000         18.0000          1.0000        300.3247
  115          2.0138         16.0000         19.0000          1.0000        300.2969
  116          2.0138         16.0000         20.0000          1.0000        300.1952
  118          2.0138         16.0000         18.0000          2.0000        300.0492
  119          2.0138         16.0000         19.0000          2.0000        300.0276
  120          2.0138         16.0000         20.0000          2.0000        299.9418
  122          2.0138         16.0000         18.0000          3.0000        299.7406
  123          2.0138         16.0000         19.0000          3.0000        299.7212
  124          2.0138         16.0000         20.0000          3.0000        299.6585
  126          2.0138         16.0000         18.0000          4.0000        299.4025
  127          2.0138         16.0000         19.0000          4.0000        299.3886
  128          2.0138         16.0000         20.0000          4.0000        299.3430
  114          2.0138         16.0000         18.0000          1.0000        300.3448
  115          2.0138         16.0000         19.0000          1.0000        300.3174
  116          2.0138         16.0000         20.0000          1.0000        300.2131
  118          2.0138         16.0000         18.0000          2.0000        300.0669
  119          2.0138         16.0000         19.0000          2.0000        300.0455
  120          2.0138         16.0000         20.0000          2.0000        299.9576
  122          2.0138         16.0000         18.0000          3.0000        299.7549
  123          2.0138         16.0000         19.0000          3.0000        299.7357
  124          2.0138         16.0000         20.0000          3.0000        299.6715
  126          2.0138         16.0000         18.0000          4.0000        299.4128
  127          2.0138         16.0000         19.0000          4.0000        299.3990
  128          2.0138         16.0000         20.0000          4.0000        299.3523
  114          2.0138         16.0000         18.0000          1.0000        300.3459
  115          2.0138         16.0000         19.0000          1.0000        300.3184
  116          2.0138         16.0000         20.0000          1.0000        300.2141
  118          2.0138         16.0000         18.0000          2.0000        300.0681
  119          2.0138         16.0000         19.0000          2.0000        300.0467
  120          2.0138         16.0000         20.0000          2.0000        299.9587
  122          2.0138         16.0000         18.0000          3.0000        299.7561
  123          2.0138         16.0000         19.0000          3.0000        299.7369
  124          2.0138         16.0000         20.0000          3.0000        299.6726
  126          2.0138         16.0000         18.0000          4.0000        299.4139
  127          2.0138         16.0000         19.0000          4.0000        299.4001
  128          2.0138         16.0000         20.0000          4.0000        299.3533
  114          3.0126         16.0000         18.0000          1.0000        300.1061
  115          3.0126         16.0000         19.0000          1.0000        300.0767
  116          3.0126         16.0000         20.0000          1.0000        299.9744
  118          3.0126         16.0000         18.0000          2.0000        299.8453
  119          3.0126         16.0000         19.0000          2.0000        299.8231
  120          3.0126         16.0000         20.0000          2.0000        299.7374
  122          3.0126         16.0000         18.0000          3.0000        299.5520
  123          3.0126         16.0000         19.0000          3.0000        299.5326
  124          3.0126         16.0000         20.0000          3.0000        299.4700
  126          3.0126         16.0000         18.0000          4.0000        299.2243
  127          3.0126         16.0000         19.0000          4.0000        299.2105
  128          3.0126         16.0000         20.0000          4.0000        299.1649
  114          3.0126         16.0000         18.0000          1.0000        300.1267
  115          3.0126         16.0000         19.0000          1.0000        300.0977
  116          3.0126         16.0000         20.0000          1.0000        299.9927
  118          3.0126         16.0000         18.0000          2.0000        299.8634
  119          3.0126         16.0000         19.0000          2.0000        299.8414
  120          3.0126         16.0000         20.0000          2.0000        299.7536
  122          3.0126         16.0000         18.0000          3.0000        299.5667
  123          3.0126         16.0000         19.0000          3.0000        299.5474
  124          3.0126         16.0000         20.0000          3.0000        299.4833
  126          3.0126         16.0000         18.0000          4.0000        299.2348
  127          3.0126         16.0000         19.0000          4.0000        299.2211
  128          3.0126         16.0000         20.0000          4.0000        299.1744
  114          3.0126         16.0000         18.0000          1.0000        300.1277
  115          3.0126         16.0000         19.0000          1.0000        300.0987
  116          3.0126         16.0000         20.0000          1.0000        299.9936
  118          3.0126         16.0000         18.0000          2.0000        299.8645
  119          3.0126         16.0000         19.0000          2.0000        299.8426
  120          3.0126         16.0000         20.0000          2.0000        299.7547
  122          3.0126         16.0000         18.0000          3.0000        299.5679
  123          3.0126         16.0000         19.0000          3.0000        299.5487
  124          3.0126         16.0000         20.0000          3.0000        299.4844
  126          3.0126         16.0000         18.0000          4.0000        299.2359
  127          3.0126         16.0000         19.0000          4.0000        299.2223
  128          3.0126         16.0000         20.0000          4.0000        299.1755
  114          4.0028         16.0000         18.0000          1.0000        299.8827
  115          4.0028         16.0000         19.0000          1.0000        299.8525
  116          4.0028         16.0000         20.0000          1.0000        299.7492
  118          4.0028         16.0000         18.0000          2.0000        299.6328
  119          4.0028         16.0000         19.0000          2.0000        299.6105
  120          4.0028         16.0000         20.0000          2.0000        299.5244
  122          4.0028         16.0000         18.0000          3.0000        299.3508
  123          4.0028         16.0000         19.0000          3.0000        299.3317
  124          4.0028         16.0000         20.0000          3.0000        299.2687
  126          4.0028         16.0000         18.0000          4.0000        299.0329
  127          4.0028         16.0000         19.0000          4.0000        299.0194
  128          4.0028         16.0000         20.0000          4.0000        298.9735
  114          4.0028         16.0000         18.0000          1.0000        299.9031
  115          4.0028         16.0000         19.0000          1.0000        299.8732
  116          4.0028         16.0000         20.0000          1.0000        299.7673
  118          4.0028         16.0000         18.0000          2.0000        299.6507
  119          4.0028         16.0000         19.0000          2.0000        299.6286
  120          4.0028         16.0000         20.0000          2.0000        299.5404
  122          4.0028         16.0000         18.0000          3.0000        299.3653
  123          4.0028         16.0000         19.0000          3.0000        299.3463
  124          4.0028         16.0000         20.0000          3.0000        299.2818
  126          4.0028         16.0000         18.0000          4.0000        299.0433
  127          4.0028         16.0000         19.0000          4.0000        299.0299
  128          4.0028         16.0000         20.0000          4.0000        298.9830
  114          4.0028         16.0000         18.0000          1.0000        299.9040
  115          4.0028         16.0000         19.0000          1.0000        299.8742
  116          4.0028         16.0000         20.0000          1.0000        299.7681
  118          4.0028         16.0000         18.0000          2.0000        299.6518
  119          4.0028         16.0000         19.0000          2.0000        299.6297
  120          4.0028         16.0000         20.0000          2.0000        299.5415
  122          4.0028         16.0000         18.0000          3.0000        299.3665
  123          4.0028         16.0000         19.0000          3.0000        299.3475
  124          4.0028         16.0000         20.0000          3.0000        299.2829
  126          4.0028         16.0000         18.0000          4.0000        299.0444
  127          4.0028         16.0000         19.0000          4.0000        299.0310
  128          4.0028         16.0000         20.0000          4.0000        298.9840
  114          5.0004         16.0000         18.0000          1.0000        299.6199
  115          5.0004         16.0000         19.0000          1.0000        299.5892
  116          5.0004         16.0000         20.0000          1.0000        299.4837
  118          5.0004         16.0000         18.0000          2.0000        299.3749
  119          5.0004         16.0000         19.0000          2.0000        299.3526
  120          5.0004         16.0000         20.0000          2.0000        299.2651
  122          5.0004         16.0000         18.0000          3.0000        299.0975
  123          5.0004         16.0000         19.0000          3.0000        299.0787
  124          5.0004         16.0000         20.0000          3.0000        299.0147
  126          5.0004         16.0000         18.0000          4.0000        298.7836
  127          5.0004         16.0000         19.0000          4.0000        298.7704
  128          5.0004         16.0000         20.0000          4.0000        298.7238
  114          5.0004         16.0000         18.0000          1.0000        299.6397
  115          5.0004         16.0000         19.0000          1.0000        299.6094
  116          5.0004         16.0000         20.0000          1.0000        299.5013
  118          5.0004         16.0000         18.0000          2.0000        299.3923
  119          5.0004         16.0000         19.0000          2.0000        299.3702
  120          5.0004         16.0000         20.0000          2.0000        299.2806
  122          5.0004         16.0000         18.0000          3.0000        299.1116
  123          5.0004         16.0000         19.0000          3.0000        299.0930
  124          5.0004         16.0000         20.0000          3.0000        299.0275
  126          5.0004         16.0000         18.0000          4.0000        298.7936
  127          5.0004         16.0000         19.0000          4.0000        298.7806
  128          5.0004         16.0000         20.0000          4.0000        298.7329
  114          5.0004         16.0000         18.0000          1.0000        299.6406
  115          5.0004         16.0000         19.0000          1.0000        299.6103
  116          5.0004         16.0000         20.0000          1.0000        299.5021
  118          5.0004         16.0000         18.0000          2.0000        299.3934
  119          5.0004         16.0000         19.0000          2.0000        299.3713
  120          5.0004         16.0000         20.0000          2.0000        299.2816
  122          5.0004         16.0000         18.0000          3.0000        299.1128
  123          5.0004         16.0000         19.0000          3.0000        299.0941
  124          5.0004         16.0000         20.0000          3.0000        299.0285
  126          5.0004         16.0000         18.0000          4.0000        298.7947
  127          5.0004         16.0000         19.0000          4.0000        298.7817
  128          5.0004         16.0000         20.0000          4.0000        298.7339
  114          6.0017         16.0000         18.0000          1.0000        299.6072
  115          6.0017         16.0000         19.0000          1.0000        299.5775
  116          6.0017         16.0000         20.0000          1.0000        299.4760
  118          6.0017         16.0000         18.0000          2.0000        299.3827
  119          6.0017         16.0000         19.0000          2.0000        299.3614
  120          6.0017         16.0000         20.0000          2.0000        299.2775
  122          6.0017         16.0000         18.0000          3.0000        299.1274
  123          6.0017         16.0000         19.0000          3.0000        299.1097
  124          6.0017         16.0000         20.0000          3.0000        299.0481
  126          6.0017         16.0000         18.0000          4.0000        298.8364
  127          6.0017         16.0000         19.0000          4.0000        298.8242
  128          6.0017         16.0000         20.0000          4.0000        298.7792
  114          6.0017         16.0000         18.0000          1.0000        299.6281
  115          6.0017         16.0000         19.0000          1.0000        299.5987
  116          6.0017         16.0000         20.0000          1.0000        299.4947
  118          6.0017         16.0000         18.0000          2.0000        299.4012
  119          6.0017         16.0000         19.0000          2.0000        299.3801
  120          6.0017         16.0000         20.0000          2.0000        299.2940
  122          6.0017         16.0000         18.0000          3.0000        299.1424
  123          6.0017         16.0000         19.0000          3.0000        299.1248
  124          6.0017         16.0000         20.0000          3.0000        299.0617
  126          6.0017         16.0000         18.0000          4.0000        298.8472
  127          6.0017         16.0000         19.0000          4.0000        298.8350
  128          6.0017         16.0000         20.0000          4.0000        298.7890
  114          6.0017         16.0000         18.0000          1.0000        299.6290
  115          6.0017         16.0000         19.0000          1.0000        299.5997
  116          6.0017         16.0000         20.0000          1.0000        299.4956
  118          6.0017         16.0000         18.0000          2.0000        299.4023
  119          6.0017         16.0000         19.0000          2.0000        299.3812
  120          6.0017         16.0000         20.0000          2.0000        299.2951
  122          6.0017         16.0000         18.0000          3.0000        299.1436
  123          6.0017         16.0000         19.0000          3.0000        299.1261
  124          6.0017         16.0000         20.0000          3.0000        299.0628
  126          6.0017         16.0000         18.0000          4.0000        298.8484
  127          6.0017         16.0000         19.0000          4.0000        298.8362
  128          6.0017         16.0000         20.0000          4.0000        298.7900
  114          7.0101         16.0000         18.0000          1.0000        299.4944
  115          7.0101         16.0000         19.0000          1.0000        299.4654
  116          7.0101         16.0000         20.0000          1.0000        299.3649
  118          7.0101         16.0000         18.0000          2.0000        299.2801
  119          7.0101         16.0000         19.0000          2.0000        299.2595
  120          7.0101         16.0000         20.0000          2.0000        299.1765
  122          7.0101         16.0000         18.0000          3.0000        299.0353
  123          7.0101         16.0000         19.0000          3.0000        299.0183
  124          7.0101         16.0000         20.0000          3.0000        298.9573
  126          7.0101         16.0000         18.0000          4.0000        298.7550
  127          7.0101         16.0000         19.0000          4.0000        298.7434
  128          7.0101         16.0000         20.0000          4.0000        298.6988
  114          7.0101         16.0000         18.0000          1.0000        299.5167
  115          7.0101         16.0000         19.0000          1.0000        299.4881
  116          7.0101         16.0000         20.0000          1.0000        299.3849
  118          7.0101         16.0000         18.0000          2.0000        299.2999
  119          7.0101         16.0000         19.0000          2.0000        299.2795
  120          7.0101         16.0000         20.0000          2.0000        299.1943
  122          7.0101         16.0000         18.0000          3.0000        299.0514
  123          7.0101         16.0000         19.0000          3.0000        299.0347
  124          7.0101         16.0000         20.0000          3.0000        298.9720
  126          7.0101         16.0000         18.0000          4.0000        298.7666
  127          7.0101         16.0000         19.0000          4.0000        298.7551
  128          7.0101         16.0000         20.0000          4.0000        298.7093
  114          7.0101         16.0000         18.0000          1.0000        299.5179
  115          7.0101         16.0000         19.0000          1.0000        299.4893
  116          7.0101         16.0000         20.0000          1.0000        299.3860
  118          7.0101         16.0000         18.0000          2.0000        299.3012
  119          7.0101         16.0000         19.0000          2.0000        299.2809
  120          7.0101         16.0000         20.0000          2.0000        299.1956
  122          7.0101         16.0000         18.0000          3.0000        299.0528
  123          7.0101         16.0000         19.0000          3.0000        299.0360
  124          7.0101         16.0000         20.0000          3.0000        298.9733
  126          7.0101         16.0000         18.0000          4.0000        298.7679
  127          7.0101         16.0000         19.0000          4.0000        298.7564
  128          7.0101         16.0000         20.0000          4.0000        298.7105
  114          8.0019         16.0000         18.0000          1.0000        300.6239
  115          8.0019         16.0000         19.0000          1.0000        300.5986
  116          8.0019         16.0000         20.0000          1.0000        300.5759
  118          8.0019         16.0000         18.0000          2.0000        300.6112
  119          8.0019         16.0000         19.0000          2.0000        300.5947
  120          8.0019         16.0000         20.0000          2.0000        300.5782
  122          8.0019         16.0000         18.0000          3.0000        300.6060
  123          8.0019         16.0000         19.0000          3.0000        300.5932
  124          8.0019         16.0000         20.0000          3.0000        300.5809
  126          8.0019         16.0000         18.0000          4.0000        300.5955
  127          8.0019         16.0000         19.0000          4.0000        300.5868
  128          8.0019         16.0000         20.0000          4.0000        300.5795
  114          8.0019         16.0000         18.0000          1.0000        300.6556
  115          8.0019         16.0000         19.0000          1.0000        300.6309
  116          8.0019         16.0000         20.0000          1.0000        300.6053
  118          8.0019         16.0000         18.0000          2.0000        300.6405
  119          8.0019         16.0000         19.0000          2.0000        300.6246
  120          8.0019         16.0000         20.0000          2.0000        300.6056
  122          8.0019         16.0000         18.0000          3.0000        300.6311
  123          8.0019         16.0000         19.0000          3.0000        300.6187
  124          8.0019         16.0000         20.0000          3.0000        300.6044
  126          8.0019         16.0000         18.0000          4.0000        300.6145
  127          8.0019         16.0000         19.0000          4.0000        300.6061
  128          8.0019         16.0000         20.0000          4.0000        300.5974
  114          8.0019         16.0000         18.0000          1.0000        300.6585
  115          8.0019         16.0000         19.0000          1.0000        300.6339
  116          8.0019         16.0000         20.0000          1.0000        300.6081
  118          8.0019         16.0000         18.0000          2.0000        300.6436
  119          8.0019         16.0000         19.0000          2.0000        300.6277
  120          8.0019         16.0000         20.0000          2.0000        300.6084
  122          8.0019         16.0000         18.0000          3.0000        300.6340
  123          8.0019         16.0000         19.0000          3.0000        300.6216
  124          8.0019         16.0000         20.0000          3.0000        300.6072
  126          8.0019         16.0000         18.0000          4.0000        300.6171
  127          8.0019         16.0000         19.0000          4.0000        300.6088
  128          8.0019         16.0000         20.0000          4.0000        300.5998
  114          9.0076         16.0000         18.0000          1.0000        306.4370
  115          9.0076         16.0000         19.0000          1.0000        306.4484
  116          9.0076         16.0000         20.0000          1.0000        306.7491
  118          9.0076         16.0000         18.0000          2.0000        307.3055
  119          9.0076         16.0000         19.0000          2.0000        307.3308
  120          9.0076         16.0000         20.0000          2.0000        307.5720
  122          9.0076         16.0000         18.0000          3.0000        308.2498
  123          9.0076         16.0000         19.0000          3.0000        308.2707
  124          9.0076         16.0000         20.0000          3.0000        308.4183
  126          9.0076         16.0000         18.0000          4.0000        309.2010
  127          9.0076         16.0000         19.0000          4.0000        309.2101
  128          9.0076         16.0000         20.0000          4.0000        309.3041
  114          9.0076         16.0000         18.0000          1.0000        306.4712
  115          9.0076         16.0000         19.0000          1.0000        306.4834
  116          9.0076         16.0000         20.0000          1.0000        306.7814
  118          9.0076         16.0000         18.0000          2.0000        307.3374
  119          9.0076         16.0000         19.0000          2.0000        307.3632
  120          9.0076         16.0000         20.0000          2.0000        307.6020
  122          9.0076         16.0000         18.0000          3.0000        308.2769
  123          9.0076         16.0000         19.0000          3.0000        308.2982
  124          9.0076         16.0000         20.0000          3.0000        308.4437
  126          9.0076         16.0000         18.0000          4.0000        309.2213
  127          9.0076         16.0000         19.0000          4.0000        309.2307
  128          9.0076         16.0000         20.0000          4.0000        309.3229
  114          9.0076         16.0000         18.0000          1.0000        306.4740
  115          9.0076         16.0000         19.0000          1.0000        306.4862
  116          9.0076         16.0000         20.0000          1.0000        306.7838
  118          9.0076         16.0000         18.0000          2.0000        307.3399
  119          9.0076         16.0000         19.0000          2.0000        307.3658
  120          9.0076         16.0000         20.0000          2.0000        307.6042
  122          9.0076         16.0000         18.0000          3.0000        308.2792
  123          9.0076         16.0000         19.0000          3.0000        308.3004
  124          9.0076         16.0000         20.0000          3.0000        308.4458
  126          9.0076         16.0000         18.0000          4.0000        309.2233
  127          9.0076         16.0000         19.0000          4.0000        309.2327
  128          9.0076         16.0000         20.0000          4.0000        309.3248
  114         10.0019         16.0000         18.0000          1.0000        312.6361
  115         10.0019         16.0000         19.0000          1.0000        312.6936
  116         10.0019         16.0000         20.0000          1.0000        313.2427
  118         10.0019         16.0000         18.0000          2.0000        314.3257
  119         10.0019         16.0000         19.0000          2.0000        314.4035
  120         10.0019         16.0000         20.0000          2.0000        314.8172
  122         10.0019         16.0000         18.0000          3.0000        315.9880
  123         10.0019         16.0000         19.0000          3.0000        316.0446
  124         10.0019         16.0000         20.0000          3.0000        316.2673
  126         10.0019         16.0000         18.0000          4.0000        317.5147
  127         10.0019         16.0000         19.0000          4.0000        317.5409
  128         10.0019         16.0000         20.0000          4.0000        317.6661
  114         10.0019         16.0000         18.0000          1.0000        312.6665
  115         10.0019         16.0000         19.0000          1.0000        312.7257
  116         10.0019         16.0000         20.0000          1.0000        313.2728
  118         10.0019         16.0000         18.0000          2.0000        314.3537
  119         10.0019         16.0000         19.0000          2.0000        314.4331
  120         10.0019         16.0000         20.0000          2.0000        314.8451
  122         10.0019         16.0000         18.0000          3.0000        316.0118
  123         10.0019         16.0000         19.0000          3.0000        316.0698
  124         10.0019         16.0000         20.0000          3.0000        316.2914
  126         10.0019         16.0000         18.0000          4.0000        317.5330
  127         10.0019         16.0000         19.0000          4.0000        317.5604
  128         10.0019         16.0000         20.0000          4.0000        317.6848
  114         10.0019         16.0000         18.0000          1.0000        312.6695
  115         10.0019         16.0000         19.0000          1.0000        312.7286
  116         10.0019         16.0000         20.0000          1.0000        313.2753
  118         10.0019         16.0000         18.0000          2.0000        314.3566
  119         10.0019         16.0000         19.0000          2.0000        314.4359
  120         10.0019         16.0000         20.0000          2.0000        314.8476
  122         10.0019         16.0000         18.0000          3.0000        316.0145
  123         10.0019         16.0000         19.0000          3.0000        316.0724
  124         10.0019         16.0000         20.0000          3.0000        316.2936
  126         10.0019         16.0000         18.0000          4.0000        317.5353
  127         10.0019         16.0000         19.0000          4.0000        317.5625
  128         10.0019         16.0000         20.0000          4.0000        317.6867
  114         11.0003         16.0000         18.0000          1.0000        318.1204
  115         11.0003         16.0000         19.0000          1.0000        318.2019
  116         11.0003         16.0000         20.0000          1.0000        318.9937
  118         11.0003         16.0000         18.0000          2.0000        320.3980
  119         11.0003         16.0000         19.0000          2.0000        320.4919
  120         11.0003         16.0000         20.0000          2.0000        321.1033
  122         11.0003         16.0000         18.0000          3.0000        322.6352
  123         11.0003         16.0000         19.0000          3.0000        322.7008
  124         11.0003         16.0000         20.0000          3.0000        323.0640
  126         11.0003         16.0000         18.0000          4.0000        324.7444
  127         11.0003         16.0000         19.0000          4.0000        324.7773
  128         11.0003         16.0000         20.0000          4.0000        325.0118
  114         11.0003         16.0000         18.0000          1.0000        318.1433
  115         11.0003         16.0000         19.0000          1.0000        318.2253
  116         11.0003         16.0000         20.0000          1.0000        319.0147
  118         11.0003         16.0000         18.0000          2.0000        320.4182
  119         11.0003         16.0000         19.0000          2.0000        320.5123
  120         11.0003         16.0000         20.0000          2.0000        321.1218
  122         11.0003         16.0000         18.0000          3.0000        322.6515
  123         11.0003         16.0000         19.0000          3.0000        322.7173
  124         11.0003         16.0000         20.0000          3.0000        323.0790
  126         11.0003         16.0000         18.0000          4.0000        324.7560
  127         11.0003         16.0000         19.0000          4.0000        324.7890
  128         11.0003         16.0000         20.0000          4.0000        325.0225
  114         11.0003         16.0000         18.0000          1.0000        318.1457
  115         11.0003         16.0000         19.0000          1.0000        318.2277
  116         11.0003         16.0000         20.0000          1.0000        319.0168
  118         11.0003         16.0000         18.0000          2.0000        320.4204
  119         11.0003         16.0000         19.0000          2.0000        320.5145
  120         11.0003         16.0000         20.0000          2.0000        321.1238
  122         11.0003         16.0000         18.0000          3.0000        322.6535
  123         11.0003         16.0000         19.0000          3.0000        322.7193
  124         11.0003         16.0000         20.0000          3.0000        323.0809
  126         11.0003         16.0000         18.0000          4.0000        324.7578
  127         11.0003         16.0000         19.0000          4.0000        324.7908
  128         11.0003         16.0000         20.0000          4.0000        325.0242
  114         12.0013         16.0000         18.0000          1.0000        325.5875
  115         12.0013         16.0000         19.0000          1.0000        325.6596
  116         12.0013         16.0000         20.0000          1.0000        326.5183
  118         12.0013         16.0000         18.0000          2.0000        327.5544
  119         12.0013         16.0000         19.0000          2.0000        327.6265
  120         12.0013         16.0000         20.0000          2.0000        328.3354
  122         12.0013         16.0000         18.0000          3.0000        329.6564
  123         12.0013         16.0000         19.0000          3.0000        329.6997
  124         12.0013         16.0000         20.0000          3.0000        330.1729
  126         12.0013         16.0000         18.0000          4.0000        331.7413
  127         12.0013         16.0000         19.0000          4.0000        331.7566
  128         12.0013         16.0000         20.0000          4.0000        332.0884
  114         12.0013         16.0000         18.0000          1.0000        325.7198
  115         12.0013         16.0000         19.0000          1.0000        325.7825
  116         12.0013         16.0000         20.0000          1.0000        326.5549
  118         12.0013         16.0000         18.0000          2.0000        327.1723
  119         12.0013         16.0000         19.0000          2.0000        327.2336
  120         12.0013         16.0000         20.0000          2.0000        327.9236
  122         12.0013         16.0000         18.0000          3.0000        329.1055
  123         12.0013         16.0000         19.0000          3.0000        329.1460
  124         12.0013         16.0000         20.0000          3.0000        329.6447
  126         12.0013         16.0000         18.0000          4.0000        331.1934
  127         12.0013         16.0000         19.0000          4.0000        331.2083
  128         12.0013         16.0000         20.0000          4.0000        331.5725
  114         12.0013         16.0000         18.0000          1.0000        325.7436
  115         12.0013         16.0000         19.0000          1.0000        325.8078
  116         12.0013         16.0000         20.0000          1.0000        326.5791
  118         12.0013         16.0000         18.0000          2.0000        327.2203
  119         12.0013         16.0000         19.0000          2.0000        327.2831
  120         12.0013         16.0000         20.0000          2.0000        327.9710
  122         12.0013         16.0000         18.0000          3.0000        329.1650
  123         12.0013         16.0000         19.0000          3.0000        329.2065
  124         12.0013         16.0000         20.0000          3.0000        329.7005
  126         12.0013         16.0000         18.0000          4.0000        331.2512
  127         12.0013         16.0000         19.0000          4.0000        331.2667
  128         12.0013         16.0000         20.0000          4.0000        331.6260
  114         12.0013         16.0000         18.0000          1.0000        325.7405
  115         12.0013         16.0000         19.0000          1.0000        325.8045
  116         12.0013         16.0000         20.0000          1.0000        326.5759
  118         12.0013         16.0000         18.0000          2.0000        327.2149
  119         12.0013         16.0000         19.0000          2.0000        327.2775
  120         12.0013         16.0000         20.0000          2.0000        327.9659
  122         12.0013         16.0000         18.0000          3.0000        329.1585
  123         12.0013         16.0000         19.0000          3.0000        329.1998
  124         12.0013         16.0000         20.0000          3.0000        329.6945
  126         12.0013         16.0000         18.0000          4.0000        331.2450
  127         12.0013         16.0000         19.0000          4.0000        331.2604
  128         12.0013         16.0000         20.0000          4.0000        331.6203
  114         13.0030         16.0000         18.0000          1.0000        324.4859
  115         13.0030         16.0000         19.0000          1.0000        324.5423
  116         13.0030         16.0000         20.0000          1.0000        325.3277
  118         13.0030         16.0000         18.0000          2.0000        326.0370
  119         13.0030         16.0000         19.0000          2.0000        326.0842
  120         13.0030         16.0000         20.0000          2.0000        326.7570
  122         13.0030         16.0000         18.0000          3.0000        327.8467
  123         13.0030         16.0000         19.0000          3.0000        327.8744
  124         13.0030         16.0000         20.0000          3.0000        328.3614
  126         13.0030         16.0000         18.0000          4.0000        329.7433
  127         13.0030         16.0000         19.0000          4.0000        329.7489
  128         13.0030         16.0000         20.0000          4.0000        330.1043
  114         13.0030         16.0000         18.0000          1.0000        324.5028
  115         13.0030         16.0000         19.0000          1.0000        324.5595
  116         13.0030         16.0000         20.0000          1.0000        325.3427
  118         13.0030         16.0000         18.0000          2.0000        326.0515
  119         13.0030         16.0000         19.0000          2.0000        326.0988
  120         13.0030         16.0000         20.0000          2.0000        326.7699
  122         13.0030         16.0000         18.0000          3.0000        327.8583
  123         13.0030         16.0000         19.0000          3.0000        327.8861
  124         13.0030         16.0000         20.0000          3.0000        328.3719
  126         13.0030         16.0000         18.0000          4.0000        329.7516
  127         13.0030         16.0000         19.0000          4.0000        329.7573
  128         13.0030         16.0000         20.0000          4.0000        330.1120
  114         13.0030         16.0000         18.0000          1.0000        324.5043
  115         13.0030         16.0000         19.0000          1.0000        324.5610
  116         13.0030         16.0000         20.0000          1.0000        325.3440
  118         13.0030         16.0000         18.0000          2.0000        326.0529
  119         13.0030         16.0000         19.0000          2.0000        326.1003
  120         13.0030         16.0000         20.0000          2.0000        326.7712
  122         13.0030         16.0000         18.0000          3.0000        327.8597
  123         13.0030         16.0000         19.0000          3.0000        327.8874
  124         13.0030         16.0000         20.0000          3.0000        328.3732
  126         13.0030         16.0000         18.0000          4.0000        329.7528
  127         13.0030         16.0000         19.0000          4.0000        329.7585
  128         13.0030         16.0000         20.0000          4.0000        330.1130
  114         14.0008         16.0000         18.0000          1.0000        323.4721
  115         14.0008         16.0000         19.0000          1.0000        323.5166
  116         14.0008         16.0000         20.0000          1.0000        324.3559
  118         14.0008         16.0000         18.0000          2.0000        325.2074
  119         14.0008         16.0000         19.0000          2.0000        325.2429
  120         14.0008         16.0000         20.0000          2.0000        325.9709
  122         14.0008         16.0000         18.0000          3.0000        327.3343
  123         14.0008         16.0000         19.0000          3.0000        327.3589
  124         14.0008         16.0000         20.0000          3.0000        327.9011
  126         14.0008         16.0000         18.0000          4.0000        329.6267
  127         14.0008         16.0000         19.0000          4.0000        329.6361
  128         14.0008         16.0000         20.0000          4.0000        330.0436
  114         14.0008         16.0000         18.0000          1.0000        323.5874
  115         14.0008         16.0000         19.0000          1.0000        323.6330
  116         14.0008         16.0000         20.0000          1.0000        324.4667
  118         14.0008         16.0000         18.0000          2.0000        325.3155
  119         14.0008         16.0000         19.0000          2.0000        325.3520
  120         14.0008         16.0000         20.0000          2.0000        326.0728
  122         14.0008         16.0000         18.0000          3.0000        327.4251
  123         14.0008         16.0000         19.0000          3.0000        327.4506
  124         14.0008         16.0000         20.0000          3.0000        327.9860
  126         14.0008         16.0000         18.0000          4.0000        329.6936
  127         14.0008         16.0000         19.0000          4.0000        329.7037
  128         14.0008         16.0000         20.0000          4.0000        330.1053
  114         14.0008         16.0000         18.0000          1.0000        323.5999
  115         14.0008         16.0000         19.0000          1.0000        323.6457
  116         14.0008         16.0000         20.0000          1.0000        324.4781
  118         14.0008         16.0000         18.0000          2.0000        325.3272
  119         14.0008         16.0000         19.0000          2.0000        325.3638
  120         14.0008         16.0000         20.0000          2.0000        326.0837
  122         14.0008         16.0000         18.0000          3.0000        327.4358
  123         14.0008         16.0000         19.0000          3.0000        327.4614
  124         14.0008         16.0000         20.0000          3.0000        327.9960
  126         14.0008         16.0000         18.0000          4.0000        329.7029
  127         14.0008         16.0000         19.0000          4.0000        329.7130
  128         14.0008         16.0000         20.0000          4.0000        330.1141
  114         14.0008         16.0000         18.0000          1.0000        323.6026
  115         14.0008         16.0000         19.0000          1.0000        323.6485
  116         14.0008         16.0000         20.0000          1.0000        324.4806
  118         14.0008         16.0000         18.0000          2.0000        325.3295
  119         14.0008         16.0000         19.0000          2.0000        325.3661
  120         14.0008         16.0000         20.0000          2.0000        326.0858
  122         14.0008         16.0000         18.0000          3.0000        327.4377
  123         14.0008         16.0000         19.0000          3.0000        327.4634
  124         14.0008         16.0000         20.0000          3.0000        327.9979
  126         14.0008         16.0000         18.0000          4.0000        329.7045
  127         14.0008         16.0000         19.0000          4.0000        329.7146
  128         14.0008         16.0000         20.0000          4.0000        330.1156
  114         15.0009         16.0000         18.0000          1.0000        328.9853
  115         15.0009         16.0000         19.0000          1.0000        329.0371
  116         15.0009         16.0000         20.0000          1.0000        329.7082
  118         15.0009         16.0000         18.0000          2.0000        330.0034
  119         15.0009         16.0000         19.0000          2.0000        330.0421
  120         15.0009         16.0000         20.0000          2.0000        330.6590
  122         15.0009         16.0000         18.0000          3.0000        331.5181
  123         15.0009         16.0000         19.0000          3.0000        331.5406
  124         15.0009         16.0000         20.0000          3.0000        332.0111
  126         15.0009         16.0000         18.0000          4.0000        333.2514
  127         15.0009         16.0000         19.0000          4.0000        333.2538
  128         15.0009         16.0000         20.0000          4.0000        333.6046
  114         15.0009         16.0000         18.0000          1.0000        328.8938
  115         15.0009         16.0000         19.0000          1.0000        328.9453
  116         15.0009         16.0000         20.0000          1.0000        329.6176
  118         15.0009         16.0000         18.0000          2.0000        329.9154
  119         15.0009         16.0000         19.0000          2.0000        329.9535
  120         15.0009         16.0000         20.0000          2.0000        330.5748
  122         15.0009         16.0000         18.0000          3.0000        331.4448
  123         15.0009         16.0000         19.0000          3.0000        331.4665
  124         15.0009         16.0000         20.0000          3.0000        331.9421
  126         15.0009         16.0000         18.0000          4.0000        333.1992
  127         15.0009         16.0000         19.0000          4.0000        333.2010
  128         15.0009         16.0000         20.0000          4.0000        333.5568
  114         15.0009         16.0000         18.0000          1.0000        328.8861
  115         15.0009         16.0000         19.0000          1.0000        328.9371
  116         15.0009         16.0000         20.0000          1.0000        329.6107
  118         15.0009         16.0000         18.0000          2.0000        329.9082
  119         15.0009         16.0000         19.0000          2.0000        329.9461
  120         15.0009         16.0000         20.0000          2.0000        330.5682
  122         15.0009         16.0000         18.0000          3.0000        331.4379
  123         15.0009         16.0000         19.0000          3.0000        331.4595
  124         15.0009         16.0000         20.0000          3.0000        331.9357
  126         15.0009         16.0000         18.0000          4.0000        333.1926
  127         15.0009         16.0000         19.0000          4.0000        333.1944
  128         15.0009         16.0000         20.0000          4.0000        333.5506
  114         15.0022         16.0000         18.0000          1.0000        328.8653
  115         15.0022         16.0000         19.0000          1.0000        328.9159
  116         15.0022         16.0000         20.0000          1.0000        329.5922
  118         15.0022         16.0000         18.0000          2.0000        329.8898
  119         15.0022         16.0000         19.0000          2.0000        329.9274
  120         15.0022         16.0000         20.0000          2.0000        330.5516
  122         15.0022         16.0000         18.0000          3.0000        331.4225
  123         15.0022         16.0000         19.0000          3.0000        331.4440
  124         15.0022         16.0000         20.0000          3.0000        331.9216
  126         15.0022         16.0000         18.0000          4.0000        333.1806
  127         15.0022         16.0000         19.0000          4.0000        333.1823
  128         15.0022         16.0000         20.0000          4.0000        333.5395
  114         15.0022         16.0000         18.0000          1.0000        328.8829
  115         15.0022         16.0000         19.0000          1.0000        328.9338
  116         15.0022         16.0000         20.0000          1.0000        329.6077
  118         15.0022         16.0000         18.0000          2.0000        329.9048
  119         15.0022         16.0000         19.0000          2.0000        329.9426
  120         15.0022         16.0000         20.0000          2.0000        330.5650
  122         15.0022         16.0000         18.0000          3.0000        331.4344
  123         15.0022         16.0000         19.0000          3.0000        331.4560
  124         15.0022         16.0000         20.0000          3.0000        331.9323
  126         15.0022         16.0000         18.0000          4.0000        333.1889
  127         15.0022         16.0000         19.0000          4.0000        333.1907
  128         15.0022         16.0000         20.0000          4.0000        333.5469
  114         15.0022         16.0000         18.0000          1.0000        328.8847
  115         15.0022         16.0000         19.0000          1.0000        328.9357
  116         15.0022         16.0000         20.0000          1.0000        329.6093
  118         15.0022         16.0000         18.0000          2.0000        329.9066
  119         15.0022         16.0000         19.0000          2.0000        329.9444
  120         15.0022         16.0000         20.0000          2.0000        330.5666
  122         15.0022         16.0000         18.0000          3.0000        331.4360
  123         15.0022         16.0000         19.0000          3.0000        331.4577
  124         15.0022         16.0000         20.0000          3.0000        331.9339
  126         15.0022         16.0000         18.0000          4.0000        333.1903
  127         15.0022         16.0000         19.0000          4.0000        333.1921
  128         15.0022         16.0000         20.0000          4.0000        333.5483
  114         16.0012         16.0000         18.0000          1.0000        329.2697
  115         16.0012         16.0000         19.0000          1.0000        329.3498
  116         16.0012         16.0000         20.0000          1.0000        329.9808
  118         16.0012         16.0000         18.0000          2.0000        329.9278
  119         16.0012         16.0000         19.0000          2.0000        329.9990
  120         16.0012         16.0000         20.0000          2.0000        330.6102
  122         16.0012         16.0000         18.0000          3.0000        331.2971
  123         16.0012         16.0000         19.0000          3.0000        331.3323
  124         16.0012         16.0000         20.0000          3.0000        331.7712
  126         16.0012         16.0000         18.0000          4.0000        332.7648
  127         16.0012         16.0000         19.0000          4.0000        332.7710
  128         16.0012         16.0000         20.0000          4.0000        333.0844
  114         16.0012         16.0000         18.0000          1.0000        329.2870
  115         16.0012         16.0000         19.0000          1.0000        329.3676
  116         16.0012         16.0000         20.0000          1.0000        329.9965
  118         16.0012         16.0000         18.0000          2.0000        329.9431
  119         16.0012         16.0000         19.0000          2.0000        330.0146
  120         16.0012         16.0000         20.0000          2.0000        330.6241
  122         16.0012         16.0000         18.0000          3.0000        331.3095
  123         16.0012         16.0000         19.0000          3.0000        331.3450
  124         16.0012         16.0000         20.0000          3.0000        331.7827
  126         16.0012         16.0000         18.0000          4.0000        332.7737
  127         16.0012         16.0000         19.0000          4.0000        332.7802
  128         16.0012         16.0000         20.0000          4.0000        333.0927
  114         16.0012         16.0000         18.0000          1.0000        329.2885
  115         16.0012         16.0000         19.0000          1.0000        329.3691
  116         16.0012         16.0000         20.0000          1.0000        329.9979
  118         16.0012         16.0000         18.0000          2.0000        329.9447
  119         16.0012         16.0000         19.0000          2.0000        330.0162
  120         16.0012         16.0000         20.0000          2.0000        330.6255
  122         16.0012         16.0000         18.0000          3.0000        331.3110
  123         16.0012         16.0000         19.0000          3.0000        331.3465
  124         16.0012         16.0000         20.0000          3.0000        331.7840
  126         16.0012         16.0000         18.0000          4.0000        332.7750
  127         16.0012         16.0000         19.0000          4.0000        332.7815
  128         16.0012         16.0000         20.0000          4.0000        333.0939
  114         17.0023         16.0000         18.0000          1.0000        318.7915
  115         17.0023         16.0000         19.0000          1.0000        318.8726
  116         17.0023         16.0000         20.0000          1.0000        321.1827
  118         17.0023         16.0000         18.0000          2.0000        323.1261
  119         17.0023         16.0000         19.0000          2.0000        323.1879
  120         17.0023         16.0000         20.0000          2.0000        323.7162
  122         17.0023         16.0000         18.0000          3.0000        324.5306
  123         17.0023         16.0000         19.0000          3.0000        324.5630
  124         17.0023         16.0000         20.0000          3.0000        324.9298
  126         17.0023         16.0000         18.0000          4.0000        325.9435
  127         17.0023         16.0000         19.0000          4.0000        325.9548
  128         17.0023         16.0000         20.0000          4.0000        326.2183
  114         17.0023         16.0000         18.0000          1.0000        318.8861
  115         17.0023         16.0000         19.0000          1.0000        318.9681
  116         17.0023         16.0000         20.0000          1.0000        321.2719
  118         17.0023         16.0000         18.0000          2.0000        323.2121
  119         17.0023         16.0000         19.0000          2.0000        323.2748
  120         17.0023         16.0000         20.0000          2.0000        323.7974
  122         17.0023         16.0000         18.0000          3.0000        324.6032
  123         17.0023         16.0000         19.0000          3.0000        324.6365
  124         17.0023         16.0000         20.0000          3.0000        324.9980
  126         17.0023         16.0000         18.0000          4.0000        325.9977
  127         17.0023         16.0000         19.0000          4.0000        326.0096
  128         17.0023         16.0000         20.0000          4.0000        326.2687
  114         17.0023         16.0000         18.0000          1.0000        318.8961
  115         17.0023         16.0000         19.0000          1.0000        318.9784
  116         17.0023         16.0000         20.0000          1.0000        321.2809
  118         17.0023         16.0000         18.0000          2.0000        323.2212
  119         17.0023         16.0000         19.0000          2.0000        323.2840
  120         17.0023         16.0000         20.0000          2.0000        323.8058
  122         17.0023         16.0000         18.0000          3.0000        324.6116
  123         17.0023         16.0000         19.0000          3.0000        324.6449
  124         17.0023         16.0000         20.0000          3.0000        325.0058
  126         17.0023         16.0000         18.0000          4.0000        326.0051
  127         17.0023         16.0000         19.0000          4.0000        326.0171
  128         17.0023         16.0000         20.0000          4.0000        326.2757
  114         17.0023         16.0000         18.0000          1.0000        318.8981
  115         17.0023         16.0000         19.0000          1.0000        318.9805
  116         17.0023         16.0000         20.0000          1.0000        321.2827
  118         17.0023         16.0000         18.0000          2.0000        323.2229
  119         17.0023         16.0000         19.0000          2.0000        323.2857
  120         17.0023         16.0000         20.0000          2.0000        323.8074
  122         17.0023         16.0000         18.0000          3.0000        324.6130
  123         17.0023         16.0000         19.0000          3.0000        324.6464
  124         17.0023         16.0000         20.0000          3.0000        325.0072
  126         17.0023         16.0000         18.0000          4.0000        326.0063
  127         17.0023         16.0000         19.0000          4.0000        326.0182
  128         17.0023         16.0000         20.0000          4.0000        326.2768
  114         18.0008         16.0000         18.0000          1.0000        312.8927
  115         18.0008         16.0000         19.0000          1.0000        312.9545
  116         18.0008         16.0000         20.0000          1.0000        315.8188
  118         18.0008         16.0000         18.0000          2.0000        314.2231
  119         18.0008         16.0000         19.0000          2.0000        314.2645
  120         18.0008         16.0000         20.0000          2.0000        316.6718
  122         18.0008         16.0000         18.0000          3.0000        317.1428
  123         18.0008         16.0000         19.0000          3.0000        317.1600
  124         18.0008         16.0000         20.0000          3.0000        318.3919
  126         18.0008         16.0000         18.0000          4.0000        319.9099
  127         18.0008         16.0000         19.0000          4.0000        319.9125
  128         18.0008         16.0000         20.0000          4.0000        320.0600
  114         18.0008         16.0000         18.0000          1.0000        312.8384
  115         18.0008         16.0000         19.0000          1.0000        312.9000
  116         18.0008         16.0000         20.0000          1.0000        315.7663
  118         18.0008         16.0000         18.0000          2.0000        314.1697
  119         18.0008         16.0000         19.0000          2.0000        314.2108
  120         18.0008         16.0000         20.0000          2.0000        316.6217
  122         18.0008         16.0000         18.0000          3.0000        317.0976
  123         18.0008         16.0000         19.0000          3.0000        317.1142
  124         18.0008         16.0000         20.0000          3.0000        318.3494
  126         18.0008         16.0000         18.0000          4.0000        319.8758
  127         18.0008         16.0000         19.0000          4.0000        319.8779
  128         18.0008         16.0000         20.0000          4.0000        320.0278
  114         18.0008         16.0000         18.0000          1.0000        312.8310
  115         18.0008         16.0000         19.0000          1.0000        312.8924
  116         18.0008         16.0000         20.0000          1.0000        315.7597
  118         18.0008         16.0000         18.0000          2.0000        314.1630
  119         18.0008         16.0000         19.0000          2.0000        314.2039
  120         18.0008         16.0000         20.0000          2.0000        316.6156
  122         18.0008         16.0000         18.0000          3.0000        317.0916
  123         18.0008         16.0000         19.0000          3.0000        317.1083
  124         18.0008         16.0000         20.0000          3.0000        318.3439
  126         18.0008         16.0000         18.0000          4.0000        319.8707
  127         18.0008         16.0000         19.0000          4.0000        319.8728
  128         18.0008         16.0000         20.0000          4.0000        320.0230
  114         19.0009         16.0000         18.0000          1.0000        307.3289
  115         19.0009         16.0000         19.0000          1.0000        307.3525
  116         19.0009         16.0000         20.0000          1.0000        308.2114
  118         19.0009         16.0000         18.0000          2.0000        307.6015
  119         19.0009         16.0000         19.0000          2.0000        307.6146
  120         19.0009         16.0000         20.0000          2.0000        308.3589
  122         19.0009         16.0000         18.0000          3.0000        308.1693
  123         19.0009         16.0000         19.0000          3.0000        308.1714
  124         19.0009         16.0000         20.0000          3.0000        308.6735
  126         19.0009         16.0000         18.0000          4.0000        308.8987
  127         19.0009         16.0000         19.0000          4.0000        308.8960
  128         19.0009         16.0000         20.0000          4.0000        309.0553
  114         19.0009         16.0000         18.0000          1.0000        307.3427
  115         19.0009         16.0000         19.0000          1.0000        307.3665
  116         19.0009         16.0000         20.0000          1.0000        308.2234
  118         19.0009         16.0000         18.0000          2.0000        307.6133
  119         19.0009         16.0000         19.0000          2.0000        307.6264
  120         19.0009         16.0000         20.0000          2.0000        308.3693
  122         19.0009         16.0000         18.0000          3.0000        308.1785
  123         19.0009         16.0000         19.0000          3.0000        308.1807
  124         19.0009         16.0000         20.0000          3.0000        308.6818
  126         19.0009         16.0000         18.0000          4.0000        308.9052
  127         19.0009         16.0000         19.0000          4.0000        308.9024
  128         19.0009         16.0000         20.0000          4.0000        309.0612
  114         19.0009         16.0000         18.0000          1.0000        307.3433
  115         19.0009         16.0000         19.0000          1.0000        307.3671
  116         19.0009         16.0000         20.0000          1.0000        308.2238
  118         19.0009         16.0000         18.0000          2.0000        307.6140
  119         19.0009         16.0000         19.0000          2.0000        307.6272
  120         19.0009         16.0000         20.0000          2.0000        308.3699
  122         19.0009         16.0000         18.0000          3.0000        308.1792
  123         19.0009         16.0000         19.0000          3.0000        308.1814
  124         19.0009         16.0000         20.0000          3.0000        308.6825
  126         19.0009         16.0000         18.0000          4.0000        308.9058
  127         19.0009         16.0000         19.0000          4.0000        308.9030
  128         19.0009         16.0000         20.0000          4.0000        309.0618
  114         20.0012         16.0000         18.0000          1.0000        304.0352
  115         20.0012         16.0000         19.0000          1.0000        304.0383
  116         20.0012         16.0000         20.0000          1.0000        304.1683
  118         20.0012         16.0000         18.0000          2.0000        303.8300
  119         20.0012         16.0000         19.0000          2.0000        303.8266
  120         20.0012         16.0000         20.0000          2.0000        303.9312
  122         20.0012         16.0000         18.0000          3.0000        303.6427
  123         20.0012         16.0000         19.0000          3.0000        303.6325
  124         20.0012         16.0000         20.0000          3.0000        303.6969
  126         20.0012         16.0000         18.0000          4.0000        303.4524
  127         20.0012         16.0000         19.0000          4.0000        303.4424
  128         20.0012         16.0000         20.0000          4.0000        303.4387
  114         20.0012         16.0000         18.0000          1.0000        304.0489
  115         20.0012         16.0000         19.0000          1.0000        304.0524
  116         20.0012         16.0000         20.0000          1.0000        304.1801
  118         20.0012         16.0000         18.0000          2.0000        303.8413
  119         20.0012         16.0000         19.0000          2.0000        303.8381
  120         20.0012         16.0000         20.0000          2.0000        303.9410
  122         20.0012         16.0000         18.0000          3.0000        303.6510
  123         20.0012         16.0000         19.0000          3.0000        303.6409
  124         20.0012         16.0000         20.0000          3.0000        303.7043
  126         20.0012         16.0000         18.0000          4.0000        303.4579
  127         20.0012         16.0000         19.0000          4.0000        303.4479
  128         20.0012         16.0000         20.0000          4.0000        303.4434
  114         20.0012         16.0000         18.0000          1.0000        304.0497
  115         20.0012         16.0000         19.0000          1.0000        304.0531
  116         20.0012         16.0000         20.0000          1.0000        304.1807
  118         20.0012         16.0000         18.0000          2.0000        303.8422
  119         20.0012         16.0000         19.0000          2.0000        303.8390
  120         20.0012         16.0000         20.0000          2.0000        303.9418
  122         20.0012         16.0000         18.0000          3.0000        303.6520
  123         20.0012         16.0000         19.0000          3.0000        303.6419
  124         20.0012         16.0000         20.0000          3.0000        303.7051
  126         20.0012         16.0000         18.0000          4.0000        303.4587
  127         20.0012         16.0000         19.0000          4.0000        303.4487
  128         20.0012         16.0000         20.0000          4.0000        303.4441
  114         21.0061         16.0000         18.0000          1.0000        302.6851
  115         21.0061         16.0000         19.0000          1.0000        302.6770
  116         21.0061         16.0000         20.0000          1.0000        302.6425
  118         21.0061         16.0000         18.0000          2.0000        302.3885
  119         21.0061         16.0000         19.0000          2.0000        302.3771
  120         21.0061         16.0000         20.0000          2.0000        302.3416
  122         21.0061         16.0000         18.0000          3.0000        302.0647
  123         21.0061         16.0000         19.0000          3.0000        302.0497
  124         21.0061         16.0000         20.0000          3.0000        302.0198
  126         21.0061         16.0000         18.0000          4.0000        301.7223
  127         21.0061         16.0000         19.0000          4.0000        301.7098
  128         21.0061         16.0000         20.0000          4.0000        301.6756
  114         21.0061         16.0000         18.0000          1.0000        302.6992
  115         21.0061         16.0000         19.0000          1.0000        302.6914
  116         21.0061         16.0000         20.0000          1.0000        302.6547
  118         21.0061         16.0000         18.0000          2.0000        302.4006
  119         21.0061         16.0000         19.0000          2.0000        302.3893
  120         21.0061         16.0000         20.0000          2.0000        302.3521
  122         21.0061         16.0000         18.0000          3.0000        302.0742
  123         21.0061         16.0000         19.0000          3.0000        302.0592
  124         21.0061         16.0000         20.0000          3.0000        302.0281
  126         21.0061         16.0000         18.0000          4.0000        301.7287
  127         21.0061         16.0000         19.0000          4.0000        301.7162
  128         21.0061         16.0000         20.0000          4.0000        301.6812
  114         21.0061         16.0000         18.0000          1.0000        302.7001
  115         21.0061         16.0000         19.0000          1.0000        302.6923
  116         21.0061         16.0000         20.0000          1.0000        302.6554
  118         21.0061         16.0000         18.0000          2.0000        302.4015
  119         21.0061         16.0000         19.0000          2.0000        302.3903
  120         21.0061         16.0000         20.0000          2.0000        302.3529
  122         21.0061         16.0000         18.0000          3.0000        302.0751
  123         21.0061         16.0000         19.0000          3.0000        302.0602
  124         21.0061         16.0000         20.0000          3.0000        302.0290
  126         21.0061         16.0000         18.0000          4.0000        301.7295
  127         21.0061         16.0000         19.0000          4.0000        301.7170
  128         21.0061         16.0000         20.0000          4.0000        301.6819
  114         22.0079         16.0000         18.0000          1.0000        301.8000
  115         22.0079         16.0000         19.0000          1.0000        301.7833
  116         22.0079         16.0000         20.0000          1.0000        301.7025
  118         22.0079         16.0000         18.0000          2.0000        301.4625
  119         22.0079         16.0000         19.0000          2.0000        301.4452
  120         22.0079         16.0000         20.0000          2.0000        301.3730
  122         22.0079         16.0000         18.0000          3.0000        301.0905
  123         22.0079         16.0000         19.0000          3.0000        301.0714
  124         22.0079         16.0000         20.0000          3.0000        301.0179
  126         22.0079         16.0000         18.0000          4.0000        300.6907
  127         22.0079         16.0000         19.0000          4.0000        300.6757
  128         22.0079         16.0000         20.0000          4.0000        300.6335
  114         22.0079         16.0000         18.0000          1.0000        301.8199
  115         22.0079         16.0000         19.0000          1.0000        301.8036
  116         22.0079         16.0000         20.0000          1.0000        301.7202
  118         22.0079         16.0000         18.0000          2.0000        301.4799
  119         22.0079         16.0000         19.0000          2.0000        301.4629
  120         22.0079         16.0000         20.0000          2.0000        301.3885
  122         22.0079         16.0000         18.0000          3.0000        301.1047
  123         22.0079         16.0000         19.0000          3.0000        301.0856
  124         22.0079         16.0000         20.0000          3.0000        301.0306
  126         22.0079         16.0000         18.0000          4.0000        300.7008
  127         22.0079         16.0000         19.0000          4.0000        300.6859
  128         22.0079         16.0000         20.0000          4.0000        300.6426
  114         22.0079         16.0000         18.0000          1.0000        301.8213
  115         22.0079         16.0000         19.0000          1.0000        301.8050
  116         22.0079         16.0000         20.0000          1.0000        301.7215
  118         22.0079         16.0000         18.0000          2.0000        301.4813
  119         22.0079         16.0000         19.0000          2.0000        301.4643
  120         22.0079         16.0000         20.0000          2.0000        301.3899
  122         22.0079         16.0000         18.0000          3.0000        301.1061
  123         22.0079         16.0000         19.0000          3.0000        301.0871
  124         22.0079         16.0000         20.0000          3.0000        301.0319
  126         22.0079         16.0000         18.0000          4.0000        300.7021
  127         22.0079         16.0000         19.0000          4.0000        300.6871
  128         22.0079         16.0000         20.0000          4.0000        300.6438
  114         23.0110         16.0000         18.0000          1.0000        301.2939
  115         23.0110         16.0000         19.0000          1.0000        301.2717
  116         23.0110         16.0000         20.0000          1.0000        301.1782
  118         23.0110         16.0000         18.0000          2.0000        300.9615
  119         23.0110         16.0000         19.0000          2.0000        300.9413
  120         23.0110         16.0000         20.0000          2.0000        300.8602
  122         23.0110         16.0000         18.0000          3.0000        300.5952
  123         23.0110         16.0000         19.0000          3.0000        300.5745
  124         23.0110         16.0000         20.0000          3.0000        300.5156
  126         23.0110         16.0000         18.0000          4.0000        300.1961
  127         23.0110         16.0000         19.0000          4.0000        300.1803
  128         23.0110         16.0000         20.0000          4.0000        300.1367
  114         23.0110         16.0000         18.0000          1.0000        301.3147
  115         23.0110         16.0000         19.0000          1.0000        301.2928
  116         23.0110         16.0000         20.0000          1.0000        301.1966
  118         23.0110         16.0000         18.0000          2.0000        300.9797
  119         23.0110         16.0000         19.0000          2.0000        300.9597
  120         23.0110         16.0000         20.0000          2.0000        300.8764
  122         23.0110         16.0000         18.0000          3.0000        300.6099
  123         23.0110         16.0000         19.0000          3.0000        300.5893
  124         23.0110         16.0000         20.0000          3.0000        300.5289
  126         23.0110         16.0000         18.0000          4.0000        300.2067
  127         23.0110         16.0000         19.0000          4.0000        300.1909
  128         23.0110         16.0000         20.0000          4.0000        300.1462
  114         23.0110         16.0000         18.0000          1.0000        301.3158
  115         23.0110         16.0000         19.0000          1.0000        301.2939
  116         23.0110         16.0000         20.0000          1.0000        301.1976
  118         23.0110         16.0000         18.0000          2.0000        300.9809
  119         23.0110         16.0000         19.0000          2.0000        300.9609
  120         23.0110         16.0000         20.0000          2.0000        300.8776
  122         23.0110         16.0000         18.0000          3.0000        300.6112
  123         23.0110         16.0000         19.0000          3.0000        300.5906
  124         23.0110         16.0000         20.0000          3.0000        300.5300
  126         23.0110         16.0000         18.0000          4.0000        300.2079
  127         23.0110         16.0000         19.0000          4.0000        300.1921
  128         23.0110         16.0000         20.0000          4.0000        300.1473
