   82          1.0142         21.0000         18.0000          1.0000         -2.7009
   83          1.0142         21.0000         19.0000          1.0000         -2.7660
   84          1.0142         21.0000         20.0000          1.0000         -2.9770
   86          1.0142         21.0000         18.0000          2.0000         -3.2147
   87          1.0142         21.0000         19.0000          2.0000         -3.2714
   88          1.0142         21.0000         20.0000          2.0000         -3.4634
   90          1.0142         21.0000         18.0000          3.0000         -3.9514
   91          1.0142         21.0000         19.0000          3.0000         -4.0071
   92          1.0142         21.0000         20.0000          3.0000         -4.1574
   94          1.0142         21.0000         18.0000          4.0000         -4.8981
   95          1.0142         21.0000         19.0000          4.0000         -4.9417
   96          1.0142         21.0000         20.0000          4.0000         -5.0601
   82          1.0142         21.0000         18.0000          1.0000         -2.6760
   83          1.0142         21.0000         19.0000          1.0000         -2.7404
   84          1.0142         21.0000         20.0000          1.0000         -2.9549
   86          1.0142         21.0000         18.0000          2.0000         -3.1930
   87          1.0142         21.0000         19.0000          2.0000         -3.2494
   88          1.0142         21.0000         20.0000          2.0000         -3.4442
   90          1.0142         21.0000         18.0000          3.0000         -3.9339
   91          1.0142         21.0000         19.0000          3.0000         -3.9894
   92          1.0142         21.0000         20.0000          3.0000         -4.1419
   94          1.0142         21.0000         18.0000          4.0000         -4.8857
   95          1.0142         21.0000         19.0000          4.0000         -4.9292
   96          1.0142         21.0000         20.0000          4.0000         -5.0492
   82          1.0142         21.0000         18.0000          1.0000         -2.6662
   83          1.0142         21.0000         19.0000          1.0000         -2.7305
   84          1.0142         21.0000         20.0000          1.0000         -2.9459
   86          1.0142         21.0000         18.0000          2.0000         -3.1835
   87          1.0142         21.0000         19.0000          2.0000         -3.2397
   88          1.0142         21.0000         20.0000          2.0000         -3.4354
   90          1.0142         21.0000         18.0000          3.0000         -3.9252
   91          1.0142         21.0000         19.0000          3.0000         -3.9806
   92          1.0142         21.0000         20.0000          3.0000         -4.1339
   94          1.0142         21.0000         18.0000          4.0000         -4.8787
   95          1.0142         21.0000         19.0000          4.0000         -4.9221
   96          1.0142         21.0000         20.0000          4.0000         -5.0427
   82          2.0138         21.0000         18.0000          1.0000         -3.0285
   83          2.0138         21.0000         19.0000          1.0000         -3.1001
   84          2.0138         21.0000         20.0000          1.0000         -3.3397
   86          2.0138         21.0000         18.0000          2.0000         -3.5838
   87          2.0138         21.0000         19.0000          2.0000         -3.6449
   88          2.0138         21.0000         20.0000          2.0000         -3.8579
   90          2.0138         21.0000         18.0000          3.0000         -4.3583
   91          2.0138         21.0000         19.0000          3.0000         -4.4165
   92          2.0138         21.0000         20.0000          3.0000         -4.5809
   94          2.0138         21.0000         18.0000          4.0000         -5.3702
   95          2.0138         21.0000         19.0000          4.0000         -5.4150
   96          2.0138         21.0000         20.0000          4.0000         -5.5436
   82          2.0138         21.0000         18.0000          1.0000         -2.9939
   83          2.0138         21.0000         19.0000          1.0000         -3.0648
   84          2.0138         21.0000         20.0000          1.0000         -3.3088
   86          2.0138         21.0000         18.0000          2.0000         -3.5534
   87          2.0138         21.0000         19.0000          2.0000         -3.6141
   88          2.0138         21.0000         20.0000          2.0000         -3.8307
   90          2.0138         21.0000         18.0000          3.0000         -4.3335
   91          2.0138         21.0000         19.0000          3.0000         -4.3915
   92          2.0138         21.0000         20.0000          3.0000         -4.5586
   94          2.0138         21.0000         18.0000          4.0000         -5.3522
   95          2.0138         21.0000         19.0000          4.0000         -5.3968
   96          2.0138         21.0000         20.0000          4.0000         -5.5274
   82          2.0138         21.0000         18.0000          1.0000         -2.9851
   83          2.0138         21.0000         19.0000          1.0000         -3.0558
   84          2.0138         21.0000         20.0000          1.0000         -3.3007
   86          2.0138         21.0000         18.0000          2.0000         -3.5447
   87          2.0138         21.0000         19.0000          2.0000         -3.6052
   88          2.0138         21.0000         20.0000          2.0000         -3.8226
   90          2.0138         21.0000         18.0000          3.0000         -4.3254
   91          2.0138         21.0000         19.0000          3.0000         -4.3833
   92          2.0138         21.0000         20.0000          3.0000         -4.5511
   94          2.0138         21.0000         18.0000          4.0000         -5.3455
   95          2.0138         21.0000         19.0000          4.0000         -5.3900
   96          2.0138         21.0000         20.0000          4.0000         -5.5212
   82          3.0126         21.0000         18.0000          1.0000         -2.8465
   83          3.0126         21.0000         19.0000          1.0000         -2.9107
   84          3.0126         21.0000         20.0000          1.0000         -3.1229
   86          3.0126         21.0000         18.0000          2.0000         -3.3088
   87          3.0126         21.0000         19.0000          2.0000         -3.3623
   88          3.0126         21.0000         20.0000          2.0000         -3.5495
   90          3.0126         21.0000         18.0000          3.0000         -3.9438
   91          3.0126         21.0000         19.0000          3.0000         -3.9939
   92          3.0126         21.0000         20.0000          3.0000         -4.1388
   94          3.0126         21.0000         18.0000          4.0000         -4.7196
   95          3.0126         21.0000         19.0000          4.0000         -4.7576
   96          3.0126         21.0000         20.0000          4.0000         -4.8701
   82          3.0126         21.0000         18.0000          1.0000         -2.8259
   83          3.0126         21.0000         19.0000          1.0000         -2.8895
   84          3.0126         21.0000         20.0000          1.0000         -3.1042
   86          3.0126         21.0000         18.0000          2.0000         -3.2903
   87          3.0126         21.0000         19.0000          2.0000         -3.3436
   88          3.0126         21.0000         20.0000          2.0000         -3.5329
   90          3.0126         21.0000         18.0000          3.0000         -3.9285
   91          3.0126         21.0000         19.0000          3.0000         -3.9784
   92          3.0126         21.0000         20.0000          3.0000         -4.1249
   94          3.0126         21.0000         18.0000          4.0000         -4.7085
   95          3.0126         21.0000         19.0000          4.0000         -4.7464
   96          3.0126         21.0000         20.0000          4.0000         -4.8602
   82          3.0126         21.0000         18.0000          1.0000         -2.8137
   83          3.0126         21.0000         19.0000          1.0000         -2.8771
   84          3.0126         21.0000         20.0000          1.0000         -3.0931
   86          3.0126         21.0000         18.0000          2.0000         -3.2788
   87          3.0126         21.0000         19.0000          2.0000         -3.3318
   88          3.0126         21.0000         20.0000          2.0000         -3.5223
   90          3.0126         21.0000         18.0000          3.0000         -3.9182
   91          3.0126         21.0000         19.0000          3.0000         -3.9680
   92          3.0126         21.0000         20.0000          3.0000         -4.1155
   94          3.0126         21.0000         18.0000          4.0000         -4.7003
   95          3.0126         21.0000         19.0000          4.0000         -4.7381
   96          3.0126         21.0000         20.0000          4.0000         -4.8527
   82          4.0028         21.0000         18.0000          1.0000         -2.9130
   83          4.0028         21.0000         19.0000          1.0000         -2.9789
   84          4.0028         21.0000         20.0000          1.0000         -3.1975
   86          4.0028         21.0000         18.0000          2.0000         -3.3684
   87          4.0028         21.0000         19.0000          2.0000         -3.4221
   88          4.0028         21.0000         20.0000          2.0000         -3.6128
   90          4.0028         21.0000         18.0000          3.0000         -3.9865
   91          4.0028         21.0000         19.0000          3.0000         -4.0357
   92          4.0028         21.0000         20.0000          3.0000         -4.1826
   94          4.0028         21.0000         18.0000          4.0000         -4.7459
   95          4.0028         21.0000         19.0000          4.0000         -4.7828
   96          4.0028         21.0000         20.0000          4.0000         -4.8967
   82          4.0028         21.0000         18.0000          1.0000         -2.8933
   83          4.0028         21.0000         19.0000          1.0000         -2.9588
   84          4.0028         21.0000         20.0000          1.0000         -3.1800
   86          4.0028         21.0000         18.0000          2.0000         -3.3511
   87          4.0028         21.0000         19.0000          2.0000         -3.4045
   88          4.0028         21.0000         20.0000          2.0000         -3.5973
   90          4.0028         21.0000         18.0000          3.0000         -3.9724
   91          4.0028         21.0000         19.0000          3.0000         -4.0214
   92          4.0028         21.0000         20.0000          3.0000         -4.1700
   94          4.0028         21.0000         18.0000          4.0000         -4.7362
   95          4.0028         21.0000         19.0000          4.0000         -4.7729
   96          4.0028         21.0000         20.0000          4.0000         -4.8881
   82          4.0028         21.0000         18.0000          1.0000         -2.8813
   83          4.0028         21.0000         19.0000          1.0000         -2.9464
   84          4.0028         21.0000         20.0000          1.0000         -3.1690
   86          4.0028         21.0000         18.0000          2.0000         -3.3397
   87          4.0028         21.0000         19.0000          2.0000         -3.3929
   88          4.0028         21.0000         20.0000          2.0000         -3.5869
   90          4.0028         21.0000         18.0000          3.0000         -3.9623
   91          4.0028         21.0000         19.0000          3.0000         -4.0112
   92          4.0028         21.0000         20.0000          3.0000         -4.1607
   94          4.0028         21.0000         18.0000          4.0000         -4.7281
   95          4.0028         21.0000         19.0000          4.0000         -4.7648
   96          4.0028         21.0000         20.0000          4.0000         -4.8807
   82          5.0004         21.0000         18.0000          1.0000         -2.8145
   83          5.0004         21.0000         19.0000          1.0000         -2.8806
   84          5.0004         21.0000         20.0000          1.0000         -3.1041
   86          5.0004         21.0000         18.0000          2.0000         -3.2673
   87          5.0004         21.0000         19.0000          2.0000         -3.3202
   88          5.0004         21.0000         20.0000          2.0000         -3.5135
   90          5.0004         21.0000         18.0000          3.0000         -3.8737
   91          5.0004         21.0000         19.0000          3.0000         -3.9215
   92          5.0004         21.0000         20.0000          3.0000         -4.0699
   94          5.0004         21.0000         18.0000          4.0000         -4.6200
   95          5.0004         21.0000         19.0000          4.0000         -4.6555
   96          5.0004         21.0000         20.0000          4.0000         -4.7704
   82          5.0004         21.0000         18.0000          1.0000         -2.7966
   83          5.0004         21.0000         19.0000          1.0000         -2.8622
   84          5.0004         21.0000         20.0000          1.0000         -3.0882
   86          5.0004         21.0000         18.0000          2.0000         -3.2517
   87          5.0004         21.0000         19.0000          2.0000         -3.3043
   88          5.0004         21.0000         20.0000          2.0000         -3.4997
   90          5.0004         21.0000         18.0000          3.0000         -3.8613
   91          5.0004         21.0000         19.0000          3.0000         -3.9089
   92          5.0004         21.0000         20.0000          3.0000         -4.0590
   94          5.0004         21.0000         18.0000          4.0000         -4.6118
   95          5.0004         21.0000         19.0000          4.0000         -4.6472
   96          5.0004         21.0000         20.0000          4.0000         -4.7633
   82          5.0004         21.0000         18.0000          1.0000         -2.7850
   83          5.0004         21.0000         19.0000          1.0000         -2.8503
   84          5.0004         21.0000         20.0000          1.0000         -3.0777
   86          5.0004         21.0000         18.0000          2.0000         -3.2407
   87          5.0004         21.0000         19.0000          2.0000         -3.2931
   88          5.0004         21.0000         20.0000          2.0000         -3.4897
   90          5.0004         21.0000         18.0000          3.0000         -3.8516
   91          5.0004         21.0000         19.0000          3.0000         -3.8990
   92          5.0004         21.0000         20.0000          3.0000         -4.0501
   94          5.0004         21.0000         18.0000          4.0000         -4.6041
   95          5.0004         21.0000         19.0000          4.0000         -4.6394
   96          5.0004         21.0000         20.0000          4.0000         -4.7563
   82          6.0017         21.0000         18.0000          1.0000         -3.5637
   83          6.0017         21.0000         19.0000          1.0000         -3.6314
   84          6.0017         21.0000         20.0000          1.0000         -3.8601
   86          6.0017         21.0000         18.0000          2.0000         -4.0068
   87          6.0017         21.0000         19.0000          2.0000         -4.0598
   88          6.0017         21.0000         20.0000          2.0000         -4.2551
   90          6.0017         21.0000         18.0000          3.0000         -4.5932
   91          6.0017         21.0000         19.0000          3.0000         -4.6400
   92          6.0017         21.0000         20.0000          3.0000         -4.7891
   94          6.0017         21.0000         18.0000          4.0000         -5.3134
   95          6.0017         21.0000         19.0000          4.0000         -5.3477
   96          6.0017         21.0000         20.0000          4.0000         -5.4624
   82          6.0017         21.0000         18.0000          1.0000         -3.5403
   83          6.0017         21.0000         19.0000          1.0000         -3.6074
   84          6.0017         21.0000         20.0000          1.0000         -3.8387
   86          6.0017         21.0000         18.0000          2.0000         -3.9856
   87          6.0017         21.0000         19.0000          2.0000         -4.0383
   88          6.0017         21.0000         20.0000          2.0000         -4.2358
   90          6.0017         21.0000         18.0000          3.0000         -4.5753
   91          6.0017         21.0000         19.0000          3.0000         -4.6219
   92          6.0017         21.0000         20.0000          3.0000         -4.7727
   94          6.0017         21.0000         18.0000          4.0000         -5.2998
   95          6.0017         21.0000         19.0000          4.0000         -5.3340
   96          6.0017         21.0000         20.0000          4.0000         -5.4499
   82          6.0017         21.0000         18.0000          1.0000         -3.5273
   83          6.0017         21.0000         19.0000          1.0000         -3.5941
   84          6.0017         21.0000         20.0000          1.0000         -3.8267
   86          6.0017         21.0000         18.0000          2.0000         -3.9733
   87          6.0017         21.0000         19.0000          2.0000         -4.0258
   88          6.0017         21.0000         20.0000          2.0000         -4.2245
   90          6.0017         21.0000         18.0000          3.0000         -4.5645
   91          6.0017         21.0000         19.0000          3.0000         -4.6109
   92          6.0017         21.0000         20.0000          3.0000         -4.7627
   94          6.0017         21.0000         18.0000          4.0000         -5.2912
   95          6.0017         21.0000         19.0000          4.0000         -5.3253
   96          6.0017         21.0000         20.0000          4.0000         -5.4421
   82          7.0101         21.0000         18.0000          1.0000         -3.4300
   83          7.0101         21.0000         19.0000          1.0000         -3.4953
   84          7.0101         21.0000         20.0000          1.0000         -3.7213
   86          7.0101         21.0000         18.0000          2.0000         -3.8561
   87          7.0101         21.0000         19.0000          2.0000         -3.9067
   88          7.0101         21.0000         20.0000          2.0000         -4.0988
   90          7.0101         21.0000         18.0000          3.0000         -4.4159
   91          7.0101         21.0000         19.0000          3.0000         -4.4601
   92          7.0101         21.0000         20.0000          3.0000         -4.6066
   94          7.0101         21.0000         18.0000          4.0000         -5.1048
   95          7.0101         21.0000         19.0000          4.0000         -5.1370
   96          7.0101         21.0000         20.0000          4.0000         -5.2497
   82          7.0101         21.0000         18.0000          1.0000         -3.4007
   83          7.0101         21.0000         19.0000          1.0000         -3.4654
   84          7.0101         21.0000         20.0000          1.0000         -3.6937
   86          7.0101         21.0000         18.0000          2.0000         -3.8281
   87          7.0101         21.0000         19.0000          2.0000         -3.8782
   88          7.0101         21.0000         20.0000          2.0000         -4.0722
   90          7.0101         21.0000         18.0000          3.0000         -4.3899
   91          7.0101         21.0000         19.0000          3.0000         -4.4338
   92          7.0101         21.0000         20.0000          3.0000         -4.5819
   94          7.0101         21.0000         18.0000          4.0000         -5.0818
   95          7.0101         21.0000         19.0000          4.0000         -5.1138
   96          7.0101         21.0000         20.0000          4.0000         -5.2277
   82          7.0101         21.0000         18.0000          1.0000         -3.3868
   83          7.0101         21.0000         19.0000          1.0000         -3.4511
   84          7.0101         21.0000         20.0000          1.0000         -3.6808
   86          7.0101         21.0000         18.0000          2.0000         -3.8149
   87          7.0101         21.0000         19.0000          2.0000         -3.8648
   88          7.0101         21.0000         20.0000          2.0000         -4.0601
   90          7.0101         21.0000         18.0000          3.0000         -4.3783
   91          7.0101         21.0000         19.0000          3.0000         -4.4220
   92          7.0101         21.0000         20.0000          3.0000         -4.5712
   94          7.0101         21.0000         18.0000          4.0000         -5.0726
   95          7.0101         21.0000         19.0000          4.0000         -5.1045
   96          7.0101         21.0000         20.0000          4.0000         -5.2192
   82          8.0019         21.0000         18.0000          1.0000         -0.9599
   83          8.0019         21.0000         19.0000          1.0000         -1.0015
   84          8.0019         21.0000         20.0000          1.0000         -0.9578
   86          8.0019         21.0000         18.0000          2.0000         -0.9448
   87          8.0019         21.0000         19.0000          2.0000         -0.9740
   88          8.0019         21.0000         20.0000          2.0000         -0.9213
   90          8.0019         21.0000         18.0000          3.0000         -0.9482
   91          8.0019         21.0000         19.0000          3.0000         -0.9721
   92          8.0019         21.0000         20.0000          3.0000         -0.9126
   94          8.0019         21.0000         18.0000          4.0000         -0.9741
   95          8.0019         21.0000         19.0000          4.0000         -0.9908
   96          8.0019         21.0000         20.0000          4.0000         -0.9230
   82          8.0019         21.0000         18.0000          1.0000         -0.9173
   83          8.0019         21.0000         19.0000          1.0000         -0.9579
   84          8.0019         21.0000         20.0000          1.0000         -0.8946
   86          8.0019         21.0000         18.0000          2.0000         -0.9016
   87          8.0019         21.0000         19.0000          2.0000         -0.9302
   88          8.0019         21.0000         20.0000          2.0000         -0.8586
   90          8.0019         21.0000         18.0000          3.0000         -0.9052
   91          8.0019         21.0000         19.0000          3.0000         -0.9286
   92          8.0019         21.0000         20.0000          3.0000         -0.8506
   94          8.0019         21.0000         18.0000          4.0000         -0.9319
   95          8.0019         21.0000         19.0000          4.0000         -0.9483
   96          8.0019         21.0000         20.0000          4.0000         -0.8622
   82          8.0019         21.0000         18.0000          1.0000         -0.9020
   83          8.0019         21.0000         19.0000          1.0000         -0.9419
   84          8.0019         21.0000         20.0000          1.0000         -0.8808
   86          8.0019         21.0000         18.0000          2.0000         -0.8872
   87          8.0019         21.0000         19.0000          2.0000         -0.9154
   88          8.0019         21.0000         20.0000          2.0000         -0.8461
   90          8.0019         21.0000         18.0000          3.0000         -0.8925
   91          8.0019         21.0000         19.0000          3.0000         -0.9156
   92          8.0019         21.0000         20.0000          3.0000         -0.8397
   94          8.0019         21.0000         18.0000          4.0000         -0.9217
   95          8.0019         21.0000         19.0000          4.0000         -0.9380
   96          8.0019         21.0000         20.0000          4.0000         -0.8537
   82          9.0076         21.0000         18.0000          1.0000         10.6953
   83          9.0076         21.0000         19.0000          1.0000         10.7830
   84          9.0076         21.0000         20.0000          1.0000         19.8584
   86          9.0076         21.0000         18.0000          2.0000         13.1897
   87          9.0076         21.0000         19.0000          2.0000         13.2552
   88          9.0076         21.0000         20.0000          2.0000         22.1438
   90          9.0076         21.0000         18.0000          3.0000         24.2279
   91          9.0076         21.0000         19.0000          3.0000         24.2568
   92          9.0076         21.0000         20.0000          3.0000         29.1717
   94          9.0076         21.0000         18.0000          4.0000         36.4932
   95          9.0076         21.0000         19.0000          4.0000         36.4936
   96          9.0076         21.0000         20.0000          4.0000         37.0118
   82          9.0076         21.0000         18.0000          1.0000         10.7927
   83          9.0076         21.0000         19.0000          1.0000         10.8827
   84          9.0076         21.0000         20.0000          1.0000         19.9900
   86          9.0076         21.0000         18.0000          2.0000         13.2935
   87          9.0076         21.0000         19.0000          2.0000         13.3606
   88          9.0076         21.0000         20.0000          2.0000         22.2769
   90          9.0076         21.0000         18.0000          3.0000         24.3612
   91          9.0076         21.0000         19.0000          3.0000         24.3912
   92          9.0076         21.0000         20.0000          3.0000         29.3184
   94          9.0076         21.0000         18.0000          4.0000         36.6518
   95          9.0076         21.0000         19.0000          4.0000         36.6527
   96          9.0076         21.0000         20.0000          4.0000         37.1699
   82          9.0076         21.0000         18.0000          1.0000         10.8217
   83          9.0076         21.0000         19.0000          1.0000         10.9126
   84          9.0076         21.0000         20.0000          1.0000         20.0196
   86          9.0076         21.0000         18.0000          2.0000         13.3218
   87          9.0076         21.0000         19.0000          2.0000         13.3895
   88          9.0076         21.0000         20.0000          2.0000         22.3044
   90          9.0076         21.0000         18.0000          3.0000         24.3868
   91          9.0076         21.0000         19.0000          3.0000         24.4172
   92          9.0076         21.0000         20.0000          3.0000         29.3420
   94          9.0076         21.0000         18.0000          4.0000         36.6708
   95          9.0076         21.0000         19.0000          4.0000         36.6719
   96          9.0076         21.0000         20.0000          4.0000         37.1872
   82         10.0019         21.0000         18.0000          1.0000         32.2280
   83         10.0019         21.0000         19.0000          1.0000         32.7097
   84         10.0019         21.0000         20.0000          1.0000         55.0721
   86         10.0019         21.0000         18.0000          2.0000         72.3322
   87         10.0019         21.0000         19.0000          2.0000         72.7145
   88         10.0019         21.0000         20.0000          2.0000         77.5476
   90         10.0019         21.0000         18.0000          3.0000         82.2531
   91         10.0019         21.0000         19.0000          3.0000         82.4408
   92         10.0019         21.0000         20.0000          3.0000         85.2758
   94         10.0019         21.0000         18.0000          4.0000         93.6587
   95         10.0019         21.0000         19.0000          4.0000         93.7219
   96         10.0019         21.0000         20.0000          4.0000         95.0363
   82         10.0019         21.0000         18.0000          1.0000         32.3406
   83         10.0019         21.0000         19.0000          1.0000         32.8279
   84         10.0019         21.0000         20.0000          1.0000         55.2005
   86         10.0019         21.0000         18.0000          2.0000         72.4601
   87         10.0019         21.0000         19.0000          2.0000         72.8478
   88         10.0019         21.0000         20.0000          2.0000         77.6806
   90         10.0019         21.0000         18.0000          3.0000         82.3769
   91         10.0019         21.0000         19.0000          3.0000         82.5693
   92         10.0019         21.0000         20.0000          3.0000         85.4035
   94         10.0019         21.0000         18.0000          4.0000         93.7739
   95         10.0019         21.0000         19.0000          4.0000         93.8411
   96         10.0019         21.0000         20.0000          4.0000         95.1545
   82         10.0019         21.0000         18.0000          1.0000         32.3720
   83         10.0019         21.0000         19.0000          1.0000         32.8602
   84         10.0019         21.0000         20.0000          1.0000         55.2334
   86         10.0019         21.0000         18.0000          2.0000         72.4938
   87         10.0019         21.0000         19.0000          2.0000         72.8823
   88         10.0019         21.0000         20.0000          2.0000         77.7129
   90         10.0019         21.0000         18.0000          3.0000         82.4072
   91         10.0019         21.0000         19.0000          3.0000         82.6002
   92         10.0019         21.0000         20.0000          3.0000         85.4323
   94         10.0019         21.0000         18.0000          4.0000         93.7986
   95         10.0019         21.0000         19.0000          4.0000         93.8661
   96         10.0019         21.0000         20.0000          4.0000         95.1779
   82         11.0003         21.0000         18.0000          1.0000         84.0976
   83         11.0003         21.0000         19.0000          1.0000         84.6265
   84         11.0003         21.0000         20.0000          1.0000         93.3249
   86         11.0003         21.0000         18.0000          2.0000         99.3284
   87         11.0003         21.0000         19.0000          2.0000         99.7882
   88         11.0003         21.0000         20.0000          2.0000        104.1987
   90         11.0003         21.0000         18.0000          3.0000        111.6160
   91         11.0003         21.0000         19.0000          3.0000        111.8989
   92         11.0003         21.0000         20.0000          3.0000        114.9350
   94         11.0003         21.0000         18.0000          4.0000        127.1521
   95         11.0003         21.0000         19.0000          4.0000        127.2875
   96         11.0003         21.0000         20.0000          4.0000        129.4203
   82         11.0003         21.0000         18.0000          1.0000         84.1978
   83         11.0003         21.0000         19.0000          1.0000         84.7286
   84         11.0003         21.0000         20.0000          1.0000         93.4210
   86         11.0003         21.0000         18.0000          2.0000         99.4247
   87         11.0003         21.0000         19.0000          2.0000         99.8856
   88         11.0003         21.0000         20.0000          2.0000        104.2891
   90         11.0003         21.0000         18.0000          3.0000        111.7007
   91         11.0003         21.0000         19.0000          3.0000        111.9844
   92         11.0003         21.0000         20.0000          3.0000        115.0153
   94         11.0003         21.0000         18.0000          4.0000        127.2228
   95         11.0003         21.0000         19.0000          4.0000        127.3586
   96         11.0003         21.0000         20.0000          4.0000        129.4879
   82         11.0003         21.0000         18.0000          1.0000         84.2258
   83         11.0003         21.0000         19.0000          1.0000         84.7571
   84         11.0003         21.0000         20.0000          1.0000         93.4472
   86         11.0003         21.0000         18.0000          2.0000         99.4513
   87         11.0003         21.0000         19.0000          2.0000         99.9126
   88         11.0003         21.0000         20.0000          2.0000        104.3139
   90         11.0003         21.0000         18.0000          3.0000        111.7243
   91         11.0003         21.0000         19.0000          3.0000        112.0083
   92         11.0003         21.0000         20.0000          3.0000        115.0372
   94         11.0003         21.0000         18.0000          4.0000        127.2418
   95         11.0003         21.0000         19.0000          4.0000        127.3777
   96         11.0003         21.0000         20.0000          4.0000        129.5054
   82         12.0013         21.0000         18.0000          1.0000         85.3500
   83         12.0013         21.0000         19.0000          1.0000         85.9372
   84         12.0013         21.0000         20.0000          1.0000         91.6563
   86         12.0013         21.0000         18.0000          2.0000         97.4543
   87         12.0013         21.0000         19.0000          2.0000         98.0225
   88         12.0013         21.0000         20.0000          2.0000        102.2510
   90         12.0013         21.0000         18.0000          3.0000        110.4457
   91         12.0013         21.0000         19.0000          3.0000        110.8317
   92         12.0013         21.0000         20.0000          3.0000        113.6793
   94         12.0013         21.0000         18.0000          4.0000        126.3510
   95         12.0013         21.0000         19.0000          4.0000        126.5466
   96         12.0013         21.0000         20.0000          4.0000        128.5828
   82         12.0013         21.0000         18.0000          1.0000         81.4238
   83         12.0013         21.0000         19.0000          1.0000         82.0775
   84         12.0013         21.0000         20.0000          1.0000         88.1766
   86         12.0013         21.0000         18.0000          2.0000         96.5000
   87         12.0013         21.0000         19.0000          2.0000         97.1512
   88         12.0013         21.0000         20.0000          2.0000        101.4079
   90         12.0013         21.0000         18.0000          3.0000        110.4358
   91         12.0013         21.0000         19.0000          3.0000        110.8594
   92         12.0013         21.0000         20.0000          3.0000        113.4820
   94         12.0013         21.0000         18.0000          4.0000        126.3613
   95         12.0013         21.0000         19.0000          4.0000        126.5760
   96         12.0013         21.0000         20.0000          4.0000        128.3497
   82         12.0013         21.0000         18.0000          1.0000         81.1852
   83         12.0013         21.0000         19.0000          1.0000         81.8404
   84         12.0013         21.0000         20.0000          1.0000         88.0135
   86         12.0013         21.0000         18.0000          2.0000         96.5691
   87         12.0013         21.0000         19.0000          2.0000         97.2240
   88         12.0013         21.0000         20.0000          2.0000        101.5131
   90         12.0013         21.0000         18.0000          3.0000        110.6068
   91         12.0013         21.0000         19.0000          3.0000        111.0296
   92         12.0013         21.0000         20.0000          3.0000        113.6565
   94         12.0013         21.0000         18.0000          4.0000        126.5320
   95         12.0013         21.0000         19.0000          4.0000        126.7446
   96         12.0013         21.0000         20.0000          4.0000        128.5170
   82         12.0013         21.0000         18.0000          1.0000         81.1917
   83         12.0013         21.0000         19.0000          1.0000         81.8473
   84         12.0013         21.0000         20.0000          1.0000         88.0194
   86         12.0013         21.0000         18.0000          2.0000         96.5655
   87         12.0013         21.0000         19.0000          2.0000         97.2202
   88         12.0013         21.0000         20.0000          2.0000        101.5079
   90         12.0013         21.0000         18.0000          3.0000        110.5958
   91         12.0013         21.0000         19.0000          3.0000        111.0186
   92         12.0013         21.0000         20.0000          3.0000        113.6455
   94         12.0013         21.0000         18.0000          4.0000        126.5202
   95         12.0013         21.0000         19.0000          4.0000        126.7329
   96         12.0013         21.0000         20.0000          4.0000        128.5057
   82         13.0030         21.0000         18.0000          1.0000         88.6040
   83         13.0030         21.0000         19.0000          1.0000         89.2993
   84         13.0030         21.0000         20.0000          1.0000         95.9042
   86         13.0030         21.0000         18.0000          2.0000        103.4253
   87         13.0030         21.0000         19.0000          2.0000        103.9205
   88         13.0030         21.0000         20.0000          2.0000        108.0378
   90         13.0030         21.0000         18.0000          3.0000        115.9866
   91         13.0030         21.0000         19.0000          3.0000        116.2959
   92         13.0030         21.0000         20.0000          3.0000        119.0227
   94         13.0030         21.0000         18.0000          4.0000        131.5547
   95         13.0030         21.0000         19.0000          4.0000        131.6974
   96         13.0030         21.0000         20.0000          4.0000        133.6951
   82         13.0030         21.0000         18.0000          1.0000         88.6600
   83         13.0030         21.0000         19.0000          1.0000         89.3566
   84         13.0030         21.0000         20.0000          1.0000         95.9506
   86         13.0030         21.0000         18.0000          2.0000        103.4667
   87         13.0030         21.0000         19.0000          2.0000        103.9623
   88         13.0030         21.0000         20.0000          2.0000        108.0717
   90         13.0030         21.0000         18.0000          3.0000        116.0124
   91         13.0030         21.0000         19.0000          3.0000        116.3220
   92         13.0030         21.0000         20.0000          3.0000        119.0435
   94         13.0030         21.0000         18.0000          4.0000        131.5653
   95         13.0030         21.0000         19.0000          4.0000        131.7079
   96         13.0030         21.0000         20.0000          4.0000        133.7022
   82         13.0030         21.0000         18.0000          1.0000         88.6804
   83         13.0030         21.0000         19.0000          1.0000         89.3774
   84         13.0030         21.0000         20.0000          1.0000         95.9692
   86         13.0030         21.0000         18.0000          2.0000        103.4858
   87         13.0030         21.0000         19.0000          2.0000        103.9817
   88         13.0030         21.0000         20.0000          2.0000        108.0891
   90         13.0030         21.0000         18.0000          3.0000        116.0291
   91         13.0030         21.0000         19.0000          3.0000        116.3388
   92         13.0030         21.0000         20.0000          3.0000        119.0588
   94         13.0030         21.0000         18.0000          4.0000        131.5784
   95         13.0030         21.0000         19.0000          4.0000        131.7212
   96         13.0030         21.0000         20.0000          4.0000        133.7143
   82         14.0008         21.0000         18.0000          1.0000         97.3703
   83         14.0008         21.0000         19.0000          1.0000         97.8219
   84         14.0008         21.0000         20.0000          1.0000        104.1603
   86         14.0008         21.0000         18.0000          2.0000        112.8300
   87         14.0008         21.0000         19.0000          2.0000        113.2024
   88         14.0008         21.0000         20.0000          2.0000        118.0023
   90         14.0008         21.0000         18.0000          3.0000        128.3782
   91         14.0008         21.0000         19.0000          3.0000        128.6554
   92         14.0008         21.0000         20.0000          3.0000        132.0556
   94         14.0008         21.0000         18.0000          4.0000        147.7963
   95         14.0008         21.0000         19.0000          4.0000        147.9476
   96         14.0008         21.0000         20.0000          4.0000        150.5460
   82         14.0008         21.0000         18.0000          1.0000         98.2990
   83         14.0008         21.0000         19.0000          1.0000         98.7574
   84         14.0008         21.0000         20.0000          1.0000        105.1004
   86         14.0008         21.0000         18.0000          2.0000        113.8053
   87         14.0008         21.0000         19.0000          2.0000        114.1843
   88         14.0008         21.0000         20.0000          2.0000        118.9740
   90         14.0008         21.0000         18.0000          3.0000        129.3592
   91         14.0008         21.0000         19.0000          3.0000        129.6426
   92         14.0008         21.0000         20.0000          3.0000        133.0271
   94         14.0008         21.0000         18.0000          4.0000        148.7530
   95         14.0008         21.0000         19.0000          4.0000        148.9090
   96         14.0008         21.0000         20.0000          4.0000        151.4906
   82         14.0008         21.0000         18.0000          1.0000         98.4446
   83         14.0008         21.0000         19.0000          1.0000         98.9058
   84         14.0008         21.0000         20.0000          1.0000        105.2400
   86         14.0008         21.0000         18.0000          2.0000        113.9469
   87         14.0008         21.0000         19.0000          2.0000        114.3277
   88         14.0008         21.0000         20.0000          2.0000        119.1081
   90         14.0008         21.0000         18.0000          3.0000        129.4878
   91         14.0008         21.0000         19.0000          3.0000        129.7725
   92         14.0008         21.0000         20.0000          3.0000        133.1485
   94         14.0008         21.0000         18.0000          4.0000        148.8606
   95         14.0008         21.0000         19.0000          4.0000        149.0173
   96         14.0008         21.0000         20.0000          4.0000        151.5918
   82         14.0008         21.0000         18.0000          1.0000         98.4690
   83         14.0008         21.0000         19.0000          1.0000         98.9308
   84         14.0008         21.0000         20.0000          1.0000        105.2627
   86         14.0008         21.0000         18.0000          2.0000        113.9688
   87         14.0008         21.0000         19.0000          2.0000        114.3499
   88         14.0008         21.0000         20.0000          2.0000        119.1287
   90         14.0008         21.0000         18.0000          3.0000        129.5074
   91         14.0008         21.0000         19.0000          3.0000        129.7923
   92         14.0008         21.0000         20.0000          3.0000        133.1671
   94         14.0008         21.0000         18.0000          4.0000        148.8773
   95         14.0008         21.0000         19.0000          4.0000        149.0341
   96         14.0008         21.0000         20.0000          4.0000        151.6076
   82         15.0009         21.0000         18.0000          1.0000         71.6568
   83         15.0009         21.0000         19.0000          1.0000         72.1589
   84         15.0009         21.0000         20.0000          1.0000         76.8839
   86         15.0009         21.0000         18.0000          2.0000         85.7099
   87         15.0009         21.0000         19.0000          2.0000         86.1908
   88         15.0009         21.0000         20.0000          2.0000         89.5227
   90         15.0009         21.0000         18.0000          3.0000         96.8436
   91         15.0009         21.0000         19.0000          3.0000         97.1650
   92         15.0009         21.0000         20.0000          3.0000         99.1574
   94         15.0009         21.0000         18.0000          4.0000        108.8465
   95         15.0009         21.0000         19.0000          4.0000        108.9992
   96         15.0009         21.0000         20.0000          4.0000        110.3358
   82         15.0009         21.0000         18.0000          1.0000         70.8496
   83         15.0009         21.0000         19.0000          1.0000         71.3484
   84         15.0009         21.0000         20.0000          1.0000         76.0304
   86         15.0009         21.0000         18.0000          2.0000         84.8048
   87         15.0009         21.0000         19.0000          2.0000         85.2811
   88         15.0009         21.0000         20.0000          2.0000         88.5894
   90         15.0009         21.0000         18.0000          3.0000         95.8643
   91         15.0009         21.0000         19.0000          3.0000         96.1809
   92         15.0009         21.0000         20.0000          3.0000         98.1629
   94         15.0009         21.0000         18.0000          4.0000        107.8143
   95         15.0009         21.0000         19.0000          4.0000        107.9633
   96         15.0009         21.0000         20.0000          4.0000        109.2969
   82         15.0009         21.0000         18.0000          1.0000         70.7296
   83         15.0009         21.0000         19.0000          1.0000         71.2263
   84         15.0009         21.0000         20.0000          1.0000         75.9137
   86         15.0009         21.0000         18.0000          2.0000         84.6891
   87         15.0009         21.0000         19.0000          2.0000         85.1639
   88         15.0009         21.0000         20.0000          2.0000         88.4793
   90         15.0009         21.0000         18.0000          3.0000         95.7619
   91         15.0009         21.0000         19.0000          3.0000         96.0774
   92         15.0009         21.0000         20.0000          3.0000         98.0665
   94         15.0009         21.0000         18.0000          4.0000        107.7329
   95         15.0009         21.0000         19.0000          4.0000        107.8812
   96         15.0009         21.0000         20.0000          4.0000        109.2211
   82         15.0022         21.0000         18.0000          1.0000         70.5763
   83         15.0022         21.0000         19.0000          1.0000         71.0708
   84         15.0022         21.0000         20.0000          1.0000         75.7703
   86         15.0022         21.0000         18.0000          2.0000         84.5453
   87         15.0022         21.0000         19.0000          2.0000         85.0190
   88         15.0022         21.0000         20.0000          2.0000         88.3439
   90         15.0022         21.0000         18.0000          3.0000         95.6304
   91         15.0022         21.0000         19.0000          3.0000         95.9452
   92         15.0022         21.0000         20.0000          3.0000         97.9414
   94         15.0022         21.0000         18.0000          4.0000        107.6193
   95         15.0022         21.0000         19.0000          4.0000        107.7673
   96         15.0022         21.0000         20.0000          4.0000        109.1122
   82         15.0022         21.0000         18.0000          1.0000         70.6346
   83         15.0022         21.0000         19.0000          1.0000         71.1302
   84         15.0022         21.0000         20.0000          1.0000         75.8203
   86         15.0022         21.0000         18.0000          2.0000         84.5933
   87         15.0022         21.0000         19.0000          2.0000         85.0675
   88         15.0022         21.0000         20.0000          2.0000         88.3849
   90         15.0022         21.0000         18.0000          3.0000         95.6664
   91         15.0022         21.0000         19.0000          3.0000         95.9814
   92         15.0022         21.0000         20.0000          3.0000         97.9721
   94         15.0022         21.0000         18.0000          4.0000        107.6416
   95         15.0022         21.0000         19.0000          4.0000        107.7897
   96         15.0022         21.0000         20.0000          4.0000        109.1307
   82         15.0022         21.0000         18.0000          1.0000         70.6596
   83         15.0022         21.0000         19.0000          1.0000         71.1557
   84         15.0022         21.0000         20.0000          1.0000         75.8430
   86         15.0022         21.0000         18.0000          2.0000         84.6168
   87         15.0022         21.0000         19.0000          2.0000         85.0913
   88         15.0022         21.0000         20.0000          2.0000         88.4063
   90         15.0022         21.0000         18.0000          3.0000         95.6869
   91         15.0022         21.0000         19.0000          3.0000         96.0022
   92         15.0022         21.0000         20.0000          3.0000         97.9909
   94         15.0022         21.0000         18.0000          4.0000        107.6578
   95         15.0022         21.0000         19.0000          4.0000        107.8060
   96         15.0022         21.0000         20.0000          4.0000        109.1455
   82         16.0012         21.0000         18.0000          1.0000         73.3062
   83         16.0012         21.0000         19.0000          1.0000         73.9613
   84         16.0012         21.0000         20.0000          1.0000         78.4282
   86         16.0012         21.0000         18.0000          2.0000         86.7078
   87         16.0012         21.0000         19.0000          2.0000         87.4092
   88         16.0012         21.0000         20.0000          2.0000         90.5794
   90         16.0012         21.0000         18.0000          3.0000         97.8065
   91         16.0012         21.0000         19.0000          3.0000         98.2550
   92         16.0012         21.0000         20.0000          3.0000         99.8785
   94         16.0012         21.0000         18.0000          4.0000        109.7126
   95         16.0012         21.0000         19.0000          4.0000        109.9232
   96         16.0012         21.0000         20.0000          4.0000        110.8550
   82         16.0012         21.0000         18.0000          1.0000         73.3855
   83         16.0012         21.0000         19.0000          1.0000         74.0428
   84         16.0012         21.0000         20.0000          1.0000         78.4986
   86         16.0012         21.0000         18.0000          2.0000         86.7743
   87         16.0012         21.0000         19.0000          2.0000         87.4771
   88         16.0012         21.0000         20.0000          2.0000         90.6386
   90         16.0012         21.0000         18.0000          3.0000         97.8581
   91         16.0012         21.0000         19.0000          3.0000         98.3078
   92         16.0012         21.0000         20.0000          3.0000         99.9252
   94         16.0012         21.0000         18.0000          4.0000        109.7483
   95         16.0012         21.0000         19.0000          4.0000        109.9599
   96         16.0012         21.0000         20.0000          4.0000        110.8876
   82         16.0012         21.0000         18.0000          1.0000         73.4074
   83         16.0012         21.0000         19.0000          1.0000         74.0652
   84         16.0012         21.0000         20.0000          1.0000         78.5187
   86         16.0012         21.0000         18.0000          2.0000         86.7952
   87         16.0012         21.0000         19.0000          2.0000         87.4983
   88         16.0012         21.0000         20.0000          2.0000         90.6577
   90         16.0012         21.0000         18.0000          3.0000         97.8766
   91         16.0012         21.0000         19.0000          3.0000         98.3266
   92         16.0012         21.0000         20.0000          3.0000         99.9423
   94         16.0012         21.0000         18.0000          4.0000        109.7632
   95         16.0012         21.0000         19.0000          4.0000        109.9749
   96         16.0012         21.0000         20.0000          4.0000        110.9013
   82         17.0023         21.0000         18.0000          1.0000         58.4491
   83         17.0023         21.0000         19.0000          1.0000         58.8650
   84         17.0023         21.0000         20.0000          1.0000         62.5277
   86         17.0023         21.0000         18.0000          2.0000         68.5996
   87         17.0023         21.0000         19.0000          2.0000         69.0439
   88         17.0023         21.0000         20.0000          2.0000         71.8284
   90         17.0023         21.0000         18.0000          3.0000         78.5172
   91         17.0023         21.0000         19.0000          3.0000         78.8198
   92         17.0023         21.0000         20.0000          3.0000         80.4852
   94         17.0023         21.0000         18.0000          4.0000         90.0685
   95         17.0023         21.0000         19.0000          4.0000         90.2229
   96         17.0023         21.0000         20.0000          4.0000         91.3364
   82         17.0023         21.0000         18.0000          1.0000         59.1080
   83         17.0023         21.0000         19.0000          1.0000         59.5293
   84         17.0023         21.0000         20.0000          1.0000         63.1936
   86         17.0023         21.0000         18.0000          2.0000         69.2881
   87         17.0023         21.0000         19.0000          2.0000         69.7378
   88         17.0023         21.0000         20.0000          2.0000         72.5148
   90         17.0023         21.0000         18.0000          3.0000         79.2100
   91         17.0023         21.0000         19.0000          3.0000         79.5176
   92         17.0023         21.0000         20.0000          3.0000         81.1718
   94         17.0023         21.0000         18.0000          4.0000         90.7434
   95         17.0023         21.0000         19.0000          4.0000         90.9018
   96         17.0023         21.0000         20.0000          4.0000         92.0035
   82         17.0023         21.0000         18.0000          1.0000         59.2140
   83         17.0023         21.0000         19.0000          1.0000         59.6373
   84         17.0023         21.0000         20.0000          1.0000         63.2952
   86         17.0023         21.0000         18.0000          2.0000         69.3916
   87         17.0023         21.0000         19.0000          2.0000         69.8426
   88         17.0023         21.0000         20.0000          2.0000         72.6128
   90         17.0023         21.0000         18.0000          3.0000         79.3043
   91         17.0023         21.0000         19.0000          3.0000         79.6129
   92         17.0023         21.0000         20.0000          3.0000         81.2609
   94         17.0023         21.0000         18.0000          4.0000         90.8226
   95         17.0023         21.0000         19.0000          4.0000         90.9815
   96         17.0023         21.0000         20.0000          4.0000         92.0779
   82         17.0023         21.0000         18.0000          1.0000         59.2306
   83         17.0023         21.0000         19.0000          1.0000         59.6544
   84         17.0023         21.0000         20.0000          1.0000         63.3108
   86         17.0023         21.0000         18.0000          2.0000         69.4068
   87         17.0023         21.0000         19.0000          2.0000         69.8580
   88         17.0023         21.0000         20.0000          2.0000         72.6271
   90         17.0023         21.0000         18.0000          3.0000         79.3180
   91         17.0023         21.0000         19.0000          3.0000         79.6267
   92         17.0023         21.0000         20.0000          3.0000         81.2739
   94         17.0023         21.0000         18.0000          4.0000         90.8344
   95         17.0023         21.0000         19.0000          4.0000         90.9934
   96         17.0023         21.0000         20.0000          4.0000         92.0891
   82         18.0008         21.0000         18.0000          1.0000         36.2042
   83         18.0008         21.0000         19.0000          1.0000         36.4534
   84         18.0008         21.0000         20.0000          1.0000         38.5855
   86         18.0008         21.0000         18.0000          2.0000         41.9884
   87         18.0008         21.0000         19.0000          2.0000         42.2554
   88         18.0008         21.0000         20.0000          2.0000         43.8550
   90         18.0008         21.0000         18.0000          3.0000         47.7125
   91         18.0008         21.0000         19.0000          3.0000         47.8948
   92         18.0008         21.0000         20.0000          3.0000         48.8151
   94         18.0008         21.0000         18.0000          4.0000         54.5467
   95         18.0008         21.0000         19.0000          4.0000         54.6331
   96         18.0008         21.0000         20.0000          4.0000         55.1987
   82         18.0008         21.0000         18.0000          1.0000         35.8064
   83         18.0008         21.0000         19.0000          1.0000         36.0540
   84         18.0008         21.0000         20.0000          1.0000         38.1669
   86         18.0008         21.0000         18.0000          2.0000         41.5474
   87         18.0008         21.0000         19.0000          2.0000         41.8114
   88         18.0008         21.0000         20.0000          2.0000         43.4032
   90         18.0008         21.0000         18.0000          3.0000         47.2470
   91         18.0008         21.0000         19.0000          3.0000         47.4262
   92         18.0008         21.0000         20.0000          3.0000         48.3460
   94         18.0008         21.0000         18.0000          4.0000         54.0746
   95         18.0008         21.0000         19.0000          4.0000         54.1586
   96         18.0008         21.0000         20.0000          4.0000         54.7278
   82         18.0008         21.0000         18.0000          1.0000         35.7469
   83         18.0008         21.0000         19.0000          1.0000         35.9933
   84         18.0008         21.0000         20.0000          1.0000         38.1085
   86         18.0008         21.0000         18.0000          2.0000         41.4889
   87         18.0008         21.0000         19.0000          2.0000         41.7522
   88         18.0008         21.0000         20.0000          2.0000         43.3468
   90         18.0008         21.0000         18.0000          3.0000         47.1930
   91         18.0008         21.0000         19.0000          3.0000         47.3717
   92         18.0008         21.0000         20.0000          3.0000         48.2943
   94         18.0008         21.0000         18.0000          4.0000         54.0280
   95         18.0008         21.0000         19.0000          4.0000         54.1117
   96         18.0008         21.0000         20.0000          4.0000         54.6834
   82         19.0009         21.0000         18.0000          1.0000         13.1738
   83         19.0009         21.0000         19.0000          1.0000         13.2479
   84         19.0009         21.0000         20.0000          1.0000         13.8241
   86         19.0009         21.0000         18.0000          2.0000         14.6294
   87         19.0009         21.0000         19.0000          2.0000         14.6916
   88         19.0009         21.0000         20.0000          2.0000         15.0724
   90         19.0009         21.0000         18.0000          3.0000         15.7849
   91         19.0009         21.0000         19.0000          3.0000         15.8086
   92         19.0009         21.0000         20.0000          3.0000         15.9927
   94         19.0009         21.0000         18.0000          4.0000         17.1245
   95         19.0009         21.0000         19.0000          4.0000         17.1211
   96         19.0009         21.0000         20.0000          4.0000         17.2119
   82         19.0009         21.0000         18.0000          1.0000         13.2200
   83         19.0009         21.0000         19.0000          1.0000         13.2951
   84         19.0009         21.0000         20.0000          1.0000         13.8625
   86         19.0009         21.0000         18.0000          2.0000         14.6651
   87         19.0009         21.0000         19.0000          2.0000         14.7275
   88         19.0009         21.0000         20.0000          2.0000         15.1017
   90         19.0009         21.0000         18.0000          3.0000         15.8092
   91         19.0009         21.0000         19.0000          3.0000         15.8329
   92         19.0009         21.0000         20.0000          3.0000         16.0124
   94         19.0009         21.0000         18.0000          4.0000         17.1376
   95         19.0009         21.0000         19.0000          4.0000         17.1341
   96         19.0009         21.0000         20.0000          4.0000         17.2219
   82         19.0009         21.0000         18.0000          1.0000         13.2265
   83         19.0009         21.0000         19.0000          1.0000         13.3017
   84         19.0009         21.0000         20.0000          1.0000         13.8682
   86         19.0009         21.0000         18.0000          2.0000         14.6717
   87         19.0009         21.0000         19.0000          2.0000         14.7342
   88         19.0009         21.0000         20.0000          2.0000         15.1075
   90         19.0009         21.0000         18.0000          3.0000         15.8152
   91         19.0009         21.0000         19.0000          3.0000         15.8389
   92         19.0009         21.0000         20.0000          3.0000         16.0178
   94         19.0009         21.0000         18.0000          4.0000         17.1424
   95         19.0009         21.0000         19.0000          4.0000         17.1390
   96         19.0009         21.0000         20.0000          4.0000         17.2262
   82         20.0012         21.0000         18.0000          1.0000          0.7008
   83         20.0012         21.0000         19.0000          1.0000          0.6961
   84         20.0012         21.0000         20.0000          1.0000          0.6232
   86         20.0012         21.0000         18.0000          2.0000          0.4262
   87         20.0012         21.0000         19.0000          2.0000          0.4120
   88         20.0012         21.0000         20.0000          2.0000          0.3078
   90         20.0012         21.0000         18.0000          3.0000         -0.1430
   91         20.0012         21.0000         19.0000          3.0000         -0.1705
   92         20.0012         21.0000         20.0000          3.0000         -0.2740
   94         20.0012         21.0000         18.0000          4.0000         -1.0116
   95         20.0012         21.0000         19.0000          4.0000         -1.0425
   96         20.0012         21.0000         20.0000          4.0000         -1.1469
   82         20.0012         21.0000         18.0000          1.0000          0.7290
   83         20.0012         21.0000         19.0000          1.0000          0.7249
   84         20.0012         21.0000         20.0000          1.0000          0.6470
   86         20.0012         21.0000         18.0000          2.0000          0.4489
   87         20.0012         21.0000         19.0000          2.0000          0.4350
   88         20.0012         21.0000         20.0000          2.0000          0.3272
   90         20.0012         21.0000         18.0000          3.0000         -0.1263
   91         20.0012         21.0000         19.0000          3.0000         -0.1538
   92         20.0012         21.0000         20.0000          3.0000         -0.2604
   94         20.0012         21.0000         18.0000          4.0000         -1.0040
   95         20.0012         21.0000         19.0000          4.0000         -1.0350
   96         20.0012         21.0000         20.0000          4.0000         -1.1415
   82         20.0012         21.0000         18.0000          1.0000          0.7322
   83         20.0012         21.0000         19.0000          1.0000          0.7281
   84         20.0012         21.0000         20.0000          1.0000          0.6496
   86         20.0012         21.0000         18.0000          2.0000          0.4518
   87         20.0012         21.0000         19.0000          2.0000          0.4380
   88         20.0012         21.0000         20.0000          2.0000          0.3296
   90         20.0012         21.0000         18.0000          3.0000         -0.1240
   91         20.0012         21.0000         19.0000          3.0000         -0.1514
   92         20.0012         21.0000         20.0000          3.0000         -0.2582
   94         20.0012         21.0000         18.0000          4.0000         -1.0015
   95         20.0012         21.0000         19.0000          4.0000         -1.0325
   96         20.0012         21.0000         20.0000          4.0000         -1.1392
   82         21.0061         21.0000         18.0000          1.0000         -1.5845
   83         21.0061         21.0000         19.0000          1.0000         -1.6149
   84         21.0061         21.0000         20.0000          1.0000         -1.7867
   86         21.0061         21.0000         18.0000          2.0000         -2.1422
   87         21.0061         21.0000         19.0000          2.0000         -2.1805
   88         21.0061         21.0000         20.0000          2.0000         -2.3639
   90         21.0061         21.0000         18.0000          3.0000         -3.0587
   91         21.0061         21.0000         19.0000          3.0000         -3.1090
   92         21.0061         21.0000         20.0000          3.0000         -3.2678
   94         21.0061         21.0000         18.0000          4.0000         -4.3482
   95         21.0061         21.0000         19.0000          4.0000         -4.3936
   96         21.0061         21.0000         20.0000          4.0000         -4.5298
   82         21.0061         21.0000         18.0000          1.0000         -1.5567
   83         21.0061         21.0000         19.0000          1.0000         -1.5866
   84         21.0061         21.0000         20.0000          1.0000         -1.7638
   86         21.0061         21.0000         18.0000          2.0000         -2.1205
   87         21.0061         21.0000         19.0000          2.0000         -2.1585
   88         21.0061         21.0000         20.0000          2.0000         -2.3462
   90         21.0061         21.0000         18.0000          3.0000         -3.0443
   91         21.0061         21.0000         19.0000          3.0000         -3.0944
   92         21.0061         21.0000         20.0000          3.0000         -3.2563
   94         21.0061         21.0000         18.0000          4.0000         -4.3416
   95         21.0061         21.0000         19.0000          4.0000         -4.3870
   96         21.0061         21.0000         20.0000          4.0000         -4.5253
   82         21.0061         21.0000         18.0000          1.0000         -1.5523
   83         21.0061         21.0000         19.0000          1.0000         -1.5821
   84         21.0061         21.0000         20.0000          1.0000         -1.7598
   86         21.0061         21.0000         18.0000          2.0000         -2.1158
   87         21.0061         21.0000         19.0000          2.0000         -2.1536
   88         21.0061         21.0000         20.0000          2.0000         -2.3419
   90         21.0061         21.0000         18.0000          3.0000         -3.0397
   91         21.0061         21.0000         19.0000          3.0000         -3.0897
   92         21.0061         21.0000         20.0000          3.0000         -3.2521
   94         21.0061         21.0000         18.0000          4.0000         -4.3377
   95         21.0061         21.0000         19.0000          4.0000         -4.3830
   96         21.0061         21.0000         20.0000          4.0000         -4.5218
   82         22.0079         21.0000         18.0000          1.0000         -1.4144
   83         22.0079         21.0000         19.0000          1.0000         -1.4513
   84         22.0079         21.0000         20.0000          1.0000         -1.6082
   86         22.0079         21.0000         18.0000          2.0000         -1.9006
   87         22.0079         21.0000         19.0000          2.0000         -1.9409
   88         22.0079         21.0000         20.0000          2.0000         -2.0999
   90         22.0079         21.0000         18.0000          3.0000         -2.6518
   91         22.0079         21.0000         19.0000          3.0000         -2.6996
   92         22.0079         21.0000         20.0000          3.0000         -2.8322
   94         22.0079         21.0000         18.0000          4.0000         -3.6066
   95         22.0079         21.0000         19.0000          4.0000         -3.6475
   96         22.0079         21.0000         20.0000          4.0000         -3.7569
   82         22.0079         21.0000         18.0000          1.0000         -1.3956
   83         22.0079         21.0000         19.0000          1.0000         -1.4321
   84         22.0079         21.0000         20.0000          1.0000         -1.5915
   86         22.0079         21.0000         18.0000          2.0000         -1.8839
   87         22.0079         21.0000         19.0000          2.0000         -1.9239
   88         22.0079         21.0000         20.0000          2.0000         -2.0850
   90         22.0079         21.0000         18.0000          3.0000         -2.6381
   91         22.0079         21.0000         19.0000          3.0000         -2.6857
   92         22.0079         21.0000         20.0000          3.0000         -2.8201
   94         22.0079         21.0000         18.0000          4.0000         -3.5971
   95         22.0079         21.0000         19.0000          4.0000         -3.6379
   96         22.0079         21.0000         20.0000          4.0000         -3.7485
   82         22.0079         21.0000         18.0000          1.0000         -1.3860
   83         22.0079         21.0000         19.0000          1.0000         -1.4222
   84         22.0079         21.0000         20.0000          1.0000         -1.5826
   86         22.0079         21.0000         18.0000          2.0000         -1.8743
   87         22.0079         21.0000         19.0000          2.0000         -1.9142
   88         22.0079         21.0000         20.0000          2.0000         -2.0762
   90         22.0079         21.0000         18.0000          3.0000         -2.6292
   91         22.0079         21.0000         19.0000          3.0000         -2.6767
   92         22.0079         21.0000         20.0000          3.0000         -2.8119
   94         22.0079         21.0000         18.0000          4.0000         -3.5897
   95         22.0079         21.0000         19.0000          4.0000         -3.6305
   96         22.0079         21.0000         20.0000          4.0000         -3.7418
   82         23.0110         21.0000         18.0000          1.0000         -2.0038
   83         23.0110         21.0000         19.0000          1.0000         -2.0527
   84         23.0110         21.0000         20.0000          1.0000         -2.2282
   86         23.0110         21.0000         18.0000          2.0000         -2.5107
   87         23.0110         21.0000         19.0000          2.0000         -2.5585
   88         23.0110         21.0000         20.0000          2.0000         -2.7274
   90         23.0110         21.0000         18.0000          3.0000         -3.2604
   91         23.0110         21.0000         19.0000          3.0000         -3.3126
   92         23.0110         21.0000         20.0000          3.0000         -3.4486
   94         23.0110         21.0000         18.0000          4.0000         -4.1846
   95         23.0110         21.0000         19.0000          4.0000         -4.2276
   96         23.0110         21.0000         20.0000          4.0000         -4.3367
   82         23.0110         21.0000         18.0000          1.0000         -1.9856
   83         23.0110         21.0000         19.0000          1.0000         -2.0340
   84         23.0110         21.0000         20.0000          1.0000         -2.2119
   86         23.0110         21.0000         18.0000          2.0000         -2.4942
   87         23.0110         21.0000         19.0000          2.0000         -2.5418
   88         23.0110         21.0000         20.0000          2.0000         -2.7127
   90         23.0110         21.0000         18.0000          3.0000         -3.2466
   91         23.0110         21.0000         19.0000          3.0000         -3.2987
   92         23.0110         21.0000         20.0000          3.0000         -3.4363
   94         23.0110         21.0000         18.0000          4.0000         -4.1748
   95         23.0110         21.0000         19.0000          4.0000         -4.2177
   96         23.0110         21.0000         20.0000          4.0000         -4.3280
   82         23.0110         21.0000         18.0000          1.0000         -1.9743
   83         23.0110         21.0000         19.0000          1.0000         -2.0224
   84         23.0110         21.0000         20.0000          1.0000         -2.2016
   86         23.0110         21.0000         18.0000          2.0000         -2.4833
   87         23.0110         21.0000         19.0000          2.0000         -2.5307
   88         23.0110         21.0000         20.0000          2.0000         -2.7027
   90         23.0110         21.0000         18.0000          3.0000         -3.2368
   91         23.0110         21.0000         19.0000          3.0000         -3.2887
   92         23.0110         21.0000         20.0000          3.0000         -3.4273
   94         23.0110         21.0000         18.0000          4.0000         -4.1668
   95         23.0110         21.0000         19.0000          4.0000         -4.2096
   96         23.0110         21.0000         20.0000          4.0000         -4.3206
