   81          1.0142         21.0000         17.0000          1.0000        304.4983
   85          1.0142         21.0000         17.0000          2.0000        304.7511
   89          1.0142         21.0000         17.0000          3.0000        304.7838
   93          1.0142         21.0000         17.0000          4.0000        304.7247
   81          1.0142         21.0000         17.0000          1.0000        304.5014
   85          1.0142         21.0000         17.0000          2.0000        304.7539
   89          1.0142         21.0000         17.0000          3.0000        304.7861
   93          1.0142         21.0000         17.0000          4.0000        304.7262
   81          1.0142         21.0000         17.0000          1.0000        304.5020
   85          1.0142         21.0000         17.0000          2.0000        304.7545
   89          1.0142         21.0000         17.0000          3.0000        304.7867
   93          1.0142         21.0000         17.0000          4.0000        304.7267
   81          2.0138         21.0000         17.0000          1.0000        304.0218
   85          2.0138         21.0000         17.0000          2.0000        304.2353
   89          2.0138         21.0000         17.0000          3.0000        304.2480
   93          2.0138         21.0000         17.0000          4.0000        304.1706
   81          2.0138         21.0000         17.0000          1.0000        304.0252
   85          2.0138         21.0000         17.0000          2.0000        304.2383
   89          2.0138         21.0000         17.0000          3.0000        304.2504
   93          2.0138         21.0000         17.0000          4.0000        304.1722
   81          2.0138         21.0000         17.0000          1.0000        304.0257
   85          2.0138         21.0000         17.0000          2.0000        304.2389
   89          2.0138         21.0000         17.0000          3.0000        304.2510
   93          2.0138         21.0000         17.0000          4.0000        304.1728
   81          3.0126         21.0000         17.0000          1.0000        303.7340
   85          3.0126         21.0000         17.0000          2.0000        303.9223
   89          3.0126         21.0000         17.0000          3.0000        303.9212
   93          3.0126         21.0000         17.0000          4.0000        303.8352
   81          3.0126         21.0000         17.0000          1.0000        303.7375
   85          3.0126         21.0000         17.0000          2.0000        303.9254
   89          3.0126         21.0000         17.0000          3.0000        303.9237
   93          3.0126         21.0000         17.0000          4.0000        303.8370
   81          3.0126         21.0000         17.0000          1.0000        303.7381
   85          3.0126         21.0000         17.0000          2.0000        303.9261
   89          3.0126         21.0000         17.0000          3.0000        303.9244
   93          3.0126         21.0000         17.0000          4.0000        303.8376
   81          4.0028         21.0000         17.0000          1.0000        303.4031
   85          4.0028         21.0000         17.0000          2.0000        303.5645
   89          4.0028         21.0000         17.0000          3.0000        303.5489
   93          4.0028         21.0000         17.0000          4.0000        303.4517
   81          4.0028         21.0000         17.0000          1.0000        303.4065
   85          4.0028         21.0000         17.0000          2.0000        303.5674
   89          4.0028         21.0000         17.0000          3.0000        303.5513
   93          4.0028         21.0000         17.0000          4.0000        303.4533
   81          4.0028         21.0000         17.0000          1.0000        303.4071
   85          4.0028         21.0000         17.0000          2.0000        303.5681
   89          4.0028         21.0000         17.0000          3.0000        303.5519
   93          4.0028         21.0000         17.0000          4.0000        303.4539
   81          5.0004         21.0000         17.0000          1.0000        303.0576
   85          5.0004         21.0000         17.0000          2.0000        303.1919
   89          5.0004         21.0000         17.0000          3.0000        303.1612
   93          5.0004         21.0000         17.0000          4.0000        303.0513
   81          5.0004         21.0000         17.0000          1.0000        303.0608
   85          5.0004         21.0000         17.0000          2.0000        303.1947
   89          5.0004         21.0000         17.0000          3.0000        303.1635
   93          5.0004         21.0000         17.0000          4.0000        303.0529
   81          5.0004         21.0000         17.0000          1.0000        303.0613
   85          5.0004         21.0000         17.0000          2.0000        303.1953
   89          5.0004         21.0000         17.0000          3.0000        303.1641
   93          5.0004         21.0000         17.0000          4.0000        303.0534
   81          6.0017         21.0000         17.0000          1.0000        302.8178
   85          6.0017         21.0000         17.0000          2.0000        302.9336
   89          6.0017         21.0000         17.0000          3.0000        302.8948
   93          6.0017         21.0000         17.0000          4.0000        302.7792
   81          6.0017         21.0000         17.0000          1.0000        302.8215
   85          6.0017         21.0000         17.0000          2.0000        302.9369
   89          6.0017         21.0000         17.0000          3.0000        302.8975
   93          6.0017         21.0000         17.0000          4.0000        302.7811
   81          6.0017         21.0000         17.0000          1.0000        302.8221
   85          6.0017         21.0000         17.0000          2.0000        302.9376
   89          6.0017         21.0000         17.0000          3.0000        302.8982
   93          6.0017         21.0000         17.0000          4.0000        302.7817
   81          7.0101         21.0000         17.0000          1.0000        302.5493
   85          7.0101         21.0000         17.0000          2.0000        302.6449
   89          7.0101         21.0000         17.0000          3.0000        302.5957
   93          7.0101         21.0000         17.0000          4.0000        302.4718
   81          7.0101         21.0000         17.0000          1.0000        302.5536
   85          7.0101         21.0000         17.0000          2.0000        302.6488
   89          7.0101         21.0000         17.0000          3.0000        302.5990
   93          7.0101         21.0000         17.0000          4.0000        302.4742
   81          7.0101         21.0000         17.0000          1.0000        302.5544
   85          7.0101         21.0000         17.0000          2.0000        302.6496
   89          7.0101         21.0000         17.0000          3.0000        302.5998
   93          7.0101         21.0000         17.0000          4.0000        302.4749
   81          8.0019         21.0000         17.0000          1.0000        302.6859
   85          8.0019         21.0000         17.0000          2.0000        302.8147
   89          8.0019         21.0000         17.0000          3.0000        302.8160
   93          8.0019         21.0000         17.0000          4.0000        302.7548
   81          8.0019         21.0000         17.0000          1.0000        302.6934
   85          8.0019         21.0000         17.0000          2.0000        302.8218
   89          8.0019         21.0000         17.0000          3.0000        302.8222
   93          8.0019         21.0000         17.0000          4.0000        302.7598
   81          8.0019         21.0000         17.0000          1.0000        302.6947
   85          8.0019         21.0000         17.0000          2.0000        302.8231
   89          8.0019         21.0000         17.0000          3.0000        302.8235
   93          8.0019         21.0000         17.0000          4.0000        302.7610
   81          9.0076         21.0000         17.0000          1.0000        304.2935
   85          9.0076         21.0000         17.0000          2.0000        304.6437
   89          9.0076         21.0000         17.0000          3.0000        306.3945
   93          9.0076         21.0000         17.0000          4.0000        308.0893
   81          9.0076         21.0000         17.0000          1.0000        304.3034
   85          9.0076         21.0000         17.0000          2.0000        304.6533
   89          9.0076         21.0000         17.0000          3.0000        306.4024
   93          9.0076         21.0000         17.0000          4.0000        308.0949
   81          9.0076         21.0000         17.0000          1.0000        304.3050
   85          9.0076         21.0000         17.0000          2.0000        304.6549
   89          9.0076         21.0000         17.0000          3.0000        306.4039
   93          9.0076         21.0000         17.0000          4.0000        308.0962
   81         10.0019         21.0000         17.0000          1.0000        306.3270
   85         10.0019         21.0000         17.0000          2.0000        311.8675
   89         10.0019         21.0000         17.0000          3.0000        312.7948
   93         10.0019         21.0000         17.0000          4.0000        313.6665
   81         10.0019         21.0000         17.0000          1.0000        306.3360
   85         10.0019         21.0000         17.0000          2.0000        311.8757
   89         10.0019         21.0000         17.0000          3.0000        312.8020
   93         10.0019         21.0000         17.0000          4.0000        313.6723
   81         10.0019         21.0000         17.0000          1.0000        306.3377
   85         10.0019         21.0000         17.0000          2.0000        311.8774
   89         10.0019         21.0000         17.0000          3.0000        312.8036
   93         10.0019         21.0000         17.0000          4.0000        313.6737
   81         11.0003         21.0000         17.0000          1.0000        312.2945
   85         11.0003         21.0000         17.0000          2.0000        314.3755
   89         11.0003         21.0000         17.0000          3.0000        315.2837
   93         11.0003         21.0000         17.0000          4.0000        316.1716
   81         11.0003         21.0000         17.0000          1.0000        312.3013
   85         11.0003         21.0000         17.0000          2.0000        314.3816
   89         11.0003         21.0000         17.0000          3.0000        315.2889
   93         11.0003         21.0000         17.0000          4.0000        316.1757
   81         11.0003         21.0000         17.0000          1.0000        312.3024
   85         11.0003         21.0000         17.0000          2.0000        314.3827
   89         11.0003         21.0000         17.0000          3.0000        315.2900
   93         11.0003         21.0000         17.0000          4.0000        316.1766
   81         12.0013         21.0000         17.0000          1.0000        311.9909
   85         12.0013         21.0000         17.0000          2.0000        313.4860
   89         12.0013         21.0000         17.0000          3.0000        314.3815
   93         12.0013         21.0000         17.0000          4.0000        315.2391
   81         12.0013         21.0000         17.0000          1.0000        311.8498
   85         12.0013         21.0000         17.0000          2.0000        313.6120
   89         12.0013         21.0000         17.0000          3.0000        314.5899
   93         12.0013         21.0000         17.0000          4.0000        315.4438
   81         12.0013         21.0000         17.0000          1.0000        311.8380
   85         12.0013         21.0000         17.0000          2.0000        313.5979
   89         12.0013         21.0000         17.0000          3.0000        314.5739
   93         12.0013         21.0000         17.0000          4.0000        315.4287
   81         12.0013         21.0000         17.0000          1.0000        311.8397
   85         12.0013         21.0000         17.0000          2.0000        313.6000
   89         12.0013         21.0000         17.0000          3.0000        314.5762
   93         12.0013         21.0000         17.0000          4.0000        315.4307
   81         13.0030         21.0000         17.0000          1.0000        313.5295
   85         13.0030         21.0000         17.0000          2.0000        315.0469
   89         13.0030         21.0000         17.0000          3.0000        315.8873
   93         13.0030         21.0000         17.0000          4.0000        316.6312
   81         13.0030         21.0000         17.0000          1.0000        313.5319
   85         13.0030         21.0000         17.0000          2.0000        315.0488
   89         13.0030         21.0000         17.0000          3.0000        315.8886
   93         13.0030         21.0000         17.0000          4.0000        316.6319
   81         13.0030         21.0000         17.0000          1.0000        313.5328
   85         13.0030         21.0000         17.0000          2.0000        315.0497
   89         13.0030         21.0000         17.0000          3.0000        315.8894
   93         13.0030         21.0000         17.0000          4.0000        316.6325
   81         14.0008         21.0000         17.0000          1.0000        313.5123
   85         14.0008         21.0000         17.0000          2.0000        314.9120
   89         14.0008         21.0000         17.0000          3.0000        315.8600
   93         14.0008         21.0000         17.0000          4.0000        316.7543
   81         14.0008         21.0000         17.0000          1.0000        313.5716
   85         14.0008         21.0000         17.0000          2.0000        314.9699
   89         14.0008         21.0000         17.0000          3.0000        315.9127
   93         14.0008         21.0000         17.0000          4.0000        316.7991
   81         14.0008         21.0000         17.0000          1.0000        313.5789
   85         14.0008         21.0000         17.0000          2.0000        314.9769
   89         14.0008         21.0000         17.0000          3.0000        315.9192
   93         14.0008         21.0000         17.0000          4.0000        316.8047
   81         14.0008         21.0000         17.0000          1.0000        313.5802
   85         14.0008         21.0000         17.0000          2.0000        314.9781
   89         14.0008         21.0000         17.0000          3.0000        315.9202
   93         14.0008         21.0000         17.0000          4.0000        316.8055
   81         15.0009         21.0000         17.0000          1.0000        314.3138
   85         15.0009         21.0000         17.0000          2.0000        315.8771
   89         15.0009         21.0000         17.0000          3.0000        316.7501
   93         15.0009         21.0000         17.0000          4.0000        317.4763
   81         15.0009         21.0000         17.0000          1.0000        314.2520
   85         15.0009         21.0000         17.0000          2.0000        315.8177
   89         15.0009         21.0000         17.0000          3.0000        316.6967
   93         15.0009         21.0000         17.0000          4.0000        317.4312
   81         15.0009         21.0000         17.0000          1.0000        314.2464
   85         15.0009         21.0000         17.0000          2.0000        315.8124
   89         15.0009         21.0000         17.0000          3.0000        316.6917
   93         15.0009         21.0000         17.0000          4.0000        317.4269
   81         15.0022         21.0000         17.0000          1.0000        314.2409
   85         15.0022         21.0000         17.0000          2.0000        315.8077
   89         15.0022         21.0000         17.0000          3.0000        316.6879
   93         15.0022         21.0000         17.0000          4.0000        317.4239
   81         15.0022         21.0000         17.0000          1.0000        314.2451
   85         15.0022         21.0000         17.0000          2.0000        315.8113
   89         15.0022         21.0000         17.0000          3.0000        316.6907
   93         15.0022         21.0000         17.0000          4.0000        317.4258
   81         15.0022         21.0000         17.0000          1.0000        314.2461
   85         15.0022         21.0000         17.0000          2.0000        315.8123
   89         15.0022         21.0000         17.0000          3.0000        316.6917
   93         15.0022         21.0000         17.0000          4.0000        317.4266
   81         16.0012         21.0000         17.0000          1.0000        313.7302
   85         16.0012         21.0000         17.0000          2.0000        315.1553
   89         16.0012         21.0000         17.0000          3.0000        315.9773
   93         16.0012         21.0000         17.0000          4.0000        316.5931
   81         16.0012         21.0000         17.0000          1.0000        313.7341
   85         16.0012         21.0000         17.0000          2.0000        315.1587
   89         16.0012         21.0000         17.0000          3.0000        315.9799
   93         16.0012         21.0000         17.0000          4.0000        316.5948
   81         16.0012         21.0000         17.0000          1.0000        313.7351
   85         16.0012         21.0000         17.0000          2.0000        315.1597
   89         16.0012         21.0000         17.0000          3.0000        315.9808
   93         16.0012         21.0000         17.0000          4.0000        316.5956
   81         17.0023         21.0000         17.0000          1.0000        312.4645
   85         17.0023         21.0000         17.0000          2.0000        313.6698
   89         17.0023         21.0000         17.0000          3.0000        314.4498
   93         17.0023         21.0000         17.0000          4.0000        315.0670
   81         17.0023         21.0000         17.0000          1.0000        312.5101
   85         17.0023         21.0000         17.0000          2.0000        313.7138
   89         17.0023         21.0000         17.0000          3.0000        314.4897
   93         17.0023         21.0000         17.0000          4.0000        315.1008
   81         17.0023         21.0000         17.0000          1.0000        312.5158
   85         17.0023         21.0000         17.0000          2.0000        313.7193
   89         17.0023         21.0000         17.0000          3.0000        314.4948
   93         17.0023         21.0000         17.0000          4.0000        315.1051
   81         17.0023         21.0000         17.0000          1.0000        312.5167
   85         17.0023         21.0000         17.0000          2.0000        313.7202
   89         17.0023         21.0000         17.0000          3.0000        314.4955
   93         17.0023         21.0000         17.0000          4.0000        315.1058
   81         18.0008         21.0000         17.0000          1.0000        310.5839
   85         18.0008         21.0000         17.0000          2.0000        311.5204
   89         18.0008         21.0000         17.0000          3.0000        312.0835
   93         18.0008         21.0000         17.0000          4.0000        312.4686
   81         18.0008         21.0000         17.0000          1.0000        310.5507
   85         18.0008         21.0000         17.0000          2.0000        311.4875
   89         18.0008         21.0000         17.0000          3.0000        312.0531
   93         18.0008         21.0000         17.0000          4.0000        312.4420
   81         18.0008         21.0000         17.0000          1.0000        310.5470
   85         18.0008         21.0000         17.0000          2.0000        311.4839
   89         18.0008         21.0000         17.0000          3.0000        312.0498
   93         18.0008         21.0000         17.0000          4.0000        312.4392
   81         19.0009         21.0000         17.0000          1.0000        308.4479
   85         19.0009         21.0000         17.0000          2.0000        309.1121
   89         19.0009         21.0000         17.0000          3.0000        309.4452
   93         19.0009         21.0000         17.0000          4.0000        309.6162
   81         19.0009         21.0000         17.0000          1.0000        308.4496
   85         19.0009         21.0000         17.0000          2.0000        309.1134
   89         19.0009         21.0000         17.0000          3.0000        309.4459
   93         19.0009         21.0000         17.0000          4.0000        309.6164
   81         19.0009         21.0000         17.0000          1.0000        308.4499
   85         19.0009         21.0000         17.0000          2.0000        309.1137
   89         19.0009         21.0000         17.0000          3.0000        309.4462
   93         19.0009         21.0000         17.0000          4.0000        309.6167
   81         20.0012         21.0000         17.0000          1.0000        307.1677
   85         20.0012         21.0000         17.0000          2.0000        307.6751
   89         20.0012         21.0000         17.0000          3.0000        307.8648
   93         20.0012         21.0000         17.0000          4.0000        307.9168
   81         20.0012         21.0000         17.0000          1.0000        307.1692
   85         20.0012         21.0000         17.0000          2.0000        307.6761
   89         20.0012         21.0000         17.0000          3.0000        307.8654
   93         20.0012         21.0000         17.0000          4.0000        307.9169
   81         20.0012         21.0000         17.0000          1.0000        307.1694
   85         20.0012         21.0000         17.0000          2.0000        307.6765
   89         20.0012         21.0000         17.0000          3.0000        307.8657
   93         20.0012         21.0000         17.0000          4.0000        307.9172
   81         21.0061         21.0000         17.0000          1.0000        306.3700
   85         21.0061         21.0000         17.0000          2.0000        306.7938
   89         21.0061         21.0000         17.0000          3.0000        306.9248
   93         21.0061         21.0000         17.0000          4.0000        306.9300
   81         21.0061         21.0000         17.0000          1.0000        306.3716
   85         21.0061         21.0000         17.0000          2.0000        306.7951
   89         21.0061         21.0000         17.0000          3.0000        306.9256
   93         21.0061         21.0000         17.0000          4.0000        306.9304
   81         21.0061         21.0000         17.0000          1.0000        306.3720
   85         21.0061         21.0000         17.0000          2.0000        306.7955
   89         21.0061         21.0000         17.0000          3.0000        306.9260
   93         21.0061         21.0000         17.0000          4.0000        306.9307
   81         22.0079         21.0000         17.0000          1.0000        305.8400
   85         22.0079         21.0000         17.0000          2.0000        306.2127
   89         22.0079         21.0000         17.0000          3.0000        306.3099
   93         22.0079         21.0000         17.0000          4.0000        306.2997
   81         22.0079         21.0000         17.0000          1.0000        305.8433
   85         22.0079         21.0000         17.0000          2.0000        306.2157
   89         22.0079         21.0000         17.0000          3.0000        306.3123
   93         22.0079         21.0000         17.0000          4.0000        306.3013
   81         22.0079         21.0000         17.0000          1.0000        305.8439
   85         22.0079         21.0000         17.0000          2.0000        306.2163
   89         22.0079         21.0000         17.0000          3.0000        306.3129
   93         22.0079         21.0000         17.0000          4.0000        306.3019
   81         23.0110         21.0000         17.0000          1.0000        305.3793
   85         23.0110         21.0000         17.0000          2.0000        305.7076
   89         23.0110         21.0000         17.0000          3.0000        305.7795
   93         23.0110         21.0000         17.0000          4.0000        305.7531
   81         23.0110         21.0000         17.0000          1.0000        305.3826
   85         23.0110         21.0000         17.0000          2.0000        305.7106
   89         23.0110         21.0000         17.0000          3.0000        305.7819
   93         23.0110         21.0000         17.0000          4.0000        305.7548
   81         23.0110         21.0000         17.0000          1.0000        305.3833
   85         23.0110         21.0000         17.0000          2.0000        305.7113
   89         23.0110         21.0000         17.0000          3.0000        305.7826
   93         23.0110         21.0000         17.0000          4.0000        305.7554
