  113          1.0142         16.0000         17.0000          1.0000          0.0000
  117          1.0142         16.0000         17.0000          2.0000          0.0000
  121          1.0142         16.0000         17.0000          3.0000          0.0000
  125          1.0142         16.0000         17.0000          4.0000          0.0000
  113          1.0142         16.0000         17.0000          1.0000          0.0000
  117          1.0142         16.0000         17.0000          2.0000          0.0000
  121          1.0142         16.0000         17.0000          3.0000          0.0000
  125          1.0142         16.0000         17.0000          4.0000          0.0000
  113          1.0142         16.0000         17.0000          1.0000          0.0000
  117          1.0142         16.0000         17.0000          2.0000          0.0000
  121          1.0142         16.0000         17.0000          3.0000          0.0000
  125          1.0142         16.0000         17.0000          4.0000          0.0000
  113          2.0138         16.0000         17.0000          1.0000          0.0000
  117          2.0138         16.0000         17.0000          2.0000          0.0000
  121          2.0138         16.0000         17.0000          3.0000          0.0000
  125          2.0138         16.0000         17.0000          4.0000          0.0000
  113          2.0138         16.0000         17.0000          1.0000          0.0000
  117          2.0138         16.0000         17.0000          2.0000          0.0000
  121          2.0138         16.0000         17.0000          3.0000          0.0000
  125          2.0138         16.0000         17.0000          4.0000          0.0000
  113          2.0138         16.0000         17.0000          1.0000          0.0000
  117          2.0138         16.0000         17.0000          2.0000          0.0000
  121          2.0138         16.0000         17.0000          3.0000          0.0000
  125          2.0138         16.0000         17.0000          4.0000          0.0000
  113          3.0126         16.0000         17.0000          1.0000          0.0000
  117          3.0126         16.0000         17.0000          2.0000          0.0000
  121          3.0126         16.0000         17.0000          3.0000          0.0000
  125          3.0126         16.0000         17.0000          4.0000          0.0000
  113          3.0126         16.0000         17.0000          1.0000          0.0000
  117          3.0126         16.0000         17.0000          2.0000          0.0000
  121          3.0126         16.0000         17.0000          3.0000          0.0000
  125          3.0126         16.0000         17.0000          4.0000          0.0000
  113          3.0126         16.0000         17.0000          1.0000          0.0000
  117          3.0126         16.0000         17.0000          2.0000          0.0000
  121          3.0126         16.0000         17.0000          3.0000          0.0000
  125          3.0126         16.0000         17.0000          4.0000          0.0000
  113          4.0028         16.0000         17.0000          1.0000          0.0000
  117          4.0028         16.0000         17.0000          2.0000          0.0000
  121          4.0028         16.0000         17.0000          3.0000          0.0000
  125          4.0028         16.0000         17.0000          4.0000          0.0000
  113          4.0028         16.0000         17.0000          1.0000          0.0000
  117          4.0028         16.0000         17.0000          2.0000          0.0000
  121          4.0028         16.0000         17.0000          3.0000          0.0000
  125          4.0028         16.0000         17.0000          4.0000          0.0000
  113          4.0028         16.0000         17.0000          1.0000          0.0000
  117          4.0028         16.0000         17.0000          2.0000          0.0000
  121          4.0028         16.0000         17.0000          3.0000          0.0000
  125          4.0028         16.0000         17.0000          4.0000          0.0000
  113          5.0004         16.0000         17.0000          1.0000          0.0000
  117          5.0004         16.0000         17.0000          2.0000          0.0000
  121          5.0004         16.0000         17.0000          3.0000          0.0000
  125          5.0004         16.0000         17.0000          4.0000          0.0000
  113          5.0004         16.0000         17.0000          1.0000          0.0000
  117          5.0004         16.0000         17.0000          2.0000          0.0000
  121          5.0004         16.0000         17.0000          3.0000          0.0000
  125          5.0004         16.0000         17.0000          4.0000          0.0000
  113          5.0004         16.0000         17.0000          1.0000          0.0000
  117          5.0004         16.0000         17.0000          2.0000          0.0000
  121          5.0004         16.0000         17.0000          3.0000          0.0000
  125          5.0004         16.0000         17.0000          4.0000          0.0000
  113          6.0017         16.0000         17.0000          1.0000          0.0000
  117          6.0017         16.0000         17.0000          2.0000          0.0000
  121          6.0017         16.0000         17.0000          3.0000          0.0000
  125          6.0017         16.0000         17.0000          4.0000          0.0000
  113          6.0017         16.0000         17.0000          1.0000          0.0000
  117          6.0017         16.0000         17.0000          2.0000          0.0000
  121          6.0017         16.0000         17.0000          3.0000          0.0000
  125          6.0017         16.0000         17.0000          4.0000          0.0000
  113          6.0017         16.0000         17.0000          1.0000          0.0000
  117          6.0017         16.0000         17.0000          2.0000          0.0000
  121          6.0017         16.0000         17.0000          3.0000          0.0000
  125          6.0017         16.0000         17.0000          4.0000          0.0000
  113          7.0101         16.0000         17.0000          1.0000          0.0085
  117          7.0101         16.0000         17.0000          2.0000          0.0101
  121          7.0101         16.0000         17.0000          3.0000          0.0121
  125          7.0101         16.0000         17.0000          4.0000          0.0146
  113          7.0101         16.0000         17.0000          1.0000          0.0085
  117          7.0101         16.0000         17.0000          2.0000          0.0101
  121          7.0101         16.0000         17.0000          3.0000          0.0121
  125          7.0101         16.0000         17.0000          4.0000          0.0146
  113          7.0101         16.0000         17.0000          1.0000          0.0084
  117          7.0101         16.0000         17.0000          2.0000          0.0100
  121          7.0101         16.0000         17.0000          3.0000          0.0121
  125          7.0101         16.0000         17.0000          4.0000          0.0146
  113          8.0019         16.0000         17.0000          1.0000          0.8435
  117          8.0019         16.0000         17.0000          2.0000          1.0027
  121          8.0019         16.0000         17.0000          3.0000          1.2035
  125          8.0019         16.0000         17.0000          4.0000          1.4501
  113          8.0019         16.0000         17.0000          1.0000          0.8430
  117          8.0019         16.0000         17.0000          2.0000          1.0023
  121          8.0019         16.0000         17.0000          3.0000          1.2032
  125          8.0019         16.0000         17.0000          4.0000          1.4498
  113          8.0019         16.0000         17.0000          1.0000          0.8426
  117          8.0019         16.0000         17.0000          2.0000          1.0019
  121          8.0019         16.0000         17.0000          3.0000          1.2028
  125          8.0019         16.0000         17.0000          4.0000          1.4496
  113          9.0076         16.0000         17.0000          1.0000          4.5037
  117          9.0076         16.0000         17.0000          2.0000          5.3737
  121          9.0076         16.0000         17.0000          3.0000          6.4262
  125          9.0076         16.0000         17.0000          4.0000          7.6703
  113          9.0076         16.0000         17.0000          1.0000          4.5004
  117          9.0076         16.0000         17.0000          2.0000          5.3708
  121          9.0076         16.0000         17.0000          3.0000          6.4238
  125          9.0076         16.0000         17.0000          4.0000          7.6685
  113          9.0076         16.0000         17.0000          1.0000          4.4971
  117          9.0076         16.0000         17.0000          2.0000          5.3679
  121          9.0076         16.0000         17.0000          3.0000          6.4214
  125          9.0076         16.0000         17.0000          4.0000          7.6667
  113         10.0019         16.0000         17.0000          1.0000          8.0790
  117         10.0019         16.0000         17.0000          2.0000          9.6325
  121         10.0019         16.0000         17.0000          3.0000         11.4211
  125         10.0019         16.0000         17.0000          4.0000         13.4817
  113         10.0019         16.0000         17.0000          1.0000          8.0720
  117         10.0019         16.0000         17.0000          2.0000          9.6263
  121         10.0019         16.0000         17.0000          3.0000         11.4160
  125         10.0019         16.0000         17.0000          4.0000         13.4779
  113         10.0019         16.0000         17.0000          1.0000          8.0649
  117         10.0019         16.0000         17.0000          2.0000          9.6200
  121         10.0019         16.0000         17.0000          3.0000         11.4109
  125         10.0019         16.0000         17.0000          4.0000         13.4741
  113         11.0003         16.0000         17.0000          1.0000         11.4876
  117         11.0003         16.0000         17.0000          2.0000         13.6783
  121         11.0003         16.0000         17.0000          3.0000         16.2252
  125         11.0003         16.0000         17.0000          4.0000         19.2393
  113         11.0003         16.0000         17.0000          1.0000         11.4785
  117         11.0003         16.0000         17.0000          2.0000         13.6703
  121         11.0003         16.0000         17.0000          3.0000         16.2187
  125         11.0003         16.0000         17.0000          4.0000         19.2345
  113         11.0003         16.0000         17.0000          1.0000         11.4693
  117         11.0003         16.0000         17.0000          2.0000         13.6623
  121         11.0003         16.0000         17.0000          3.0000         16.2121
  125         11.0003         16.0000         17.0000          4.0000         19.2296
  113         12.0013         16.0000         17.0000          1.0000         25.1275
  117         12.0013         16.0000         17.0000          2.0000         26.9036
  121         12.0013         16.0000         17.0000          3.0000         29.3914
  125         12.0013         16.0000         17.0000          4.0000         32.5672
  113         12.0013         16.0000         17.0000          1.0000         25.1169
  117         12.0013         16.0000         17.0000          2.0000         26.8944
  121         12.0013         16.0000         17.0000          3.0000         29.3839
  125         12.0013         16.0000         17.0000          4.0000         32.5616
  113         12.0013         16.0000         17.0000          1.0000         25.1063
  117         12.0013         16.0000         17.0000          2.0000         26.8851
  121         12.0013         16.0000         17.0000          3.0000         29.3764
  125         12.0013         16.0000         17.0000          4.0000         32.5560
  113         12.0013         16.0000         17.0000          1.0000         25.0957
  117         12.0013         16.0000         17.0000          2.0000         26.8759
  121         12.0013         16.0000         17.0000          3.0000         29.3688
  125         12.0013         16.0000         17.0000          4.0000         32.5504
  113         13.0030         16.0000         17.0000          1.0000         19.8187
  117         13.0030         16.0000         17.0000          2.0000         21.5513
  121         13.0030         16.0000         17.0000          3.0000         23.9277
  125         13.0030         16.0000         17.0000          4.0000         26.9780
  113         13.0030         16.0000         17.0000          1.0000         19.8071
  117         13.0030         16.0000         17.0000          2.0000         21.5413
  121         13.0030         16.0000         17.0000          3.0000         23.9195
  125         13.0030         16.0000         17.0000          4.0000         26.9719
  113         13.0030         16.0000         17.0000          1.0000         19.7955
  117         13.0030         16.0000         17.0000          2.0000         21.5313
  121         13.0030         16.0000         17.0000          3.0000         23.9113
  125         13.0030         16.0000         17.0000          4.0000         26.9658
  113         14.0008         16.0000         17.0000          1.0000         15.9042
  117         14.0008         16.0000         17.0000          2.0000         18.0081
  121         14.0008         16.0000         17.0000          3.0000         20.7571
  125         14.0008         16.0000         17.0000          4.0000         24.2031
  113         14.0008         16.0000         17.0000          1.0000         15.8945
  117         14.0008         16.0000         17.0000          2.0000         17.9996
  121         14.0008         16.0000         17.0000          3.0000         20.7502
  125         14.0008         16.0000         17.0000          4.0000         24.1980
  113         14.0008         16.0000         17.0000          1.0000         15.8847
  117         14.0008         16.0000         17.0000          2.0000         17.9912
  121         14.0008         16.0000         17.0000          3.0000         20.7433
  125         14.0008         16.0000         17.0000          4.0000         24.1929
  113         14.0008         16.0000         17.0000          1.0000         15.8750
  117         14.0008         16.0000         17.0000          2.0000         17.9827
  121         14.0008         16.0000         17.0000          3.0000         20.7363
  125         14.0008         16.0000         17.0000          4.0000         24.1877
  113         15.0009         16.0000         17.0000          1.0000         25.2773
  117         15.0009         16.0000         17.0000          2.0000         26.8623
  121         15.0009         16.0000         17.0000          3.0000         29.0978
  125         15.0009         16.0000         17.0000          4.0000         31.9760
  113         15.0009         16.0000         17.0000          1.0000         25.2662
  117         15.0009         16.0000         17.0000          2.0000         26.8527
  121         15.0009         16.0000         17.0000          3.0000         29.0900
  125         15.0009         16.0000         17.0000          4.0000         31.9702
  113         15.0009         16.0000         17.0000          1.0000         25.2551
  117         15.0009         16.0000         17.0000          2.0000         26.8431
  121         15.0009         16.0000         17.0000          3.0000         29.0821
  125         15.0009         16.0000         17.0000          4.0000         31.9644
  113         15.0022         16.0000         17.0000          1.0000         25.2858
  117         15.0022         16.0000         17.0000          2.0000         26.8706
  121         15.0022         16.0000         17.0000          3.0000         29.1057
  125         15.0022         16.0000         17.0000          4.0000         31.9834
  113         15.0022         16.0000         17.0000          1.0000         25.2747
  117         15.0022         16.0000         17.0000          2.0000         26.8610
  121         15.0022         16.0000         17.0000          3.0000         29.0979
  125         15.0022         16.0000         17.0000          4.0000         31.9776
  113         15.0022         16.0000         17.0000          1.0000         25.2636
  117         15.0022         16.0000         17.0000          2.0000         26.8514
  121         15.0022         16.0000         17.0000          3.0000         29.0900
  125         15.0022         16.0000         17.0000          4.0000         31.9718
  113         16.0012         16.0000         17.0000          1.0000         29.0160
  117         16.0012         16.0000         17.0000          2.0000         30.3554
  121         16.0012         16.0000         17.0000          3.0000         32.3997
  125         16.0012         16.0000         17.0000          4.0000         34.9657
  113         16.0012         16.0000         17.0000          1.0000         29.0068
  117         16.0012         16.0000         17.0000          2.0000         30.3473
  121         16.0012         16.0000         17.0000          3.0000         32.3931
  125         16.0012         16.0000         17.0000          4.0000         34.9608
  113         16.0012         16.0000         17.0000          1.0000         28.9976
  117         16.0012         16.0000         17.0000          2.0000         30.3391
  121         16.0012         16.0000         17.0000          3.0000         32.3864
  125         16.0012         16.0000         17.0000          4.0000         34.9558
  113         17.0023         16.0000         17.0000          1.0000          7.6058
  117         17.0023         16.0000         17.0000          2.0000         17.5723
  121         17.0023         16.0000         17.0000          3.0000         19.3739
  125         17.0023         16.0000         17.0000          4.0000         21.5678
  113         17.0023         16.0000         17.0000          1.0000          7.6008
  117         17.0023         16.0000         17.0000          2.0000         17.5678
  121         17.0023         16.0000         17.0000          3.0000         19.3702
  125         17.0023         16.0000         17.0000          4.0000         21.5651
  113         17.0023         16.0000         17.0000          1.0000          7.5957
  117         17.0023         16.0000         17.0000          2.0000         17.5633
  121         17.0023         16.0000         17.0000          3.0000         19.3665
  125         17.0023         16.0000         17.0000          4.0000         21.5623
  113         17.0023         16.0000         17.0000          1.0000          7.5907
  117         17.0023         16.0000         17.0000          2.0000         17.5588
  121         17.0023         16.0000         17.0000          3.0000         19.3628
  125         17.0023         16.0000         17.0000          4.0000         21.5596
  113         18.0008         16.0000         17.0000          1.0000          4.7416
  117         18.0008         16.0000         17.0000          2.0000          5.6510
  121         18.0008         16.0000         17.0000          3.0000         11.9552
  125         18.0008         16.0000         17.0000          4.0000         18.5018
  113         18.0008         16.0000         17.0000          1.0000          4.7384
  117         18.0008         16.0000         17.0000          2.0000          5.6481
  121         18.0008         16.0000         17.0000          3.0000         11.9528
  125         18.0008         16.0000         17.0000          4.0000         18.5000
  113         18.0008         16.0000         17.0000          1.0000          4.7351
  117         18.0008         16.0000         17.0000          2.0000          5.6452
  121         18.0008         16.0000         17.0000          3.0000         11.9504
  125         18.0008         16.0000         17.0000          4.0000         18.4982
  113         19.0009         16.0000         17.0000          1.0000          1.3288
  117         19.0009         16.0000         17.0000          2.0000          1.5794
  121         19.0009         16.0000         17.0000          3.0000          1.8954
  125         19.0009         16.0000         17.0000          4.0000          2.8752
  113         19.0009         16.0000         17.0000          1.0000          1.3280
  117         19.0009         16.0000         17.0000          2.0000          1.5788
  121         19.0009         16.0000         17.0000          3.0000          1.8948
  125         19.0009         16.0000         17.0000          4.0000          2.8748
  113         19.0009         16.0000         17.0000          1.0000          1.3273
  117         19.0009         16.0000         17.0000          2.0000          1.5781
  121         19.0009         16.0000         17.0000          3.0000          1.8943
  125         19.0009         16.0000         17.0000          4.0000          2.8744
  113         20.0012         16.0000         17.0000          1.0000          0.0000
  117         20.0012         16.0000         17.0000          2.0000          0.0000
  121         20.0012         16.0000         17.0000          3.0000          0.0000
  125         20.0012         16.0000         17.0000          4.0000          0.0000
  113         20.0012         16.0000         17.0000          1.0000          0.0000
  117         20.0012         16.0000         17.0000          2.0000          0.0000
  121         20.0012         16.0000         17.0000          3.0000          0.0000
  125         20.0012         16.0000         17.0000          4.0000          0.0000
  113         20.0012         16.0000         17.0000          1.0000          0.0000
  117         20.0012         16.0000         17.0000          2.0000          0.0000
  121         20.0012         16.0000         17.0000          3.0000          0.0000
  125         20.0012         16.0000         17.0000          4.0000          0.0000
  113         21.0061         16.0000         17.0000          1.0000          0.0000
  117         21.0061         16.0000         17.0000          2.0000          0.0000
  121         21.0061         16.0000         17.0000          3.0000          0.0000
  125         21.0061         16.0000         17.0000          4.0000          0.0000
  113         21.0061         16.0000         17.0000          1.0000          0.0000
  117         21.0061         16.0000         17.0000          2.0000          0.0000
  121         21.0061         16.0000         17.0000          3.0000          0.0000
  125         21.0061         16.0000         17.0000          4.0000          0.0000
  113         21.0061         16.0000         17.0000          1.0000          0.0000
  117         21.0061         16.0000         17.0000          2.0000          0.0000
  121         21.0061         16.0000         17.0000          3.0000          0.0000
  125         21.0061         16.0000         17.0000          4.0000          0.0000
  113         22.0079         16.0000         17.0000          1.0000          0.0000
  117         22.0079         16.0000         17.0000          2.0000          0.0000
  121         22.0079         16.0000         17.0000          3.0000          0.0000
  125         22.0079         16.0000         17.0000          4.0000          0.0000
  113         22.0079         16.0000         17.0000          1.0000          0.0000
  117         22.0079         16.0000         17.0000          2.0000          0.0000
  121         22.0079         16.0000         17.0000          3.0000          0.0000
  125         22.0079         16.0000         17.0000          4.0000          0.0000
  113         22.0079         16.0000         17.0000          1.0000          0.0000
  117         22.0079         16.0000         17.0000          2.0000          0.0000
  121         22.0079         16.0000         17.0000          3.0000          0.0000
  125         22.0079         16.0000         17.0000          4.0000          0.0000
  113         23.0110         16.0000         17.0000          1.0000          0.0000
  117         23.0110         16.0000         17.0000          2.0000          0.0000
  121         23.0110         16.0000         17.0000          3.0000          0.0000
  125         23.0110         16.0000         17.0000          4.0000          0.0000
  113         23.0110         16.0000         17.0000          1.0000          0.0000
  117         23.0110         16.0000         17.0000          2.0000          0.0000
  121         23.0110         16.0000         17.0000          3.0000          0.0000
  125         23.0110         16.0000         17.0000          4.0000          0.0000
  113         23.0110         16.0000         17.0000          1.0000          0.0000
  117         23.0110         16.0000         17.0000          2.0000          0.0000
  121         23.0110         16.0000         17.0000          3.0000          0.0000
  125         23.0110         16.0000         17.0000          4.0000          0.0000
