   66          1.0142         18.0000         21.0000          1.0000         -2.1147
   67          1.0142         19.0000         21.0000          1.0000         -2.1716
   68          1.0142         20.0000         21.0000          1.0000         -2.4166
   70          1.0142         18.0000         21.0000          2.0000         -2.7645
   71          1.0142         19.0000         21.0000          2.0000         -2.8123
   72          1.0142         20.0000         21.0000          2.0000         -3.0217
   74          1.0142         18.0000         21.0000          3.0000         -3.5324
   75          1.0142         19.0000         21.0000          3.0000         -3.5746
   76          1.0142         20.0000         21.0000          3.0000         -3.7282
   78          1.0142         18.0000         21.0000          4.0000         -4.4376
   79          1.0142         19.0000         21.0000          4.0000         -4.4670
   80          1.0142         20.0000         21.0000          4.0000         -4.5842
   66          1.0142         18.0000         21.0000          1.0000         -2.0961
   67          1.0142         19.0000         21.0000          1.0000         -2.1525
   68          1.0142         20.0000         21.0000          1.0000         -2.4000
   70          1.0142         18.0000         21.0000          2.0000         -2.7478
   71          1.0142         19.0000         21.0000          2.0000         -2.7953
   72          1.0142         20.0000         21.0000          2.0000         -3.0068
   74          1.0142         18.0000         21.0000          3.0000         -3.5187
   75          1.0142         19.0000         21.0000          3.0000         -3.5608
   76          1.0142         20.0000         21.0000          3.0000         -3.7161
   78          1.0142         18.0000         21.0000          4.0000         -4.4281
   79          1.0142         19.0000         21.0000          4.0000         -4.4574
   80          1.0142         20.0000         21.0000          4.0000         -4.5760
   66          1.0142         18.0000         21.0000          1.0000         -2.0858
   67          1.0142         19.0000         21.0000          1.0000         -2.1419
   68          1.0142         20.0000         21.0000          1.0000         -2.3905
   70          1.0142         18.0000         21.0000          2.0000         -2.7376
   71          1.0142         19.0000         21.0000          2.0000         -2.7849
   72          1.0142         20.0000         21.0000          2.0000         -2.9975
   74          1.0142         18.0000         21.0000          3.0000         -3.5095
   75          1.0142         19.0000         21.0000          3.0000         -3.5514
   76          1.0142         20.0000         21.0000          3.0000         -3.7076
   78          1.0142         18.0000         21.0000          4.0000         -4.4207
   79          1.0142         19.0000         21.0000          4.0000         -4.4499
   80          1.0142         20.0000         21.0000          4.0000         -4.5691
   66          2.0138         18.0000         21.0000          1.0000         -2.3421
   67          2.0138         19.0000         21.0000          1.0000         -2.4029
   68          2.0138         20.0000         21.0000          1.0000         -2.6614
   70          2.0138         18.0000         21.0000          2.0000         -2.9929
   71          2.0138         19.0000         21.0000          2.0000         -3.0423
   72          2.0138         20.0000         21.0000          2.0000         -3.2608
   74          2.0138         18.0000         21.0000          3.0000         -3.7656
   75          2.0138         19.0000         21.0000          3.0000         -3.8083
   76          2.0138         20.0000         21.0000          3.0000         -3.9686
   78          2.0138         18.0000         21.0000          4.0000         -4.7145
   79          2.0138         19.0000         21.0000          4.0000         -4.7441
   80          2.0138         20.0000         21.0000          4.0000         -4.8667
   66          2.0138         18.0000         21.0000          1.0000         -2.3159
   67          2.0138         19.0000         21.0000          1.0000         -2.3761
   68          2.0138         20.0000         21.0000          1.0000         -2.6378
   70          2.0138         18.0000         21.0000          2.0000         -2.9694
   71          2.0138         19.0000         21.0000          2.0000         -3.0184
   72          2.0138         20.0000         21.0000          2.0000         -3.2397
   74          2.0138         18.0000         21.0000          3.0000         -3.7462
   75          2.0138         19.0000         21.0000          3.0000         -3.7887
   76          2.0138         20.0000         21.0000          3.0000         -3.9511
   78          2.0138         18.0000         21.0000          4.0000         -4.7003
   79          2.0138         19.0000         21.0000          4.0000         -4.7298
   80          2.0138         20.0000         21.0000          4.0000         -4.8540
   66          2.0138         18.0000         21.0000          1.0000         -2.3065
   67          2.0138         19.0000         21.0000          1.0000         -2.3664
   68          2.0138         20.0000         21.0000          1.0000         -2.6290
   70          2.0138         18.0000         21.0000          2.0000         -2.9599
   71          2.0138         19.0000         21.0000          2.0000         -3.0088
   72          2.0138         20.0000         21.0000          2.0000         -3.2309
   74          2.0138         18.0000         21.0000          3.0000         -3.7375
   75          2.0138         19.0000         21.0000          3.0000         -3.7799
   76          2.0138         20.0000         21.0000          3.0000         -3.9430
   78          2.0138         18.0000         21.0000          4.0000         -4.6932
   79          2.0138         19.0000         21.0000          4.0000         -4.7227
   80          2.0138         20.0000         21.0000          4.0000         -4.8475
   66          3.0126         18.0000         21.0000          1.0000         -2.6477
   67          3.0126         19.0000         21.0000          1.0000         -2.7087
   68          3.0126         20.0000         21.0000          1.0000         -2.9553
   70          3.0126         18.0000         21.0000          2.0000         -3.2361
   71          3.0126         19.0000         21.0000          2.0000         -3.2838
   72          3.0126         20.0000         21.0000          2.0000         -3.4906
   74          3.0126         18.0000         21.0000          3.0000         -3.9287
   75          3.0126         19.0000         21.0000          3.0000         -3.9691
   76          3.0126         20.0000         21.0000          3.0000         -4.1208
   78          3.0126         18.0000         21.0000          4.0000         -4.7309
   79          3.0126         19.0000         21.0000          4.0000         -4.7585
   80          3.0126         20.0000         21.0000          4.0000         -4.8736
   66          3.0126         18.0000         21.0000          1.0000         -2.6277
   67          3.0126         19.0000         21.0000          1.0000         -2.6882
   68          3.0126         20.0000         21.0000          1.0000         -2.9371
   70          3.0126         18.0000         21.0000          2.0000         -3.2178
   71          3.0126         19.0000         21.0000          2.0000         -3.2652
   72          3.0126         20.0000         21.0000          2.0000         -3.4741
   74          3.0126         18.0000         21.0000          3.0000         -3.9133
   75          3.0126         19.0000         21.0000          3.0000         -3.9536
   76          3.0126         20.0000         21.0000          3.0000         -4.1069
   78          3.0126         18.0000         21.0000          4.0000         -4.7197
   79          3.0126         19.0000         21.0000          4.0000         -4.7472
   80          3.0126         20.0000         21.0000          4.0000         -4.8635
   66          3.0126         18.0000         21.0000          1.0000         -2.6158
   67          3.0126         19.0000         21.0000          1.0000         -2.6760
   68          3.0126         20.0000         21.0000          1.0000         -2.9262
   70          3.0126         18.0000         21.0000          2.0000         -3.2063
   71          3.0126         19.0000         21.0000          2.0000         -3.2535
   72          3.0126         20.0000         21.0000          2.0000         -3.4636
   74          3.0126         18.0000         21.0000          3.0000         -3.9031
   75          3.0126         19.0000         21.0000          3.0000         -3.9432
   76          3.0126         20.0000         21.0000          3.0000         -4.0976
   78          3.0126         18.0000         21.0000          4.0000         -4.7115
   79          3.0126         19.0000         21.0000          4.0000         -4.7390
   80          3.0126         20.0000         21.0000          4.0000         -4.8560
   66          4.0028         18.0000         21.0000          1.0000         -2.7206
   67          4.0028         19.0000         21.0000          1.0000         -2.7829
   68          4.0028         20.0000         21.0000          1.0000         -3.0297
   70          4.0028         18.0000         21.0000          2.0000         -3.2836
   71          4.0028         19.0000         21.0000          2.0000         -3.3310
   72          4.0028         20.0000         21.0000          2.0000         -3.5367
   74          4.0028         18.0000         21.0000          3.0000         -3.9477
   75          4.0028         19.0000         21.0000          3.0000         -3.9873
   76          4.0028         20.0000         21.0000          3.0000         -4.1385
   78          4.0028         18.0000         21.0000          4.0000         -4.7241
   79          4.0028         19.0000         21.0000          4.0000         -4.7510
   80          4.0028         20.0000         21.0000          4.0000         -4.8657
   66          4.0028         18.0000         21.0000          1.0000         -2.7015
   67          4.0028         19.0000         21.0000          1.0000         -2.7633
   68          4.0028         20.0000         21.0000          1.0000         -3.0125
   70          4.0028         18.0000         21.0000          2.0000         -3.2664
   71          4.0028         19.0000         21.0000          2.0000         -3.3135
   72          4.0028         20.0000         21.0000          2.0000         -3.5213
   74          4.0028         18.0000         21.0000          3.0000         -3.9336
   75          4.0028         19.0000         21.0000          3.0000         -3.9730
   76          4.0028         20.0000         21.0000          3.0000         -4.1258
   78          4.0028         18.0000         21.0000          4.0000         -4.7142
   79          4.0028         19.0000         21.0000          4.0000         -4.7410
   80          4.0028         20.0000         21.0000          4.0000         -4.8569
   66          4.0028         18.0000         21.0000          1.0000         -2.6897
   67          4.0028         19.0000         21.0000          1.0000         -2.7513
   68          4.0028         20.0000         21.0000          1.0000         -3.0017
   70          4.0028         18.0000         21.0000          2.0000         -3.2551
   71          4.0028         19.0000         21.0000          2.0000         -3.3020
   72          4.0028         20.0000         21.0000          2.0000         -3.5110
   74          4.0028         18.0000         21.0000          3.0000         -3.9235
   75          4.0028         19.0000         21.0000          3.0000         -3.9628
   76          4.0028         20.0000         21.0000          3.0000         -4.1166
   78          4.0028         18.0000         21.0000          4.0000         -4.7061
   79          4.0028         19.0000         21.0000          4.0000         -4.7329
   80          4.0028         20.0000         21.0000          4.0000         -4.8495
   66          5.0004         18.0000         21.0000          1.0000         -2.6427
   67          5.0004         19.0000         21.0000          1.0000         -2.7051
   68          5.0004         20.0000         21.0000          1.0000         -2.9516
   70          5.0004         18.0000         21.0000          2.0000         -3.1870
   71          5.0004         19.0000         21.0000          2.0000         -3.2338
   72          5.0004         20.0000         21.0000          2.0000         -3.4388
   74          5.0004         18.0000         21.0000          3.0000         -3.8319
   75          5.0004         19.0000         21.0000          3.0000         -3.8705
   76          5.0004         20.0000         21.0000          3.0000         -4.0216
   78          5.0004         18.0000         21.0000          4.0000         -4.5908
   79          5.0004         19.0000         21.0000          4.0000         -4.6170
   80          5.0004         20.0000         21.0000          4.0000         -4.7318
   66          5.0004         18.0000         21.0000          1.0000         -2.6253
   67          5.0004         19.0000         21.0000          1.0000         -2.6872
   68          5.0004         20.0000         21.0000          1.0000         -2.9361
   70          5.0004         18.0000         21.0000          2.0000         -3.1716
   71          5.0004         19.0000         21.0000          2.0000         -3.2180
   72          5.0004         20.0000         21.0000          2.0000         -3.4251
   74          5.0004         18.0000         21.0000          3.0000         -3.8195
   75          5.0004         19.0000         21.0000          3.0000         -3.8579
   76          5.0004         20.0000         21.0000          3.0000         -4.0106
   78          5.0004         18.0000         21.0000          4.0000         -4.5826
   79          5.0004         19.0000         21.0000          4.0000         -4.6087
   80          5.0004         20.0000         21.0000          4.0000         -4.7247
   66          5.0004         18.0000         21.0000          1.0000         -2.6139
   67          5.0004         19.0000         21.0000          1.0000         -2.6756
   68          5.0004         20.0000         21.0000          1.0000         -2.9258
   70          5.0004         18.0000         21.0000          2.0000         -3.1607
   71          5.0004         19.0000         21.0000          2.0000         -3.2069
   72          5.0004         20.0000         21.0000          2.0000         -3.4152
   74          5.0004         18.0000         21.0000          3.0000         -3.8098
   75          5.0004         19.0000         21.0000          3.0000         -3.8481
   76          5.0004         20.0000         21.0000          3.0000         -4.0018
   78          5.0004         18.0000         21.0000          4.0000         -4.5749
   79          5.0004         19.0000         21.0000          4.0000         -4.6010
   80          5.0004         20.0000         21.0000          4.0000         -4.7177
   66          6.0017         18.0000         21.0000          1.0000         -3.4043
   67          6.0017         19.0000         21.0000          1.0000         -3.4682
   68          6.0017         20.0000         21.0000          1.0000         -3.7173
   70          6.0017         18.0000         21.0000          2.0000         -3.9303
   71          6.0017         19.0000         21.0000          2.0000         -3.9768
   72          6.0017         20.0000         21.0000          2.0000         -4.1820
   74          6.0017         18.0000         21.0000          3.0000         -4.5508
   75          6.0017         19.0000         21.0000          3.0000         -4.5886
   76          6.0017         20.0000         21.0000          3.0000         -4.7393
   78          6.0017         18.0000         21.0000          4.0000         -5.2816
   79          6.0017         19.0000         21.0000          4.0000         -5.3069
   80          6.0017         20.0000         21.0000          4.0000         -5.4209
   66          6.0017         18.0000         21.0000          1.0000         -3.3814
   67          6.0017         19.0000         21.0000          1.0000         -3.4447
   68          6.0017         20.0000         21.0000          1.0000         -3.6963
   70          6.0017         18.0000         21.0000          2.0000         -3.9093
   71          6.0017         19.0000         21.0000          2.0000         -3.9555
   72          6.0017         20.0000         21.0000          2.0000         -4.1628
   74          6.0017         18.0000         21.0000          3.0000         -4.5330
   75          6.0017         19.0000         21.0000          3.0000         -4.5705
   76          6.0017         20.0000         21.0000          3.0000         -4.7229
   78          6.0017         18.0000         21.0000          4.0000         -5.2679
   79          6.0017         19.0000         21.0000          4.0000         -5.2932
   80          6.0017         20.0000         21.0000          4.0000         -5.4084
   66          6.0017         18.0000         21.0000          1.0000         -3.3686
   67          6.0017         19.0000         21.0000          1.0000         -3.4316
   68          6.0017         20.0000         21.0000          1.0000         -3.6846
   70          6.0017         18.0000         21.0000          2.0000         -3.8971
   71          6.0017         19.0000         21.0000          2.0000         -3.9431
   72          6.0017         20.0000         21.0000          2.0000         -4.1517
   74          6.0017         18.0000         21.0000          3.0000         -4.5222
   75          6.0017         19.0000         21.0000          3.0000         -4.5596
   76          6.0017         20.0000         21.0000          3.0000         -4.7131
   78          6.0017         18.0000         21.0000          4.0000         -5.2594
   79          6.0017         19.0000         21.0000          4.0000         -5.2845
   80          6.0017         20.0000         21.0000          4.0000         -5.4006
   66          7.0101         18.0000         21.0000          1.0000         -3.2905
   67          7.0101         19.0000         21.0000          1.0000         -3.3521
   68          7.0101         20.0000         21.0000          1.0000         -3.5948
   70          7.0101         18.0000         21.0000          2.0000         -3.7871
   71          7.0101         19.0000         21.0000          2.0000         -3.8313
   72          7.0101         20.0000         21.0000          2.0000         -4.0311
   74          7.0101         18.0000         21.0000          3.0000         -4.3756
   75          7.0101         19.0000         21.0000          3.0000         -4.4112
   76          7.0101         20.0000         21.0000          3.0000         -4.5585
   78          7.0101         18.0000         21.0000          4.0000         -5.0728
   79          7.0101         19.0000         21.0000          4.0000         -5.0966
   80          7.0101         20.0000         21.0000          4.0000         -5.2083
   66          7.0101         18.0000         21.0000          1.0000         -3.2619
   67          7.0101         19.0000         21.0000          1.0000         -3.3228
   68          7.0101         20.0000         21.0000          1.0000         -3.5676
   70          7.0101         18.0000         21.0000          2.0000         -3.7592
   71          7.0101         19.0000         21.0000          2.0000         -3.8031
   72          7.0101         20.0000         21.0000          2.0000         -4.0047
   74          7.0101         18.0000         21.0000          3.0000         -4.3497
   75          7.0101         19.0000         21.0000          3.0000         -4.3850
   76          7.0101         20.0000         21.0000          3.0000         -4.5338
   78          7.0101         18.0000         21.0000          4.0000         -5.0498
   79          7.0101         19.0000         21.0000          4.0000         -5.0735
   80          7.0101         20.0000         21.0000          4.0000         -5.1862
   66          7.0101         18.0000         21.0000          1.0000         -3.2481
   67          7.0101         19.0000         21.0000          1.0000         -3.3087
   68          7.0101         20.0000         21.0000          1.0000         -3.5549
   70          7.0101         18.0000         21.0000          2.0000         -3.7461
   71          7.0101         19.0000         21.0000          2.0000         -3.7897
   72          7.0101         20.0000         21.0000          2.0000         -3.9926
   74          7.0101         18.0000         21.0000          3.0000         -4.3381
   75          7.0101         19.0000         21.0000          3.0000         -4.3733
   76          7.0101         20.0000         21.0000          3.0000         -4.5231
   78          7.0101         18.0000         21.0000          4.0000         -5.0406
   79          7.0101         19.0000         21.0000          4.0000         -5.0642
   80          7.0101         20.0000         21.0000          4.0000         -5.1778
   66          8.0019         18.0000         21.0000          1.0000         -0.8538
   67          8.0019         19.0000         21.0000          1.0000         -0.8918
   68          8.0019         20.0000         21.0000          1.0000         -0.9411
   70          8.0019         18.0000         21.0000          2.0000         -0.8869
   71          8.0019         19.0000         21.0000          2.0000         -0.9111
   72          8.0019         20.0000         21.0000          2.0000         -0.9444
   74          8.0019         18.0000         21.0000          3.0000         -0.9095
   75          8.0019         19.0000         21.0000          3.0000         -0.9271
   76          8.0019         20.0000         21.0000          3.0000         -0.9492
   78          8.0019         18.0000         21.0000          4.0000         -0.9406
   79          8.0019         19.0000         21.0000          4.0000         -0.9514
   80          8.0019         20.0000         21.0000          4.0000         -0.9648
   66          8.0019         18.0000         21.0000          1.0000         -0.8088
   67          8.0019         19.0000         21.0000          1.0000         -0.8458
   68          8.0019         20.0000         21.0000          1.0000         -0.8961
   70          8.0019         18.0000         21.0000          2.0000         -0.8412
   71          8.0019         19.0000         21.0000          2.0000         -0.8648
   72          8.0019         20.0000         21.0000          2.0000         -0.8990
   74          8.0019         18.0000         21.0000          3.0000         -0.8639
   75          8.0019         19.0000         21.0000          3.0000         -0.8811
   76          8.0019         20.0000         21.0000          3.0000         -0.9041
   78          8.0019         18.0000         21.0000          4.0000         -0.8959
   79          8.0019         19.0000         21.0000          4.0000         -0.9065
   80          8.0019         20.0000         21.0000          4.0000         -0.9207
   66          8.0019         18.0000         21.0000          1.0000         -0.7938
   67          8.0019         19.0000         21.0000          1.0000         -0.8304
   68          8.0019         20.0000         21.0000          1.0000         -0.8819
   70          8.0019         18.0000         21.0000          2.0000         -0.8271
   71          8.0019         19.0000         21.0000          2.0000         -0.8503
   72          8.0019         20.0000         21.0000          2.0000         -0.8858
   74          8.0019         18.0000         21.0000          3.0000         -0.8515
   75          8.0019         19.0000         21.0000          3.0000         -0.8684
   76          8.0019         20.0000         21.0000          3.0000         -0.8925
   78          8.0019         18.0000         21.0000          4.0000         -0.8859
   79          8.0019         19.0000         21.0000          4.0000         -0.8964
   80          8.0019         20.0000         21.0000          4.0000         -0.9114
   66          9.0076         18.0000         21.0000          1.0000         12.5320
   67          9.0076         19.0000         21.0000          1.0000         12.5028
   68          9.0076         20.0000         21.0000          1.0000         13.3142
   70          9.0076         18.0000         21.0000          2.0000         14.4929
   71          9.0076         19.0000         21.0000          2.0000         14.4759
   72          9.0076         20.0000         21.0000          2.0000         15.1933
   74          9.0076         18.0000         21.0000          3.0000         17.1409
   75          9.0076         19.0000         21.0000          3.0000         17.1202
   76          9.0076         20.0000         21.0000          3.0000         17.6502
   78          9.0076         18.0000         21.0000          4.0000         20.3675
   79          9.0076         19.0000         21.0000          4.0000         20.3394
   80          9.0076         20.0000         21.0000          4.0000         20.7535
   66          9.0076         18.0000         21.0000          1.0000         12.6464
   67          9.0076         19.0000         21.0000          1.0000         12.6181
   68          9.0076         20.0000         21.0000          1.0000         13.4279
   70          9.0076         18.0000         21.0000          2.0000         14.6067
   71          9.0076         19.0000         21.0000          2.0000         14.5903
   72          9.0076         20.0000         21.0000          2.0000         15.3060
   74          9.0076         18.0000         21.0000          3.0000         17.2542
   75          9.0076         19.0000         21.0000          3.0000         17.2338
   76          9.0076         20.0000         21.0000          3.0000         17.7619
   78          9.0076         18.0000         21.0000          4.0000         20.4793
   79          9.0076         19.0000         21.0000          4.0000         20.4514
   80          9.0076         20.0000         21.0000          4.0000         20.8638
   66          9.0076         18.0000         21.0000          1.0000         12.6779
   67          9.0076         19.0000         21.0000          1.0000         12.6502
   68          9.0076         20.0000         21.0000          1.0000         13.4574
   70          9.0076         18.0000         21.0000          2.0000         14.6361
   71          9.0076         19.0000         21.0000          2.0000         14.6202
   72          9.0076         20.0000         21.0000          2.0000         15.3334
   74          9.0076         18.0000         21.0000          3.0000         17.2800
   75          9.0076         19.0000         21.0000          3.0000         17.2600
   76          9.0076         20.0000         21.0000          3.0000         17.7859
   78          9.0076         18.0000         21.0000          4.0000         20.4998
   79          9.0076         19.0000         21.0000          4.0000         20.4720
   80          9.0076         20.0000         21.0000          4.0000         20.8827
   66         10.0019         18.0000         21.0000          1.0000         38.2624
   67         10.0019         19.0000         21.0000          1.0000         38.1496
   68         10.0019         20.0000         21.0000          1.0000         40.1906
   70         10.0019         18.0000         21.0000          2.0000         42.8339
   71         10.0019         19.0000         21.0000          2.0000         42.7012
   72         10.0019         20.0000         21.0000          2.0000         44.4211
   74         10.0019         18.0000         21.0000          3.0000         49.0676
   75         10.0019         19.0000         21.0000          3.0000         48.9201
   76         10.0019         20.0000         21.0000          3.0000         50.1510
   78         10.0019         18.0000         21.0000          4.0000         57.2091
   79         10.0019         19.0000         21.0000          4.0000         57.0507
   80         10.0019         20.0000         21.0000          4.0000         57.9906
   66         10.0019         18.0000         21.0000          1.0000         38.4541
   67         10.0019         19.0000         21.0000          1.0000         38.3438
   68         10.0019         20.0000         21.0000          1.0000         40.3706
   70         10.0019         18.0000         21.0000          2.0000         43.0311
   71         10.0019         19.0000         21.0000          2.0000         42.9010
   72         10.0019         20.0000         21.0000          2.0000         44.6060
   74         10.0019         18.0000         21.0000          3.0000         49.2590
   75         10.0019         19.0000         21.0000          3.0000         49.1140
   76         10.0019         20.0000         21.0000          3.0000         50.3306
   78         10.0019         18.0000         21.0000          4.0000         57.3831
   79         10.0019         19.0000         21.0000          4.0000         57.2265
   80         10.0019         20.0000         21.0000          4.0000         58.1537
   66         10.0019         18.0000         21.0000          1.0000         38.4948
   67         10.0019         19.0000         21.0000          1.0000         38.3852
   68         10.0019         20.0000         21.0000          1.0000         40.4084
   70         10.0019         18.0000         21.0000          2.0000         43.0711
   71         10.0019         19.0000         21.0000          2.0000         42.9415
   72         10.0019         20.0000         21.0000          2.0000         44.6431
   74         10.0019         18.0000         21.0000          3.0000         49.2957
   75         10.0019         19.0000         21.0000          3.0000         49.1511
   76         10.0019         20.0000         21.0000          3.0000         50.3645
   78         10.0019         18.0000         21.0000          4.0000         57.4134
   79         10.0019         19.0000         21.0000          4.0000         57.2570
   80         10.0019         20.0000         21.0000          4.0000         58.1817
   66         11.0003         18.0000         21.0000          1.0000         64.3919
   67         11.0003         19.0000         21.0000          1.0000         64.3608
   68         11.0003         20.0000         21.0000          1.0000         67.9657
   70         11.0003         18.0000         21.0000          2.0000         72.5305
   71         11.0003         19.0000         21.0000          2.0000         72.4679
   72         11.0003         20.0000         21.0000          2.0000         75.5691
   74         11.0003         18.0000         21.0000          3.0000         83.2297
   75         11.0003         19.0000         21.0000          3.0000         83.1449
   76         11.0003         20.0000         21.0000          3.0000         85.4195
   78         11.0003         18.0000         21.0000          4.0000         97.2387
   79         11.0003         19.0000         21.0000          4.0000         97.1029
   80         11.0003         20.0000         21.0000          4.0000         98.8730
   66         11.0003         18.0000         21.0000          1.0000         64.5015
   67         11.0003         19.0000         21.0000          1.0000         64.4721
   68         11.0003         20.0000         21.0000          1.0000         68.0691
   70         11.0003         18.0000         21.0000          2.0000         72.6318
   71         11.0003         19.0000         21.0000          2.0000         72.5703
   72         11.0003         20.0000         21.0000          2.0000         75.6648
   74         11.0003         18.0000         21.0000          3.0000         83.3197
   75         11.0003         19.0000         21.0000          3.0000         83.2357
   76         11.0003         20.0000         21.0000          3.0000         85.5052
   78         11.0003         18.0000         21.0000          4.0000         97.3150
   79         11.0003         19.0000         21.0000          4.0000         97.1798
   80         11.0003         20.0000         21.0000          4.0000         98.9461
   66         11.0003         18.0000         21.0000          1.0000         64.5290
   67         11.0003         19.0000         21.0000          1.0000         64.5001
   68         11.0003         20.0000         21.0000          1.0000         68.0945
   70         11.0003         18.0000         21.0000          2.0000         72.6577
   71         11.0003         19.0000         21.0000          2.0000         72.5966
   72         11.0003         20.0000         21.0000          2.0000         75.6887
   74         11.0003         18.0000         21.0000          3.0000         83.3427
   75         11.0003         19.0000         21.0000          3.0000         83.2589
   76         11.0003         20.0000         21.0000          3.0000         85.5264
   78         11.0003         18.0000         21.0000          4.0000         97.3335
   79         11.0003         19.0000         21.0000          4.0000         97.1984
   80         11.0003         20.0000         21.0000          4.0000         98.9631
   66         12.0013         18.0000         21.0000          1.0000         85.0681
   67         12.0013         19.0000         21.0000          1.0000         85.3941
   68         12.0013         20.0000         21.0000          1.0000         89.7440
   70         12.0013         18.0000         21.0000          2.0000         93.4573
   71         12.0013         19.0000         21.0000          2.0000         93.7545
   72         12.0013         20.0000         21.0000          2.0000         97.5282
   74         12.0013         18.0000         21.0000          3.0000        104.8772
   75         12.0013         19.0000         21.0000          3.0000        105.1482
   76         12.0013         20.0000         21.0000          3.0000        107.9891
   78         12.0013         18.0000         21.0000          4.0000        119.8852
   79         12.0013         19.0000         21.0000          4.0000        120.0727
   80         12.0013         20.0000         21.0000          4.0000        122.3018
   66         12.0013         18.0000         21.0000          1.0000         85.0120
   67         12.0013         19.0000         21.0000          1.0000         85.5005
   68         12.0013         20.0000         21.0000          1.0000         89.9213
   70         12.0013         18.0000         21.0000          2.0000         93.3752
   71         12.0013         19.0000         21.0000          2.0000         93.8458
   72         12.0013         20.0000         21.0000          2.0000         97.6218
   74         12.0013         18.0000         21.0000          3.0000        104.7835
   75         12.0013         19.0000         21.0000          3.0000        105.2062
   76         12.0013         20.0000         21.0000          3.0000        108.0549
   78         12.0013         18.0000         21.0000          4.0000        119.7743
   79         12.0013         19.0000         21.0000          4.0000        120.1543
   80         12.0013         20.0000         21.0000          4.0000        122.3835
   66         12.0013         18.0000         21.0000          1.0000         85.0223
   67         12.0013         19.0000         21.0000          1.0000         85.5195
   68         12.0013         20.0000         21.0000          1.0000         89.9450
   70         12.0013         18.0000         21.0000          2.0000         93.3880
   71         12.0013         19.0000         21.0000          2.0000         93.8627
   72         12.0013         20.0000         21.0000          2.0000         97.6315
   74         12.0013         18.0000         21.0000          3.0000        104.7973
   75         12.0013         19.0000         21.0000          3.0000        105.2201
   76         12.0013         20.0000         21.0000          3.0000        108.0608
   78         12.0013         18.0000         21.0000          4.0000        119.7826
   79         12.0013         19.0000         21.0000          4.0000        120.1665
   80         12.0013         20.0000         21.0000          4.0000        122.3865
   66         12.0013         18.0000         21.0000          1.0000         85.0293
   67         12.0013         19.0000         21.0000          1.0000         85.5266
   68         12.0013         20.0000         21.0000          1.0000         89.9507
   70         12.0013         18.0000         21.0000          2.0000         93.3937
   71         12.0013         19.0000         21.0000          2.0000         93.8682
   72         12.0013         20.0000         21.0000          2.0000         97.6362
   74         12.0013         18.0000         21.0000          3.0000        104.8017
   75         12.0013         19.0000         21.0000          3.0000        105.2243
   76         12.0013         20.0000         21.0000          3.0000        108.0644
   78         12.0013         18.0000         21.0000          4.0000        119.7860
   79         12.0013         19.0000         21.0000          4.0000        120.1695
   80         12.0013         20.0000         21.0000          4.0000        122.3892
   66         13.0030         18.0000         21.0000          1.0000         94.1184
   67         13.0030         19.0000         21.0000          1.0000         94.5872
   68         13.0030         20.0000         21.0000          1.0000         98.9976
   70         13.0030         18.0000         21.0000          2.0000        101.5316
   71         13.0030         19.0000         21.0000          2.0000        101.9709
   72         13.0030         20.0000         21.0000          2.0000        105.8030
   74         13.0030         18.0000         21.0000          3.0000        112.1817
   75         13.0030         19.0000         21.0000          3.0000        112.6084
   76         13.0030         20.0000         21.0000          3.0000        115.5524
   78         13.0030         18.0000         21.0000          4.0000        126.9309
   79         13.0030         19.0000         21.0000          4.0000        127.2754
   80         13.0030         20.0000         21.0000          4.0000        129.5894
   66         13.0030         18.0000         21.0000          1.0000         94.1805
   67         13.0030         19.0000         21.0000          1.0000         94.6506
   68         13.0030         20.0000         21.0000          1.0000         99.0499
   70         13.0030         18.0000         21.0000          2.0000        101.5808
   71         13.0030         19.0000         21.0000          2.0000        102.0205
   72         13.0030         20.0000         21.0000          2.0000        105.8441
   74         13.0030         18.0000         21.0000          3.0000        112.2157
   75         13.0030         19.0000         21.0000          3.0000        112.6425
   76         13.0030         20.0000         21.0000          3.0000        115.5806
   78         13.0030         18.0000         21.0000          4.0000        126.9485
   79         13.0030         19.0000         21.0000          4.0000        127.2929
   80         13.0030         20.0000         21.0000          4.0000        129.6029
   66         13.0030         18.0000         21.0000          1.0000         94.2010
   67         13.0030         19.0000         21.0000          1.0000         94.6715
   68         13.0030         20.0000         21.0000          1.0000         99.0684
   70         13.0030         18.0000         21.0000          2.0000        101.5997
   71         13.0030         19.0000         21.0000          2.0000        102.0397
   72         13.0030         20.0000         21.0000          2.0000        105.8613
   74         13.0030         18.0000         21.0000          3.0000        112.2322
   75         13.0030         19.0000         21.0000          3.0000        112.6592
   76         13.0030         20.0000         21.0000          3.0000        115.5957
   78         13.0030         18.0000         21.0000          4.0000        126.9616
   79         13.0030         19.0000         21.0000          4.0000        127.3061
   80         13.0030         20.0000         21.0000          4.0000        129.6148
   66         14.0008         18.0000         21.0000          1.0000        102.2380
   67         14.0008         19.0000         21.0000          1.0000        102.7097
   68         14.0008         20.0000         21.0000          1.0000        108.1843
   70         14.0008         18.0000         21.0000          2.0000        112.9851
   71         14.0008         19.0000         21.0000          2.0000        113.4280
   72         14.0008         20.0000         21.0000          2.0000        118.1970
   74         14.0008         18.0000         21.0000          3.0000        127.3837
   75         14.0008         19.0000         21.0000          3.0000        127.8060
   76         14.0008         20.0000         21.0000          3.0000        131.4584
   78         14.0008         18.0000         21.0000          4.0000        146.9235
   79         14.0008         19.0000         21.0000          4.0000        147.2651
   80         14.0008         20.0000         21.0000          4.0000        150.1594
   66         14.0008         18.0000         21.0000          1.0000        103.1716
   67         14.0008         19.0000         21.0000          1.0000        103.6501
   68         14.0008         20.0000         21.0000          1.0000        109.1284
   70         14.0008         18.0000         21.0000          2.0000        113.9567
   71         14.0008         19.0000         21.0000          2.0000        114.4063
   72         14.0008         20.0000         21.0000          2.0000        119.1656
   74         14.0008         18.0000         21.0000          3.0000        128.3587
   75         14.0008         19.0000         21.0000          3.0000        128.7876
   76         14.0008         20.0000         21.0000          3.0000        132.4250
   78         14.0008         18.0000         21.0000          4.0000        147.8744
   79         14.0008         19.0000         21.0000          4.0000        148.2211
   80         14.0008         20.0000         21.0000          4.0000        151.0996
   66         14.0008         18.0000         21.0000          1.0000        103.3175
   67         14.0008         19.0000         21.0000          1.0000        103.7989
   68         14.0008         20.0000         21.0000          1.0000        109.2681
   70         14.0008         18.0000         21.0000          2.0000        114.0976
   71         14.0008         19.0000         21.0000          2.0000        114.5491
   72         14.0008         20.0000         21.0000          2.0000        119.2993
   74         14.0008         18.0000         21.0000          3.0000        128.4867
   75         14.0008         19.0000         21.0000          3.0000        128.9169
   76         14.0008         20.0000         21.0000          3.0000        132.5460
   78         14.0008         18.0000         21.0000          4.0000        147.9815
   79         14.0008         19.0000         21.0000          4.0000        148.3290
   80         14.0008         20.0000         21.0000          4.0000        151.2004
   66         14.0008         18.0000         21.0000          1.0000        103.3416
   67         14.0008         19.0000         21.0000          1.0000        103.8236
   68         14.0008         20.0000         21.0000          1.0000        109.2906
   70         14.0008         18.0000         21.0000          2.0000        114.1193
   71         14.0008         19.0000         21.0000          2.0000        114.5712
   72         14.0008         20.0000         21.0000          2.0000        119.3197
   74         14.0008         18.0000         21.0000          3.0000        128.5061
   75         14.0008         19.0000         21.0000          3.0000        128.9365
   76         14.0008         20.0000         21.0000          3.0000        132.5644
   78         14.0008         18.0000         21.0000          4.0000        147.9981
   79         14.0008         19.0000         21.0000          4.0000        148.3456
   80         14.0008         20.0000         21.0000          4.0000        151.2161
   66         15.0009         18.0000         21.0000          1.0000         79.8892
   67         15.0009         19.0000         21.0000          1.0000         80.4972
   68         15.0009         20.0000         21.0000          1.0000         84.2855
   70         15.0009         18.0000         21.0000          2.0000         85.8414
   71         15.0009         19.0000         21.0000          2.0000         86.4112
   72         15.0009         20.0000         21.0000          2.0000         89.6481
   74         15.0009         18.0000         21.0000          3.0000         94.4893
   75         15.0009         19.0000         21.0000          3.0000         95.0200
   76         15.0009         20.0000         21.0000          3.0000         97.5158
   78         15.0009         18.0000         21.0000          4.0000        106.4256
   79         15.0009         19.0000         21.0000          4.0000        106.9073
   80         15.0009         20.0000         21.0000          4.0000        108.8634
   66         15.0009         18.0000         21.0000          1.0000         79.0651
   67         15.0009         19.0000         21.0000          1.0000         79.6702
   68         15.0009         20.0000         21.0000          1.0000         83.4179
   70         15.0009         18.0000         21.0000          2.0000         84.9303
   71         15.0009         19.0000         21.0000          2.0000         85.4958
   72         15.0009         20.0000         21.0000          2.0000         88.7103
   74         15.0009         18.0000         21.0000          3.0000         93.5079
   75         15.0009         19.0000         21.0000          3.0000         94.0337
   76         15.0009         20.0000         21.0000          3.0000         96.5196
   78         15.0009         18.0000         21.0000          4.0000        105.3924
   79         15.0009         19.0000         21.0000          4.0000        105.8703
   80         15.0009         20.0000         21.0000          4.0000        107.8232
   66         15.0009         18.0000         21.0000          1.0000         78.9445
   67         15.0009         19.0000         21.0000          1.0000         79.5472
   68         15.0009         20.0000         21.0000          1.0000         83.3007
   70         15.0009         18.0000         21.0000          2.0000         84.8140
   71         15.0009         19.0000         21.0000          2.0000         85.3779
   72         15.0009         20.0000         21.0000          2.0000         88.5995
   74         15.0009         18.0000         21.0000          3.0000         93.4047
   75         15.0009         19.0000         21.0000          3.0000         93.9294
   76         15.0009         20.0000         21.0000          3.0000         96.4222
   78         15.0009         18.0000         21.0000          4.0000        105.3101
   79         15.0009         19.0000         21.0000          4.0000        105.7872
   80         15.0009         20.0000         21.0000          4.0000        107.7466
   66         15.0022         18.0000         21.0000          1.0000         78.7944
   67         15.0022         19.0000         21.0000          1.0000         79.3947
   68         15.0022         20.0000         21.0000          1.0000         83.1597
   70         15.0022         18.0000         21.0000          2.0000         84.6730
   71         15.0022         19.0000         21.0000          2.0000         85.2355
   72         15.0022         20.0000         21.0000          2.0000         88.4660
   74         15.0022         18.0000         21.0000          3.0000         93.2753
   75         15.0022         19.0000         21.0000          3.0000         93.7992
   76         15.0022         20.0000         21.0000          3.0000         96.2986
   78         15.0022         18.0000         21.0000          4.0000        105.1979
   79         15.0022         19.0000         21.0000          4.0000        105.6746
   80         15.0022         20.0000         21.0000          4.0000        107.6386
   66         15.0022         18.0000         21.0000          1.0000         78.8446
   67         15.0022         19.0000         21.0000          1.0000         79.4463
   68         15.0022         20.0000         21.0000          1.0000         83.2033
   70         15.0022         18.0000         21.0000          2.0000         84.7141
   71         15.0022         19.0000         21.0000          2.0000         85.2774
   72         15.0022         20.0000         21.0000          2.0000         88.5016
   74         15.0022         18.0000         21.0000          3.0000         93.3051
   75         15.0022         19.0000         21.0000          3.0000         93.8295
   76         15.0022         20.0000         21.0000          3.0000         96.3244
   78         15.0022         18.0000         21.0000          4.0000        105.2150
   79         15.0022         19.0000         21.0000          4.0000        105.6920
   80         15.0022         20.0000         21.0000          4.0000        107.6530
   66         15.0022         18.0000         21.0000          1.0000         78.8689
   67         15.0022         19.0000         21.0000          1.0000         79.4711
   68         15.0022         20.0000         21.0000          1.0000         83.2254
   70         15.0022         18.0000         21.0000          2.0000         84.7365
   71         15.0022         19.0000         21.0000          2.0000         85.3002
   72         15.0022         20.0000         21.0000          2.0000         88.5222
   74         15.0022         18.0000         21.0000          3.0000         93.3247
   75         15.0022         19.0000         21.0000          3.0000         93.8493
   76         15.0022         20.0000         21.0000          3.0000         96.3424
   78         15.0022         18.0000         21.0000          4.0000        105.2304
   79         15.0022         19.0000         21.0000          4.0000        105.7076
   80         15.0022         20.0000         21.0000          4.0000        107.6672
   66         16.0012         18.0000         21.0000          1.0000         80.6210
   67         16.0012         19.0000         21.0000          1.0000         81.3876
   68         16.0012         20.0000         21.0000          1.0000         84.9543
   70         16.0012         18.0000         21.0000          2.0000         85.8111
   71         16.0012         19.0000         21.0000          2.0000         86.5410
   72         16.0012         20.0000         21.0000          2.0000         89.5603
   74         16.0012         18.0000         21.0000          3.0000         93.6411
   75         16.0012         19.0000         21.0000          3.0000         94.3412
   76         16.0012         20.0000         21.0000          3.0000         96.6419
   78         16.0012         18.0000         21.0000          4.0000        105.2349
   79         16.0012         19.0000         21.0000          4.0000        105.8744
   80         16.0012         20.0000         21.0000          4.0000        107.7141
   66         16.0012         18.0000         21.0000          1.0000         80.7129
   67         16.0012         19.0000         21.0000          1.0000         81.4815
   68         16.0012         20.0000         21.0000          1.0000         85.0355
   70         16.0012         18.0000         21.0000          2.0000         85.8951
   71         16.0012         19.0000         21.0000          2.0000         86.6263
   72         16.0012         20.0000         21.0000          2.0000         89.6348
   74         16.0012         18.0000         21.0000          3.0000         93.7108
   75         16.0012         19.0000         21.0000          3.0000         94.4118
   76         16.0012         20.0000         21.0000          3.0000         96.7041
   78         16.0012         18.0000         21.0000          4.0000        105.2864
   79         16.0012         19.0000         21.0000          4.0000        105.9263
   80         16.0012         20.0000         21.0000          4.0000        107.7597
   66         16.0012         18.0000         21.0000          1.0000         80.7351
   67         16.0012         19.0000         21.0000          1.0000         81.5042
   68         16.0012         20.0000         21.0000          1.0000         85.0557
   70         16.0012         18.0000         21.0000          2.0000         85.9161
   71         16.0012         19.0000         21.0000          2.0000         86.6477
   72         16.0012         20.0000         21.0000          2.0000         89.6541
   74         16.0012         18.0000         21.0000          3.0000         93.7293
   75         16.0012         19.0000         21.0000          3.0000         94.4307
   76         16.0012         20.0000         21.0000          3.0000         96.7212
   78         16.0012         18.0000         21.0000          4.0000        105.3012
   79         16.0012         19.0000         21.0000          4.0000        105.9412
   80         16.0012         20.0000         21.0000          4.0000        107.7734
   66         17.0023         18.0000         21.0000          1.0000         62.4447
   67         17.0023         19.0000         21.0000          1.0000         62.9262
   68         17.0023         20.0000         21.0000          1.0000         66.0564
   70         17.0023         18.0000         21.0000          2.0000         68.3194
   71         17.0023         19.0000         21.0000          2.0000         68.7720
   72         17.0023         20.0000         21.0000          2.0000         71.4269
   74         17.0023         18.0000         21.0000          3.0000         76.3302
   75         17.0023         19.0000         21.0000          3.0000         76.7617
   76         17.0023         20.0000         21.0000          3.0000         78.7534
   78         17.0023         18.0000         21.0000          4.0000         87.5653
   79         17.0023         19.0000         21.0000          4.0000         87.9408
   80         17.0023         20.0000         21.0000          4.0000         89.5288
   66         17.0023         18.0000         21.0000          1.0000         63.1147
   67         17.0023         19.0000         21.0000          1.0000         63.6013
   68         17.0023         20.0000         21.0000          1.0000         66.7317
   70         17.0023         18.0000         21.0000          2.0000         69.0199
   71         17.0023         19.0000         21.0000          2.0000         69.4775
   72         17.0023         20.0000         21.0000          2.0000         72.1233
   74         17.0023         18.0000         21.0000          3.0000         77.0356
   75         17.0023         19.0000         21.0000          3.0000         77.4721
   76         17.0023         20.0000         21.0000          3.0000         79.4509
   78         17.0023         18.0000         21.0000          4.0000         88.2533
   79         17.0023         19.0000         21.0000          4.0000         88.6327
   80         17.0023         20.0000         21.0000          4.0000         90.2071
   66         17.0023         18.0000         21.0000          1.0000         63.2212
   67         17.0023         19.0000         21.0000          1.0000         63.7098
   68         17.0023         20.0000         21.0000          1.0000         66.8336
   70         17.0023         18.0000         21.0000          2.0000         69.1232
   71         17.0023         19.0000         21.0000          2.0000         69.5823
   72         17.0023         20.0000         21.0000          2.0000         72.2213
   74         17.0023         18.0000         21.0000          3.0000         77.1299
   75         17.0023         19.0000         21.0000          3.0000         77.5674
   76         17.0023         20.0000         21.0000          3.0000         79.5401
   78         17.0023         18.0000         21.0000          4.0000         88.3326
   79         17.0023         19.0000         21.0000          4.0000         88.7126
   80         17.0023         20.0000         21.0000          4.0000         90.2818
   66         17.0023         18.0000         21.0000          1.0000         63.2379
   67         17.0023         19.0000         21.0000          1.0000         63.7269
   68         17.0023         20.0000         21.0000          1.0000         66.8492
   70         17.0023         18.0000         21.0000          2.0000         69.1384
   71         17.0023         19.0000         21.0000          2.0000         69.5977
   72         17.0023         20.0000         21.0000          2.0000         72.2355
   74         17.0023         18.0000         21.0000          3.0000         77.1435
   75         17.0023         19.0000         21.0000          3.0000         77.5812
   76         17.0023         20.0000         21.0000          3.0000         79.5530
   78         17.0023         18.0000         21.0000          4.0000         88.3443
   79         17.0023         19.0000         21.0000          4.0000         88.7244
   80         17.0023         20.0000         21.0000          4.0000         90.2929
   66         18.0008         18.0000         21.0000          1.0000         39.5128
   67         18.0008         19.0000         21.0000          1.0000         39.7960
   68         18.0008         20.0000         21.0000          1.0000         41.5056
   70         18.0008         18.0000         21.0000          2.0000         42.6288
   71         18.0008         19.0000         21.0000          2.0000         42.8879
   72         18.0008         20.0000         21.0000          2.0000         44.3082
   74         18.0008         18.0000         21.0000          3.0000         46.9646
   75         18.0008         19.0000         21.0000          3.0000         47.2114
   76         18.0008         20.0000         21.0000          3.0000         48.2640
   78         18.0008         18.0000         21.0000          4.0000         53.3906
   79         18.0008         19.0000         21.0000          4.0000         53.6058
   80         18.0008         20.0000         21.0000          4.0000         54.4462
   66         18.0008         18.0000         21.0000          1.0000         39.1046
   67         18.0008         19.0000         21.0000          1.0000         39.3862
   68         18.0008         20.0000         21.0000          1.0000         41.0781
   70         18.0008         18.0000         21.0000          2.0000         42.1855
   71         18.0008         19.0000         21.0000          2.0000         42.4418
   72         18.0008         20.0000         21.0000          2.0000         43.8553
   74         18.0008         18.0000         21.0000          3.0000         46.5012
   75         18.0008         19.0000         21.0000          3.0000         46.7449
   76         18.0008         20.0000         21.0000          3.0000         47.7970
   78         18.0008         18.0000         21.0000          4.0000         52.9223
   79         18.0008         19.0000         21.0000          4.0000         53.1347
   80         18.0008         20.0000         21.0000          4.0000         53.9783
   66         18.0008         18.0000         21.0000          1.0000         39.0440
   67         18.0008         19.0000         21.0000          1.0000         39.3244
   68         18.0008         20.0000         21.0000          1.0000         41.0189
   70         18.0008         18.0000         21.0000          2.0000         42.1265
   71         18.0008         19.0000         21.0000          2.0000         42.3821
   72         18.0008         20.0000         21.0000          2.0000         43.7985
   74         18.0008         18.0000         21.0000          3.0000         46.4468
   75         18.0008         19.0000         21.0000          3.0000         46.6899
   76         18.0008         20.0000         21.0000          3.0000         47.7449
   78         18.0008         18.0000         21.0000          4.0000         52.8752
   79         18.0008         19.0000         21.0000          4.0000         53.0874
   80         18.0008         20.0000         21.0000          4.0000         53.9335
   66         19.0009         18.0000         21.0000          1.0000         14.6994
   67         19.0009         19.0000         21.0000          1.0000         14.7756
   68         19.0009         20.0000         21.0000          1.0000         15.1161
   70         19.0009         18.0000         21.0000          2.0000         15.0886
   71         19.0009         19.0000         21.0000          2.0000         15.1447
   72         19.0009         20.0000         21.0000          2.0000         15.4006
   74         19.0009         18.0000         21.0000          3.0000         15.7312
   75         19.0009         19.0000         21.0000          3.0000         15.7804
   76         19.0009         20.0000         21.0000          3.0000         15.9598
   78         19.0009         18.0000         21.0000          4.0000         16.9068
   79         19.0009         19.0000         21.0000          4.0000         16.9515
   80         19.0009         20.0000         21.0000          4.0000         17.0902
   66         19.0009         18.0000         21.0000          1.0000         14.7431
   67         19.0009         19.0000         21.0000          1.0000         14.8204
   68         19.0009         20.0000         21.0000          1.0000         15.1527
   70         19.0009         18.0000         21.0000          2.0000         15.1245
   71         19.0009         19.0000         21.0000          2.0000         15.1811
   72         19.0009         20.0000         21.0000          2.0000         15.4306
   74         19.0009         18.0000         21.0000          3.0000         15.7568
   75         19.0009         19.0000         21.0000          3.0000         15.8061
   76         19.0009         20.0000         21.0000          3.0000         15.9811
   78         19.0009         18.0000         21.0000          4.0000         16.9216
   79         19.0009         19.0000         21.0000          4.0000         16.9662
   80         19.0009         20.0000         21.0000          4.0000         17.1019
   66         19.0009         18.0000         21.0000          1.0000         14.7496
   67         19.0009         19.0000         21.0000          1.0000         14.8270
   68         19.0009         20.0000         21.0000          1.0000         15.1585
   70         19.0009         18.0000         21.0000          2.0000         15.1310
   71         19.0009         19.0000         21.0000          2.0000         15.1877
   72         19.0009         20.0000         21.0000          2.0000         15.4365
   74         19.0009         18.0000         21.0000          3.0000         15.7627
   75         19.0009         19.0000         21.0000          3.0000         15.8121
   76         19.0009         20.0000         21.0000          3.0000         15.9864
   78         19.0009         18.0000         21.0000          4.0000         16.9264
   79         19.0009         19.0000         21.0000          4.0000         16.9710
   80         19.0009         20.0000         21.0000          4.0000         17.1062
   66         20.0012         18.0000         21.0000          1.0000          1.3841
   67         20.0012         19.0000         21.0000          1.0000          1.3771
   68         20.0012         20.0000         21.0000          1.0000          1.1807
   70         20.0012         18.0000         21.0000          2.0000          0.6663
   71         20.0012         19.0000         21.0000          2.0000          0.6509
   72         20.0012         20.0000         21.0000          2.0000          0.4796
   74         20.0012         18.0000         21.0000          3.0000         -0.0943
   75         20.0012         19.0000         21.0000          3.0000         -0.1094
   76         20.0012         20.0000         21.0000          3.0000         -0.2303
   78         20.0012         18.0000         21.0000          4.0000         -1.0261
   79         20.0012         19.0000         21.0000          4.0000         -1.0370
   80         20.0012         20.0000         21.0000          4.0000         -1.1423
   66         20.0012         18.0000         21.0000          1.0000          1.4107
   67         20.0012         19.0000         21.0000          1.0000          1.4043
   68         20.0012         20.0000         21.0000          1.0000          1.2031
   70         20.0012         18.0000         21.0000          2.0000          0.6886
   71         20.0012         19.0000         21.0000          2.0000          0.6736
   72         20.0012         20.0000         21.0000          2.0000          0.4988
   74         20.0012         18.0000         21.0000          3.0000         -0.0763
   75         20.0012         19.0000         21.0000          3.0000         -0.0919
   76         20.0012         20.0000         21.0000          3.0000         -0.2158
   78         20.0012         18.0000         21.0000          4.0000         -1.0177
   79         20.0012         19.0000         21.0000          4.0000         -1.0287
   80         20.0012         20.0000         21.0000          4.0000         -1.1360
   66         20.0012         18.0000         21.0000          1.0000          1.4145
   67         20.0012         19.0000         21.0000          1.0000          1.4081
   68         20.0012         20.0000         21.0000          1.0000          1.2062
   70         20.0012         18.0000         21.0000          2.0000          0.6918
   71         20.0012         19.0000         21.0000          2.0000          0.6768
   72         20.0012         20.0000         21.0000          2.0000          0.5014
   74         20.0012         18.0000         21.0000          3.0000         -0.0741
   75         20.0012         19.0000         21.0000          3.0000         -0.0897
   76         20.0012         20.0000         21.0000          3.0000         -0.2137
   78         20.0012         18.0000         21.0000          4.0000         -1.0151
   79         20.0012         19.0000         21.0000          4.0000         -1.0261
   80         20.0012         20.0000         21.0000          4.0000         -1.1337
   66         21.0061         18.0000         21.0000          1.0000         -1.0268
   67         21.0061         19.0000         21.0000          1.0000         -1.0576
   68         21.0061         20.0000         21.0000          1.0000         -1.3209
   70         21.0061         18.0000         21.0000          2.0000         -1.9100
   71         21.0061         19.0000         21.0000          2.0000         -1.9463
   72         21.0061         20.0000         21.0000          2.0000         -2.1862
   74         21.0061         18.0000         21.0000          3.0000         -2.9743
   75         21.0061         19.0000         21.0000          3.0000         -3.0112
   76         21.0061         20.0000         21.0000          3.0000         -3.1913
   78         21.0061         18.0000         21.0000          4.0000         -4.3203
   79         21.0061         19.0000         21.0000          4.0000         -4.3468
   80         21.0061         20.0000         21.0000          4.0000         -4.4899
   66         21.0061         18.0000         21.0000          1.0000         -0.9992
   67         21.0061         19.0000         21.0000          1.0000         -1.0293
   68         21.0061         20.0000         21.0000          1.0000         -1.2980
   70         21.0061         18.0000         21.0000          2.0000         -1.8882
   71         21.0061         19.0000         21.0000          2.0000         -1.9242
   72         21.0061         20.0000         21.0000          2.0000         -2.1684
   74         21.0061         18.0000         21.0000          3.0000         -2.9597
   75         21.0061         19.0000         21.0000          3.0000         -2.9964
   76         21.0061         20.0000         21.0000          3.0000         -3.1796
   78         21.0061         18.0000         21.0000          4.0000         -4.3134
   79         21.0061         19.0000         21.0000          4.0000         -4.3399
   80         21.0061         20.0000         21.0000          4.0000         -4.4852
   66         21.0061         18.0000         21.0000          1.0000         -0.9953
   67         21.0061         19.0000         21.0000          1.0000         -1.0254
   68         21.0061         20.0000         21.0000          1.0000         -1.2944
   70         21.0061         18.0000         21.0000          2.0000         -1.8836
   71         21.0061         19.0000         21.0000          2.0000         -1.9195
   72         21.0061         20.0000         21.0000          2.0000         -2.1641
   74         21.0061         18.0000         21.0000          3.0000         -2.9551
   75         21.0061         19.0000         21.0000          3.0000         -2.9918
   76         21.0061         20.0000         21.0000          3.0000         -3.1755
   78         21.0061         18.0000         21.0000          4.0000         -4.3095
   79         21.0061         19.0000         21.0000          4.0000         -4.3360
   80         21.0061         20.0000         21.0000          4.0000         -4.4816
   66         22.0079         18.0000         21.0000          1.0000         -1.0411
   67         22.0079         19.0000         21.0000          1.0000         -1.0761
   68         22.0079         20.0000         21.0000          1.0000         -1.2902
   70         22.0079         18.0000         21.0000          2.0000         -1.7343
   71         22.0079         19.0000         21.0000          2.0000         -1.7716
   72         22.0079         20.0000         21.0000          2.0000         -1.9683
   74         22.0079         18.0000         21.0000          3.0000         -2.5814
   75         22.0079         19.0000         21.0000          3.0000         -2.6185
   76         22.0079         20.0000         21.0000          3.0000         -2.7664
   78         22.0079         18.0000         21.0000          4.0000         -3.5741
   79         22.0079         19.0000         21.0000          4.0000         -3.6010
   80         22.0079         20.0000         21.0000          4.0000         -3.7164
   66         22.0079         18.0000         21.0000          1.0000         -1.0234
   67         22.0079         19.0000         21.0000          1.0000         -1.0580
   68         22.0079         20.0000         21.0000          1.0000         -1.2742
   70         22.0079         18.0000         21.0000          2.0000         -1.7179
   71         22.0079         19.0000         21.0000          2.0000         -1.7550
   72         22.0079         20.0000         21.0000          2.0000         -1.9537
   74         22.0079         18.0000         21.0000          3.0000         -2.5677
   75         22.0079         19.0000         21.0000          3.0000         -2.6047
   76         22.0079         20.0000         21.0000          3.0000         -2.7542
   78         22.0079         18.0000         21.0000          4.0000         -3.5646
   79         22.0079         19.0000         21.0000          4.0000         -3.5914
   80         22.0079         20.0000         21.0000          4.0000         -3.7081
   66         22.0079         18.0000         21.0000          1.0000         -1.0146
   67         22.0079         19.0000         21.0000          1.0000         -1.0489
   68         22.0079         20.0000         21.0000          1.0000         -1.2658
   70         22.0079         18.0000         21.0000          2.0000         -1.7085
   71         22.0079         19.0000         21.0000          2.0000         -1.7454
   72         22.0079         20.0000         21.0000          2.0000         -1.9449
   74         22.0079         18.0000         21.0000          3.0000         -2.5589
   75         22.0079         19.0000         21.0000          3.0000         -2.5957
   76         22.0079         20.0000         21.0000          3.0000         -2.7461
   78         22.0079         18.0000         21.0000          4.0000         -3.5573
   79         22.0079         19.0000         21.0000          4.0000         -3.5840
   80         22.0079         20.0000         21.0000          4.0000         -3.7013
   66         23.0110         18.0000         21.0000          1.0000         -1.6451
   67         23.0110         19.0000         21.0000          1.0000         -1.6909
   68         23.0110         20.0000         21.0000          1.0000         -1.9225
   70         23.0110         18.0000         21.0000          2.0000         -2.3512
   71         23.0110         19.0000         21.0000          2.0000         -2.3949
   72         23.0110         20.0000         21.0000          2.0000         -2.5989
   74         23.0110         18.0000         21.0000          3.0000         -3.1895
   75         23.0110         19.0000         21.0000          3.0000         -3.2308
   76         23.0110         20.0000         21.0000          3.0000         -3.3807
   78         23.0110         18.0000         21.0000          4.0000         -4.1480
   79         23.0110         19.0000         21.0000          4.0000         -4.1774
   80         23.0110         20.0000         21.0000          4.0000         -4.2921
   66         23.0110         18.0000         21.0000          1.0000         -1.6279
   67         23.0110         19.0000         21.0000          1.0000         -1.6732
   68         23.0110         20.0000         21.0000          1.0000         -1.9069
   70         23.0110         18.0000         21.0000          2.0000         -2.3350
   71         23.0110         19.0000         21.0000          2.0000         -2.3785
   72         23.0110         20.0000         21.0000          2.0000         -2.5844
   74         23.0110         18.0000         21.0000          3.0000         -3.1759
   75         23.0110         19.0000         21.0000          3.0000         -3.2170
   76         23.0110         20.0000         21.0000          3.0000         -3.3684
   78         23.0110         18.0000         21.0000          4.0000         -4.1381
   79         23.0110         19.0000         21.0000          4.0000         -4.1675
   80         23.0110         20.0000         21.0000          4.0000         -4.2833
   66         23.0110         18.0000         21.0000          1.0000         -1.6171
   67         23.0110         19.0000         21.0000          1.0000         -1.6622
   68         23.0110         20.0000         21.0000          1.0000         -1.8969
   70         23.0110         18.0000         21.0000          2.0000         -2.3243
   71         23.0110         19.0000         21.0000          2.0000         -2.3676
   72         23.0110         20.0000         21.0000          2.0000         -2.5745
   74         23.0110         18.0000         21.0000          3.0000         -3.1661
   75         23.0110         19.0000         21.0000          3.0000         -3.2070
   76         23.0110         20.0000         21.0000          3.0000         -3.3594
   78         23.0110         18.0000         21.0000          4.0000         -4.1302
   79         23.0110         19.0000         21.0000          4.0000         -4.1594
   80         23.0110         20.0000         21.0000          4.0000         -4.2760
