   66          1.0142         18.0000         21.0000          1.0000        300.7582
   67          1.0142         19.0000         21.0000          1.0000        300.7298
   68          1.0142         20.0000         21.0000          1.0000        300.6107
   70          1.0142         18.0000         21.0000          2.0000        300.4460
   71          1.0142         19.0000         21.0000          2.0000        300.4237
   72          1.0142         20.0000         21.0000          2.0000        300.3277
   74          1.0142         18.0000         21.0000          3.0000        300.1011
   75          1.0142         19.0000         21.0000          3.0000        300.0825
   76          1.0142         20.0000         21.0000          3.0000        300.0158
   78          1.0142         18.0000         21.0000          4.0000        299.7293
   79          1.0142         19.0000         21.0000          4.0000        299.7170
   80          1.0142         20.0000         21.0000          4.0000        299.6688
   66          1.0142         18.0000         21.0000          1.0000        300.7780
   67          1.0142         19.0000         21.0000          1.0000        300.7501
   68          1.0142         20.0000         21.0000          1.0000        300.6285
   70          1.0142         18.0000         21.0000          2.0000        300.4635
   71          1.0142         19.0000         21.0000          2.0000        300.4414
   72          1.0142         20.0000         21.0000          2.0000        300.3433
   74          1.0142         18.0000         21.0000          3.0000        300.1152
   75          1.0142         19.0000         21.0000          3.0000        300.0968
   76          1.0142         20.0000         21.0000          3.0000        300.0286
   78          1.0142         18.0000         21.0000          4.0000        299.7394
   79          1.0142         19.0000         21.0000          4.0000        299.7272
   80          1.0142         20.0000         21.0000          4.0000        299.6780
   66          1.0142         18.0000         21.0000          1.0000        300.7790
   67          1.0142         19.0000         21.0000          1.0000        300.7511
   68          1.0142         20.0000         21.0000          1.0000        300.6293
   70          1.0142         18.0000         21.0000          2.0000        300.4646
   71          1.0142         19.0000         21.0000          2.0000        300.4424
   72          1.0142         20.0000         21.0000          2.0000        300.3443
   74          1.0142         18.0000         21.0000          3.0000        300.1163
   75          1.0142         19.0000         21.0000          3.0000        300.0979
   76          1.0142         20.0000         21.0000          3.0000        300.0296
   78          1.0142         18.0000         21.0000          4.0000        299.7404
   79          1.0142         19.0000         21.0000          4.0000        299.7283
   80          1.0142         20.0000         21.0000          4.0000        299.6789
   66          2.0138         18.0000         21.0000          1.0000        300.4225
   67          2.0138         19.0000         21.0000          1.0000        300.3945
   68          2.0138         20.0000         21.0000          1.0000        300.2779
   70          2.0138         18.0000         21.0000          2.0000        300.1318
   71          2.0138         19.0000         21.0000          2.0000        300.1102
   72          2.0138         20.0000         21.0000          2.0000        300.0162
   74          2.0138         18.0000         21.0000          3.0000        299.8079
   75          2.0138         19.0000         21.0000          3.0000        299.7901
   76          2.0138         20.0000         21.0000          3.0000        299.7244
   78          2.0138         18.0000         21.0000          4.0000        299.4598
   79          2.0138         19.0000         21.0000          4.0000        299.4482
   80          2.0138         20.0000         21.0000          4.0000        299.4006
   66          2.0138         18.0000         21.0000          1.0000        300.4425
   67          2.0138         19.0000         21.0000          1.0000        300.4149
   68          2.0138         20.0000         21.0000          1.0000        300.2957
   70          2.0138         18.0000         21.0000          2.0000        300.1494
   71          2.0138         19.0000         21.0000          2.0000        300.1280
   72          2.0138         20.0000         21.0000          2.0000        300.0320
   74          2.0138         18.0000         21.0000          3.0000        299.8221
   75          2.0138         19.0000         21.0000          3.0000        299.8045
   76          2.0138         20.0000         21.0000          3.0000        299.7373
   78          2.0138         18.0000         21.0000          4.0000        299.4701
   79          2.0138         19.0000         21.0000          4.0000        299.4585
   80          2.0138         20.0000         21.0000          4.0000        299.4098
   66          2.0138         18.0000         21.0000          1.0000        300.4435
   67          2.0138         19.0000         21.0000          1.0000        300.4159
   68          2.0138         20.0000         21.0000          1.0000        300.2967
   70          2.0138         18.0000         21.0000          2.0000        300.1505
   71          2.0138         19.0000         21.0000          2.0000        300.1292
   72          2.0138         20.0000         21.0000          2.0000        300.0330
   74          2.0138         18.0000         21.0000          3.0000        299.8233
   75          2.0138         19.0000         21.0000          3.0000        299.8057
   76          2.0138         20.0000         21.0000          3.0000        299.7383
   78          2.0138         18.0000         21.0000          4.0000        299.4712
   79          2.0138         19.0000         21.0000          4.0000        299.4596
   80          2.0138         20.0000         21.0000          4.0000        299.4108
   66          3.0126         18.0000         21.0000          1.0000        300.1963
   67          3.0126         19.0000         21.0000          1.0000        300.1672
   68          3.0126         20.0000         21.0000          1.0000        300.0518
   70          3.0126         18.0000         21.0000          2.0000        299.9228
   71          3.0126         19.0000         21.0000          2.0000        299.9010
   72          3.0126         20.0000         21.0000          2.0000        299.8085
   74          3.0126         18.0000         21.0000          3.0000        299.6165
   75          3.0126         19.0000         21.0000          3.0000        299.5989
   76          3.0126         20.0000         21.0000          3.0000        299.5340
   78          3.0126         18.0000         21.0000          4.0000        299.2802
   79          3.0126         19.0000         21.0000          4.0000        299.2688
   80          3.0126         20.0000         21.0000          4.0000        299.2216
   66          3.0126         18.0000         21.0000          1.0000        300.2168
   67          3.0126         19.0000         21.0000          1.0000        300.1880
   68          3.0126         20.0000         21.0000          1.0000        300.0701
   70          3.0126         18.0000         21.0000          2.0000        299.9408
   71          3.0126         19.0000         21.0000          2.0000        299.9193
   72          3.0126         20.0000         21.0000          2.0000        299.8247
   74          3.0126         18.0000         21.0000          3.0000        299.6311
   75          3.0126         19.0000         21.0000          3.0000        299.6137
   76          3.0126         20.0000         21.0000          3.0000        299.5472
   78          3.0126         18.0000         21.0000          4.0000        299.2907
   79          3.0126         19.0000         21.0000          4.0000        299.2793
   80          3.0126         20.0000         21.0000          4.0000        299.2311
   66          3.0126         18.0000         21.0000          1.0000        300.2178
   67          3.0126         19.0000         21.0000          1.0000        300.1890
   68          3.0126         20.0000         21.0000          1.0000        300.0710
   70          3.0126         18.0000         21.0000          2.0000        299.9419
   71          3.0126         19.0000         21.0000          2.0000        299.9204
   72          3.0126         20.0000         21.0000          2.0000        299.8257
   74          3.0126         18.0000         21.0000          3.0000        299.6322
   75          3.0126         19.0000         21.0000          3.0000        299.6149
   76          3.0126         20.0000         21.0000          3.0000        299.5483
   78          3.0126         18.0000         21.0000          4.0000        299.2918
   79          3.0126         19.0000         21.0000          4.0000        299.2804
   80          3.0126         20.0000         21.0000          4.0000        299.2321
   66          4.0028         18.0000         21.0000          1.0000        299.9654
   67          4.0028         19.0000         21.0000          1.0000        299.9358
   68          4.0028         20.0000         21.0000          1.0000        299.8212
   70          4.0028         18.0000         21.0000          2.0000        299.7050
   71          4.0028         19.0000         21.0000          2.0000        299.6835
   72          4.0028         20.0000         21.0000          2.0000        299.5918
   74          4.0028         18.0000         21.0000          3.0000        299.4120
   75          4.0028         19.0000         21.0000          3.0000        299.3948
   76          4.0028         20.0000         21.0000          3.0000        299.3303
   78          4.0028         18.0000         21.0000          4.0000        299.0868
   79          4.0028         19.0000         21.0000          4.0000        299.0756
   80          4.0028         20.0000         21.0000          4.0000        299.0286
   66          4.0028         18.0000         21.0000          1.0000        299.9857
   67          4.0028         19.0000         21.0000          1.0000        299.9565
   68          4.0028         20.0000         21.0000          1.0000        299.8392
   70          4.0028         18.0000         21.0000          2.0000        299.7228
   71          4.0028         19.0000         21.0000          2.0000        299.7015
   72          4.0028         20.0000         21.0000          2.0000        299.6077
   74          4.0028         18.0000         21.0000          3.0000        299.4265
   75          4.0028         19.0000         21.0000          3.0000        299.4094
   76          4.0028         20.0000         21.0000          3.0000        299.3433
   78          4.0028         18.0000         21.0000          4.0000        299.0971
   79          4.0028         19.0000         21.0000          4.0000        299.0860
   80          4.0028         20.0000         21.0000          4.0000        299.0380
   66          4.0028         18.0000         21.0000          1.0000        299.9866
   67          4.0028         19.0000         21.0000          1.0000        299.9574
   68          4.0028         20.0000         21.0000          1.0000        299.8401
   70          4.0028         18.0000         21.0000          2.0000        299.7239
   71          4.0028         19.0000         21.0000          2.0000        299.7026
   72          4.0028         20.0000         21.0000          2.0000        299.6087
   74          4.0028         18.0000         21.0000          3.0000        299.4276
   75          4.0028         19.0000         21.0000          3.0000        299.4105
   76          4.0028         20.0000         21.0000          3.0000        299.3443
   78          4.0028         18.0000         21.0000          4.0000        299.0982
   79          4.0028         19.0000         21.0000          4.0000        299.0871
   80          4.0028         20.0000         21.0000          4.0000        299.0390
   66          5.0004         18.0000         21.0000          1.0000        299.6961
   67          5.0004         19.0000         21.0000          1.0000        299.6662
   68          5.0004         20.0000         21.0000          1.0000        299.5508
   70          5.0004         18.0000         21.0000          2.0000        299.4424
   71          5.0004         19.0000         21.0000          2.0000        299.4210
   72          5.0004         20.0000         21.0000          2.0000        299.3289
   74          5.0004         18.0000         21.0000          3.0000        299.1558
   75          5.0004         19.0000         21.0000          3.0000        299.1389
   76          5.0004         20.0000         21.0000          3.0000        299.0739
   78          5.0004         18.0000         21.0000          4.0000        298.8355
   79          5.0004         19.0000         21.0000          4.0000        298.8246
   80          5.0004         20.0000         21.0000          4.0000        298.7772
   66          5.0004         18.0000         21.0000          1.0000        299.7158
   67          5.0004         19.0000         21.0000          1.0000        299.6863
   68          5.0004         20.0000         21.0000          1.0000        299.5684
   70          5.0004         18.0000         21.0000          2.0000        299.4597
   71          5.0004         19.0000         21.0000          2.0000        299.4385
   72          5.0004         20.0000         21.0000          2.0000        299.3444
   74          5.0004         18.0000         21.0000          3.0000        299.1698
   75          5.0004         19.0000         21.0000          3.0000        299.1530
   76          5.0004         20.0000         21.0000          3.0000        299.0865
   78          5.0004         18.0000         21.0000          4.0000        298.8455
   79          5.0004         19.0000         21.0000          4.0000        298.8347
   80          5.0004         20.0000         21.0000          4.0000        298.7862
   66          5.0004         18.0000         21.0000          1.0000        299.7166
   67          5.0004         19.0000         21.0000          1.0000        299.6871
   68          5.0004         20.0000         21.0000          1.0000        299.5691
   70          5.0004         18.0000         21.0000          2.0000        299.4607
   71          5.0004         19.0000         21.0000          2.0000        299.4395
   72          5.0004         20.0000         21.0000          2.0000        299.3453
   74          5.0004         18.0000         21.0000          3.0000        299.1708
   75          5.0004         19.0000         21.0000          3.0000        299.1541
   76          5.0004         20.0000         21.0000          3.0000        299.0874
   78          5.0004         18.0000         21.0000          4.0000        298.8466
   79          5.0004         19.0000         21.0000          4.0000        298.8357
   80          5.0004         20.0000         21.0000          4.0000        298.7872
   66          6.0017         18.0000         21.0000          1.0000        299.6758
   67          6.0017         19.0000         21.0000          1.0000        299.6471
   68          6.0017         20.0000         21.0000          1.0000        299.5373
   70          6.0017         18.0000         21.0000          2.0000        299.4445
   71          6.0017         19.0000         21.0000          2.0000        299.4243
   72          6.0017         20.0000         21.0000          2.0000        299.3367
   74          6.0017         18.0000         21.0000          3.0000        299.1816
   75          6.0017         19.0000         21.0000          3.0000        299.1658
   76          6.0017         20.0000         21.0000          3.0000        299.1036
   78          6.0017         18.0000         21.0000          4.0000        298.8854
   79          6.0017         19.0000         21.0000          4.0000        298.8752
   80          6.0017         20.0000         21.0000          4.0000        298.8297
   66          6.0017         18.0000         21.0000          1.0000        299.6966
   67          6.0017         19.0000         21.0000          1.0000        299.6683
   68          6.0017         20.0000         21.0000          1.0000        299.5559
   70          6.0017         18.0000         21.0000          2.0000        299.4628
   71          6.0017         19.0000         21.0000          2.0000        299.4428
   72          6.0017         20.0000         21.0000          2.0000        299.3531
   74          6.0017         18.0000         21.0000          3.0000        299.1965
   75          6.0017         19.0000         21.0000          3.0000        299.1808
   76          6.0017         20.0000         21.0000          3.0000        299.1170
   78          6.0017         18.0000         21.0000          4.0000        298.8961
   79          6.0017         19.0000         21.0000          4.0000        298.8860
   80          6.0017         20.0000         21.0000          4.0000        298.8394
   66          6.0017         18.0000         21.0000          1.0000        299.6976
   67          6.0017         19.0000         21.0000          1.0000        299.6692
   68          6.0017         20.0000         21.0000          1.0000        299.5568
   70          6.0017         18.0000         21.0000          2.0000        299.4639
   71          6.0017         19.0000         21.0000          2.0000        299.4439
   72          6.0017         20.0000         21.0000          2.0000        299.3541
   74          6.0017         18.0000         21.0000          3.0000        299.1976
   75          6.0017         19.0000         21.0000          3.0000        299.1820
   76          6.0017         20.0000         21.0000          3.0000        299.1181
   78          6.0017         18.0000         21.0000          4.0000        298.8972
   79          6.0017         19.0000         21.0000          4.0000        298.8871
   80          6.0017         20.0000         21.0000          4.0000        298.8404
   66          7.0101         18.0000         21.0000          1.0000        299.5574
   67          7.0101         19.0000         21.0000          1.0000        299.5295
   68          7.0101         20.0000         21.0000          1.0000        299.4219
   70          7.0101         18.0000         21.0000          2.0000        299.3375
   71          7.0101         19.0000         21.0000          2.0000        299.3181
   72          7.0101         20.0000         21.0000          2.0000        299.2323
   74          7.0101         18.0000         21.0000          3.0000        299.0864
   75          7.0101         19.0000         21.0000          3.0000        299.0714
   76          7.0101         20.0000         21.0000          3.0000        299.0101
   78          7.0101         18.0000         21.0000          4.0000        298.8018
   79          7.0101         19.0000         21.0000          4.0000        298.7921
   80          7.0101         20.0000         21.0000          4.0000        298.7472
   66          7.0101         18.0000         21.0000          1.0000        299.5796
   67          7.0101         19.0000         21.0000          1.0000        299.5521
   68          7.0101         20.0000         21.0000          1.0000        299.4417
   70          7.0101         18.0000         21.0000          2.0000        299.3572
   71          7.0101         19.0000         21.0000          2.0000        299.3380
   72          7.0101         20.0000         21.0000          2.0000        299.2499
   74          7.0101         18.0000         21.0000          3.0000        299.1024
   75          7.0101         19.0000         21.0000          3.0000        299.0875
   76          7.0101         20.0000         21.0000          3.0000        299.0246
   78          7.0101         18.0000         21.0000          4.0000        298.8132
   79          7.0101         19.0000         21.0000          4.0000        298.8036
   80          7.0101         20.0000         21.0000          4.0000        298.7576
   66          7.0101         18.0000         21.0000          1.0000        299.5807
   67          7.0101         19.0000         21.0000          1.0000        299.5532
   68          7.0101         20.0000         21.0000          1.0000        299.4428
   70          7.0101         18.0000         21.0000          2.0000        299.3584
   71          7.0101         19.0000         21.0000          2.0000        299.3393
   72          7.0101         20.0000         21.0000          2.0000        299.2511
   74          7.0101         18.0000         21.0000          3.0000        299.1037
   75          7.0101         19.0000         21.0000          3.0000        299.0889
   76          7.0101         20.0000         21.0000          3.0000        299.0259
   78          7.0101         18.0000         21.0000          4.0000        298.8145
   79          7.0101         19.0000         21.0000          4.0000        298.8049
   80          7.0101         20.0000         21.0000          4.0000        298.7588
   66          8.0019         18.0000         21.0000          1.0000        300.6864
   67          8.0019         19.0000         21.0000          1.0000        300.6625
   68          8.0019         20.0000         21.0000          1.0000        300.6333
   70          8.0019         18.0000         21.0000          2.0000        300.6680
   71          8.0019         19.0000         21.0000          2.0000        300.6528
   72          8.0019         20.0000         21.0000          2.0000        300.6335
   74          8.0019         18.0000         21.0000          3.0000        300.6572
   75          8.0019         19.0000         21.0000          3.0000        300.6462
   76          8.0019         20.0000         21.0000          3.0000        300.6335
   78          8.0019         18.0000         21.0000          4.0000        300.6431
   79          8.0019         19.0000         21.0000          4.0000        300.6364
   80          8.0019         20.0000         21.0000          4.0000        300.6289
   66          8.0019         18.0000         21.0000          1.0000        300.7173
   67          8.0019         19.0000         21.0000          1.0000        300.6938
   68          8.0019         20.0000         21.0000          1.0000        300.6614
   70          8.0019         18.0000         21.0000          2.0000        300.6959
   71          8.0019         19.0000         21.0000          2.0000        300.6811
   72          8.0019         20.0000         21.0000          2.0000        300.6590
   74          8.0019         18.0000         21.0000          3.0000        300.6807
   75          8.0019         19.0000         21.0000          3.0000        300.6700
   76          8.0019         20.0000         21.0000          3.0000        300.6550
   78          8.0019         18.0000         21.0000          4.0000        300.6607
   79          8.0019         19.0000         21.0000          4.0000        300.6542
   80          8.0019         20.0000         21.0000          4.0000        300.6450
   66          8.0019         18.0000         21.0000          1.0000        300.7204
   67          8.0019         19.0000         21.0000          1.0000        300.6970
   68          8.0019         20.0000         21.0000          1.0000        300.6643
   70          8.0019         18.0000         21.0000          2.0000        300.6991
   71          8.0019         19.0000         21.0000          2.0000        300.6843
   72          8.0019         20.0000         21.0000          2.0000        300.6619
   74          8.0019         18.0000         21.0000          3.0000        300.6837
   75          8.0019         19.0000         21.0000          3.0000        300.6730
   76          8.0019         20.0000         21.0000          3.0000        300.6579
   78          8.0019         18.0000         21.0000          4.0000        300.6634
   79          8.0019         19.0000         21.0000          4.0000        300.6569
   80          8.0019         20.0000         21.0000          4.0000        300.6475
   66          9.0076         18.0000         21.0000          1.0000        306.8547
   67          9.0076         19.0000         21.0000          1.0000        306.8453
   68          9.0076         20.0000         21.0000          1.0000        307.1047
   70          9.0076         18.0000         21.0000          2.0000        307.4734
   71          9.0076         19.0000         21.0000          2.0000        307.4681
   72          9.0076         20.0000         21.0000          2.0000        307.6899
   74          9.0076         18.0000         21.0000          3.0000        308.2759
   75          9.0076         19.0000         21.0000          3.0000        308.2697
   76          9.0076         20.0000         21.0000          3.0000        308.4275
   78          9.0076         18.0000         21.0000          4.0000        309.1983
   79          9.0076         19.0000         21.0000          4.0000        309.1903
   80          9.0076         20.0000         21.0000          4.0000        309.3085
   66          9.0076         18.0000         21.0000          1.0000        306.8910
   67          9.0076         19.0000         21.0000          1.0000        306.8821
   68          9.0076         20.0000         21.0000          1.0000        307.1382
   70          9.0076         18.0000         21.0000          2.0000        307.5048
   71          9.0076         19.0000         21.0000          2.0000        307.4998
   72          9.0076         20.0000         21.0000          2.0000        307.7187
   74          9.0076         18.0000         21.0000          3.0000        308.3010
   75          9.0076         19.0000         21.0000          3.0000        308.2950
   76          9.0076         20.0000         21.0000          3.0000        308.4504
   78          9.0076         18.0000         21.0000          4.0000        309.2159
   79          9.0076         19.0000         21.0000          4.0000        309.2080
   80          9.0076         20.0000         21.0000          4.0000        309.3245
   66          9.0076         18.0000         21.0000          1.0000        306.8933
   67          9.0076         19.0000         21.0000          1.0000        306.8845
   68          9.0076         20.0000         21.0000          1.0000        307.1403
   70          9.0076         18.0000         21.0000          2.0000        307.5072
   71          9.0076         19.0000         21.0000          2.0000        307.5023
   72          9.0076         20.0000         21.0000          2.0000        307.7210
   74          9.0076         18.0000         21.0000          3.0000        308.3034
   75          9.0076         19.0000         21.0000          3.0000        308.2975
   76          9.0076         20.0000         21.0000          3.0000        308.4527
   78          9.0076         18.0000         21.0000          4.0000        309.2182
   79          9.0076         19.0000         21.0000          4.0000        309.2103
   80          9.0076         20.0000         21.0000          4.0000        309.3266
   66         10.0019         18.0000         21.0000          1.0000        313.3910
   67         10.0019         19.0000         21.0000          1.0000        313.3654
   68         10.0019         20.0000         21.0000          1.0000        313.8268
   70         10.0019         18.0000         21.0000          2.0000        314.4135
   71         10.0019         19.0000         21.0000          2.0000        314.3840
   72         10.0019         20.0000         21.0000          2.0000        314.7644
   74         10.0019         18.0000         21.0000          3.0000        315.7496
   75         10.0019         19.0000         21.0000          3.0000        315.7179
   76         10.0019         20.0000         21.0000          3.0000        315.9827
   78         10.0019         18.0000         21.0000          4.0000        317.2556
   79         10.0019         19.0000         21.0000          4.0000        317.2228
   80         10.0019         20.0000         21.0000          4.0000        317.4171
   66         10.0019         18.0000         21.0000          1.0000        313.4408
   67         10.0019         19.0000         21.0000          1.0000        313.4159
   68         10.0019         20.0000         21.0000          1.0000        313.8721
   70         10.0019         18.0000         21.0000          2.0000        314.4623
   71         10.0019         19.0000         21.0000          2.0000        314.4336
   72         10.0019         20.0000         21.0000          2.0000        314.8088
   74         10.0019         18.0000         21.0000          3.0000        315.7936
   75         10.0019         19.0000         21.0000          3.0000        315.7626
   76         10.0019         20.0000         21.0000          3.0000        316.0228
   78         10.0019         18.0000         21.0000          4.0000        317.2911
   79         10.0019         19.0000         21.0000          4.0000        317.2588
   80         10.0019         20.0000         21.0000          4.0000        317.4494
   66         10.0019         18.0000         21.0000          1.0000        313.4418
   67         10.0019         19.0000         21.0000          1.0000        313.4170
   68         10.0019         20.0000         21.0000          1.0000        313.8730
   70         10.0019         18.0000         21.0000          2.0000        314.4628
   71         10.0019         19.0000         21.0000          2.0000        314.4342
   72         10.0019         20.0000         21.0000          2.0000        314.8094
   74         10.0019         18.0000         21.0000          3.0000        315.7938
   75         10.0019         19.0000         21.0000          3.0000        315.7628
   76         10.0019         20.0000         21.0000          3.0000        316.0230
   78         10.0019         18.0000         21.0000          4.0000        317.2912
   79         10.0019         19.0000         21.0000          4.0000        317.2589
   80         10.0019         20.0000         21.0000          4.0000        317.4495
   66         11.0003         18.0000         21.0000          1.0000        318.9355
   67         11.0003         19.0000         21.0000          1.0000        318.9295
   68         11.0003         20.0000         21.0000          1.0000        319.6142
   70         11.0003         18.0000         21.0000          2.0000        320.4649
   71         11.0003         19.0000         21.0000          2.0000        320.4533
   72         11.0003         20.0000         21.0000          2.0000        321.0300
   74         11.0003         18.0000         21.0000          3.0000        322.3841
   75         11.0003         19.0000         21.0000          3.0000        322.3687
   76         11.0003         20.0000         21.0000          3.0000        322.7807
   78         11.0003         18.0000         21.0000          4.0000        324.4665
   79         11.0003         19.0000         21.0000          4.0000        324.4429
   80         11.0003         20.0000         21.0000          4.0000        324.7505
   66         11.0003         18.0000         21.0000          1.0000        318.9600
   67         11.0003         19.0000         21.0000          1.0000        318.9544
   68         11.0003         20.0000         21.0000          1.0000        319.6366
   70         11.0003         18.0000         21.0000          2.0000        320.4863
   71         11.0003         19.0000         21.0000          2.0000        320.4749
   72         11.0003         20.0000         21.0000          2.0000        321.0494
   74         11.0003         18.0000         21.0000          3.0000        322.4013
   75         11.0003         19.0000         21.0000          3.0000        322.3860
   76         11.0003         20.0000         21.0000          3.0000        322.7965
   78         11.0003         18.0000         21.0000          4.0000        324.4788
   79         11.0003         19.0000         21.0000          4.0000        324.4553
   80         11.0003         20.0000         21.0000          4.0000        324.7618
   66         11.0003         18.0000         21.0000          1.0000        318.9620
   67         11.0003         19.0000         21.0000          1.0000        318.9565
   68         11.0003         20.0000         21.0000          1.0000        319.6384
   70         11.0003         18.0000         21.0000          2.0000        320.4883
   71         11.0003         19.0000         21.0000          2.0000        320.4769
   72         11.0003         20.0000         21.0000          2.0000        321.0512
   74         11.0003         18.0000         21.0000          3.0000        322.4031
   75         11.0003         19.0000         21.0000          3.0000        322.3879
   76         11.0003         20.0000         21.0000          3.0000        322.7982
   78         11.0003         18.0000         21.0000          4.0000        324.4804
   79         11.0003         19.0000         21.0000          4.0000        324.4569
   80         11.0003         20.0000         21.0000          4.0000        324.7632
   66         12.0013         18.0000         21.0000          1.0000        322.2858
   67         12.0013         19.0000         21.0000          1.0000        322.3488
   68         12.0013         20.0000         21.0000          1.0000        323.0962
   70         12.0013         18.0000         21.0000          2.0000        323.7089
   71         12.0013         19.0000         21.0000          2.0000        323.7669
   72         12.0013         20.0000         21.0000          2.0000        324.4044
   74         12.0013         18.0000         21.0000          3.0000        325.5730
   75         12.0013         19.0000         21.0000          3.0000        325.6252
   76         12.0013         20.0000         21.0000          3.0000        326.0961
   78         12.0013         18.0000         21.0000          4.0000        327.6503
   79         12.0013         19.0000         21.0000          4.0000        327.6880
   80         12.0013         20.0000         21.0000          4.0000        328.0456
   66         12.0013         18.0000         21.0000          1.0000        322.3044
   67         12.0013         19.0000         21.0000          1.0000        322.3914
   68         12.0013         20.0000         21.0000          1.0000        323.1490
   70         12.0013         18.0000         21.0000          2.0000        323.7248
   71         12.0013         19.0000         21.0000          2.0000        323.8076
   72         12.0013         20.0000         21.0000          2.0000        324.4436
   74         12.0013         18.0000         21.0000          3.0000        325.5880
   75         12.0013         19.0000         21.0000          3.0000        325.6607
   76         12.0013         20.0000         21.0000          3.0000        326.1310
   78         12.0013         18.0000         21.0000          4.0000        327.6560
   79         12.0013         19.0000         21.0000          4.0000        327.7203
   80         12.0013         20.0000         21.0000          4.0000        328.0759
   66         12.0013         18.0000         21.0000          1.0000        322.3038
   67         12.0013         19.0000         21.0000          1.0000        322.3890
   68         12.0013         20.0000         21.0000          1.0000        323.1458
   70         12.0013         18.0000         21.0000          2.0000        323.7249
   71         12.0013         19.0000         21.0000          2.0000        323.8048
   72         12.0013         20.0000         21.0000          2.0000        324.4396
   74         12.0013         18.0000         21.0000          3.0000        325.5883
   75         12.0013         19.0000         21.0000          3.0000        325.6579
   76         12.0013         20.0000         21.0000          3.0000        326.1267
   78         12.0013         18.0000         21.0000          4.0000        327.6567
   79         12.0013         19.0000         21.0000          4.0000        327.7176
   80         12.0013         20.0000         21.0000          4.0000        328.0718
   66         12.0013         18.0000         21.0000          1.0000        322.3052
   67         12.0013         19.0000         21.0000          1.0000        322.3907
   68         12.0013         20.0000         21.0000          1.0000        323.1474
   70         12.0013         18.0000         21.0000          2.0000        323.7260
   71         12.0013         19.0000         21.0000          2.0000        323.8063
   72         12.0013         20.0000         21.0000          2.0000        324.4411
   74         12.0013         18.0000         21.0000          3.0000        325.5891
   75         12.0013         19.0000         21.0000          3.0000        325.6591
   76         12.0013         20.0000         21.0000          3.0000        326.1280
   78         12.0013         18.0000         21.0000          4.0000        327.6572
   79         12.0013         19.0000         21.0000          4.0000        327.7186
   80         12.0013         20.0000         21.0000          4.0000        328.0729
   66         13.0030         18.0000         21.0000          1.0000        323.7929
   67         13.0030         19.0000         21.0000          1.0000        323.8707
   68         13.0030         20.0000         21.0000          1.0000        324.6004
   70         13.0030         18.0000         21.0000          2.0000        325.0080
   71         13.0030         19.0000         21.0000          2.0000        325.0800
   72         13.0030         20.0000         21.0000          2.0000        325.7064
   74         13.0030         18.0000         21.0000          3.0000        326.6750
   75         13.0030         19.0000         21.0000          3.0000        326.7436
   76         13.0030         20.0000         21.0000          3.0000        327.2163
   78         13.0030         18.0000         21.0000          4.0000        328.5459
   79         13.0030         19.0000         21.0000          4.0000        328.5994
   80         13.0030         20.0000         21.0000          4.0000        328.9584
   66         13.0030         18.0000         21.0000          1.0000        323.8094
   67         13.0030         19.0000         21.0000          1.0000        323.8875
   68         13.0030         20.0000         21.0000          1.0000        324.6148
   70         13.0030         18.0000         21.0000          2.0000        325.0221
   71         13.0030         19.0000         21.0000          2.0000        325.0942
   72         13.0030         20.0000         21.0000          2.0000        325.7188
   74         13.0030         18.0000         21.0000          3.0000        326.6862
   75         13.0030         19.0000         21.0000          3.0000        326.7549
   76         13.0030         20.0000         21.0000          3.0000        327.2263
   78         13.0030         18.0000         21.0000          4.0000        328.5538
   79         13.0030         19.0000         21.0000          4.0000        328.6073
   80         13.0030         20.0000         21.0000          4.0000        328.9656
   66         13.0030         18.0000         21.0000          1.0000        323.8110
   67         13.0030         19.0000         21.0000          1.0000        323.8891
   68         13.0030         20.0000         21.0000          1.0000        324.6163
   70         13.0030         18.0000         21.0000          2.0000        325.0236
   71         13.0030         19.0000         21.0000          2.0000        325.0958
   72         13.0030         20.0000         21.0000          2.0000        325.7202
   74         13.0030         18.0000         21.0000          3.0000        326.6876
   75         13.0030         19.0000         21.0000          3.0000        326.7563
   76         13.0030         20.0000         21.0000          3.0000        327.2276
   78         13.0030         18.0000         21.0000          4.0000        328.5549
   79         13.0030         19.0000         21.0000          4.0000        328.6085
   80         13.0030         20.0000         21.0000          4.0000        328.9667
   66         14.0008         18.0000         21.0000          1.0000        323.0868
   67         14.0008         19.0000         21.0000          1.0000        323.1570
   68         14.0008         20.0000         21.0000          1.0000        323.9730
   70         14.0008         18.0000         21.0000          2.0000        324.6787
   71         14.0008         19.0000         21.0000          2.0000        324.7438
   72         14.0008         20.0000         21.0000          2.0000        325.4460
   74         14.0008         18.0000         21.0000          3.0000        326.7222
   75         14.0008         19.0000         21.0000          3.0000        326.7831
   76         14.0008         20.0000         21.0000          3.0000        327.3116
   78         14.0008         18.0000         21.0000          4.0000        328.8957
   79         14.0008         19.0000         21.0000          4.0000        328.9430
   80         14.0008         20.0000         21.0000          4.0000        329.3457
   66         14.0008         18.0000         21.0000          1.0000        323.2008
   67         14.0008         19.0000         21.0000          1.0000        323.2720
   68         14.0008         20.0000         21.0000          1.0000        324.0827
   70         14.0008         18.0000         21.0000          2.0000        324.7859
   71         14.0008         19.0000         21.0000          2.0000        324.8520
   72         14.0008         20.0000         21.0000          2.0000        325.5472
   74         14.0008         18.0000         21.0000          3.0000        326.8127
   75         14.0008         19.0000         21.0000          3.0000        326.8745
   76         14.0008         20.0000         21.0000          3.0000        327.3963
   78         14.0008         18.0000         21.0000          4.0000        328.9631
   79         14.0008         19.0000         21.0000          4.0000        329.0111
   80         14.0008         20.0000         21.0000          4.0000        329.4080
   66         14.0008         18.0000         21.0000          1.0000        323.2132
   67         14.0008         19.0000         21.0000          1.0000        323.2847
   68         14.0008         20.0000         21.0000          1.0000        324.0942
   70         14.0008         18.0000         21.0000          2.0000        324.7975
   71         14.0008         19.0000         21.0000          2.0000        324.8637
   72         14.0008         20.0000         21.0000          2.0000        325.5579
   74         14.0008         18.0000         21.0000          3.0000        326.8233
   75         14.0008         19.0000         21.0000          3.0000        326.8852
   76         14.0008         20.0000         21.0000          3.0000        327.4062
   78         14.0008         18.0000         21.0000          4.0000        328.9723
   79         14.0008         19.0000         21.0000          4.0000        329.0203
   80         14.0008         20.0000         21.0000          4.0000        329.4167
   66         14.0008         18.0000         21.0000          1.0000        323.2159
   67         14.0008         19.0000         21.0000          1.0000        323.2875
   68         14.0008         20.0000         21.0000          1.0000        324.0967
   70         14.0008         18.0000         21.0000          2.0000        324.7998
   71         14.0008         19.0000         21.0000          2.0000        324.8661
   72         14.0008         20.0000         21.0000          2.0000        325.5601
   74         14.0008         18.0000         21.0000          3.0000        326.8252
   75         14.0008         19.0000         21.0000          3.0000        326.8871
   76         14.0008         20.0000         21.0000          3.0000        327.4081
   78         14.0008         18.0000         21.0000          4.0000        328.9738
   79         14.0008         19.0000         21.0000          4.0000        329.0219
   80         14.0008         20.0000         21.0000          4.0000        329.4182
   66         15.0009         18.0000         21.0000          1.0000        325.3212
   67         15.0009         19.0000         21.0000          1.0000        325.4365
   68         15.0009         20.0000         21.0000          1.0000        326.1443
   70         15.0009         18.0000         21.0000          2.0000        326.4172
   71         15.0009         19.0000         21.0000          2.0000        326.5236
   72         15.0009         20.0000         21.0000          2.0000        327.1193
   74         15.0009         18.0000         21.0000          3.0000        327.9371
   75         15.0009         19.0000         21.0000          3.0000        328.0341
   76         15.0009         20.0000         21.0000          3.0000        328.4839
   78         15.0009         18.0000         21.0000          4.0000        329.6557
   79         15.0009         19.0000         21.0000          4.0000        329.7408
   80         15.0009         20.0000         21.0000          4.0000        330.0815
   66         15.0009         18.0000         21.0000          1.0000        325.2291
   67         15.0009         19.0000         21.0000          1.0000        325.3441
   68         15.0009         20.0000         21.0000          1.0000        326.0533
   70         15.0009         18.0000         21.0000          2.0000        326.3296
   71         15.0009         19.0000         21.0000          2.0000        326.4354
   72         15.0009         20.0000         21.0000          2.0000        327.0358
   74         15.0009         18.0000         21.0000          3.0000        327.8653
   75         15.0009         19.0000         21.0000          3.0000        327.9616
   76         15.0009         20.0000         21.0000          3.0000        328.4168
   78         15.0009         18.0000         21.0000          4.0000        329.6058
   79         15.0009         19.0000         21.0000          4.0000        329.6904
   80         15.0009         20.0000         21.0000          4.0000        330.0363
   66         15.0009         18.0000         21.0000          1.0000        325.2206
   67         15.0009         19.0000         21.0000          1.0000        325.3352
   68         15.0009         20.0000         21.0000          1.0000        326.0458
   70         15.0009         18.0000         21.0000          2.0000        326.3217
   71         15.0009         19.0000         21.0000          2.0000        326.4274
   72         15.0009         20.0000         21.0000          2.0000        327.0287
   74         15.0009         18.0000         21.0000          3.0000        327.8577
   75         15.0009         19.0000         21.0000          3.0000        327.9539
   76         15.0009         20.0000         21.0000          3.0000        328.4097
   78         15.0009         18.0000         21.0000          4.0000        329.5986
   79         15.0009         19.0000         21.0000          4.0000        329.6831
   80         15.0009         20.0000         21.0000          4.0000        330.0294
   66         15.0022         18.0000         21.0000          1.0000        325.1925
   67         15.0022         19.0000         21.0000          1.0000        325.3068
   68         15.0022         20.0000         21.0000          1.0000        326.0201
   70         15.0022         18.0000         21.0000          2.0000        326.2962
   71         15.0022         19.0000         21.0000          2.0000        326.4016
   72         15.0022         20.0000         21.0000          2.0000        327.0051
   74         15.0022         18.0000         21.0000          3.0000        327.8354
   75         15.0022         19.0000         21.0000          3.0000        327.9315
   76         15.0022         20.0000         21.0000          3.0000        328.3889
   78         15.0022         18.0000         21.0000          4.0000        329.5801
   79         15.0022         19.0000         21.0000          4.0000        329.6646
   80         15.0022         20.0000         21.0000          4.0000        330.0119
   66         15.0022         18.0000         21.0000          1.0000        325.2116
   67         15.0022         19.0000         21.0000          1.0000        325.3263
   68         15.0022         20.0000         21.0000          1.0000        326.0373
   70         15.0022         18.0000         21.0000          2.0000        326.3127
   71         15.0022         19.0000         21.0000          2.0000        326.4184
   72         15.0022         20.0000         21.0000          2.0000        327.0200
   74         15.0022         18.0000         21.0000          3.0000        327.8488
   75         15.0022         19.0000         21.0000          3.0000        327.9450
   76         15.0022         20.0000         21.0000          3.0000        328.4011
   78         15.0022         18.0000         21.0000          4.0000        329.5897
   79         15.0022         19.0000         21.0000          4.0000        329.6742
   80         15.0022         20.0000         21.0000          4.0000        330.0207
   66         15.0022         18.0000         21.0000          1.0000        325.2132
   67         15.0022         19.0000         21.0000          1.0000        325.3279
   68         15.0022         20.0000         21.0000          1.0000        326.0387
   70         15.0022         18.0000         21.0000          2.0000        326.3143
   71         15.0022         19.0000         21.0000          2.0000        326.4200
   72         15.0022         20.0000         21.0000          2.0000        327.0215
   74         15.0022         18.0000         21.0000          3.0000        327.8503
   75         15.0022         19.0000         21.0000          3.0000        327.9465
   76         15.0022         20.0000         21.0000          3.0000        328.4025
   78         15.0022         18.0000         21.0000          4.0000        329.5910
   79         15.0022         19.0000         21.0000          4.0000        329.6755
   80         15.0022         20.0000         21.0000          4.0000        330.0219
   66         16.0012         18.0000         21.0000          1.0000        322.6218
   67         16.0012         19.0000         21.0000          1.0000        322.7521
   68         16.0012         20.0000         21.0000          1.0000        323.3565
   70         16.0012         18.0000         21.0000          2.0000        323.4925
   71         16.0012         19.0000         21.0000          2.0000        323.6154
   72         16.0012         20.0000         21.0000          2.0000        324.1221
   74         16.0012         18.0000         21.0000          3.0000        324.7347
   75         16.0012         19.0000         21.0000          3.0000        324.8506
   76         16.0012         20.0000         21.0000          3.0000        325.2307
   78         16.0012         18.0000         21.0000          4.0000        326.0923
   79         16.0012         19.0000         21.0000          4.0000        326.1942
   80         16.0012         20.0000         21.0000          4.0000        326.4869
   66         16.0012         18.0000         21.0000          1.0000        322.6434
   67         16.0012         19.0000         21.0000          1.0000        322.7741
   68         16.0012         20.0000         21.0000          1.0000        323.3757
   70         16.0012         18.0000         21.0000          2.0000        323.5123
   71         16.0012         19.0000         21.0000          2.0000        323.6354
   72         16.0012         20.0000         21.0000          2.0000        324.1398
   74         16.0012         18.0000         21.0000          3.0000        324.7513
   75         16.0012         19.0000         21.0000          3.0000        324.8674
   76         16.0012         20.0000         21.0000          3.0000        325.2457
   78         16.0012         18.0000         21.0000          4.0000        326.1046
   79         16.0012         19.0000         21.0000          4.0000        326.2066
   80         16.0012         20.0000         21.0000          4.0000        326.4980
   66         16.0012         18.0000         21.0000          1.0000        322.6448
   67         16.0012         19.0000         21.0000          1.0000        322.7756
   68         16.0012         20.0000         21.0000          1.0000        323.3770
   70         16.0012         18.0000         21.0000          2.0000        323.5136
   71         16.0012         19.0000         21.0000          2.0000        323.6368
   72         16.0012         20.0000         21.0000          2.0000        324.1411
   74         16.0012         18.0000         21.0000          3.0000        324.7525
   75         16.0012         19.0000         21.0000          3.0000        324.8686
   76         16.0012         20.0000         21.0000          3.0000        325.2469
   78         16.0012         18.0000         21.0000          4.0000        326.1056
   79         16.0012         19.0000         21.0000          4.0000        326.2076
   80         16.0012         20.0000         21.0000          4.0000        326.4990
   66         17.0023         18.0000         21.0000          1.0000        318.1750
   67         17.0023         19.0000         21.0000          1.0000        318.2569
   68         17.0023         20.0000         21.0000          1.0000        318.7904
   70         17.0023         18.0000         21.0000          2.0000        319.1680
   71         17.0023         19.0000         21.0000          2.0000        319.2440
   72         17.0023         20.0000         21.0000          2.0000        319.6916
   74         17.0023         18.0000         21.0000          3.0000        320.4491
   75         17.0023         19.0000         21.0000          3.0000        320.5203
   76         17.0023         20.0000         21.0000          3.0000        320.8503
   78         17.0023         18.0000         21.0000          4.0000        321.7711
   79         17.0023         19.0000         21.0000          4.0000        321.8303
   80         17.0023         20.0000         21.0000          4.0000        322.0824
   66         17.0023         18.0000         21.0000          1.0000        318.2707
   67         17.0023         19.0000         21.0000          1.0000        318.3533
   68         17.0023         20.0000         21.0000          1.0000        318.8822
   70         17.0023         18.0000         21.0000          2.0000        319.2590
   71         17.0023         19.0000         21.0000          2.0000        319.3358
   72         17.0023         20.0000         21.0000          2.0000        319.7774
   74         17.0023         18.0000         21.0000          3.0000        320.5273
   75         17.0023         19.0000         21.0000          3.0000        320.5992
   76         17.0023         20.0000         21.0000          3.0000        320.9234
   78         17.0023         18.0000         21.0000          4.0000        321.8308
   79         17.0023         19.0000         21.0000          4.0000        321.8906
   80         17.0023         20.0000         21.0000          4.0000        322.1377
   66         17.0023         18.0000         21.0000          1.0000        318.2807
   67         17.0023         19.0000         21.0000          1.0000        318.3636
   68         17.0023         20.0000         21.0000          1.0000        318.8914
   70         17.0023         18.0000         21.0000          2.0000        319.2684
   71         17.0023         19.0000         21.0000          2.0000        319.3453
   72         17.0023         20.0000         21.0000          2.0000        319.7861
   74         17.0023         18.0000         21.0000          3.0000        320.5358
   75         17.0023         19.0000         21.0000          3.0000        320.6078
   76         17.0023         20.0000         21.0000          3.0000        320.9314
   78         17.0023         18.0000         21.0000          4.0000        321.8382
   79         17.0023         19.0000         21.0000          4.0000        321.8981
   80         17.0023         20.0000         21.0000          4.0000        322.1447
   66         17.0023         18.0000         21.0000          1.0000        318.2827
   67         17.0023         19.0000         21.0000          1.0000        318.3657
   68         17.0023         20.0000         21.0000          1.0000        318.8934
   70         17.0023         18.0000         21.0000          2.0000        319.2702
   71         17.0023         19.0000         21.0000          2.0000        319.3472
   72         17.0023         20.0000         21.0000          2.0000        319.7877
   74         17.0023         18.0000         21.0000          3.0000        320.5373
   75         17.0023         19.0000         21.0000          3.0000        320.6093
   76         17.0023         20.0000         21.0000          3.0000        320.9329
   78         17.0023         18.0000         21.0000          4.0000        321.8395
   79         17.0023         19.0000         21.0000          4.0000        321.8993
   80         17.0023         20.0000         21.0000          4.0000        322.1459
   66         18.0008         18.0000         21.0000          1.0000        313.3512
   67         18.0008         19.0000         21.0000          1.0000        313.4039
   68         18.0008         20.0000         21.0000          1.0000        313.7187
   70         18.0008         18.0000         21.0000          2.0000        313.9135
   71         18.0008         19.0000         21.0000          2.0000        313.9612
   72         18.0008         20.0000         21.0000          2.0000        314.2198
   74         18.0008         18.0000         21.0000          3.0000        314.6342
   75         18.0008         19.0000         21.0000          3.0000        314.6788
   76         18.0008         20.0000         21.0000          3.0000        314.8670
   78         18.0008         18.0000         21.0000          4.0000        315.3229
   79         18.0008         19.0000         21.0000          4.0000        315.3598
   80         18.0008         20.0000         21.0000          4.0000        315.5028
   66         18.0008         18.0000         21.0000          1.0000        313.2974
   67         18.0008         19.0000         21.0000          1.0000        313.3499
   68         18.0008         20.0000         21.0000          1.0000        313.6644
   70         18.0008         18.0000         21.0000          2.0000        313.8601
   71         18.0008         19.0000         21.0000          2.0000        313.9074
   72         18.0008         20.0000         21.0000          2.0000        314.1677
   74         18.0008         18.0000         21.0000          3.0000        314.5868
   75         18.0008         19.0000         21.0000          3.0000        314.6309
   76         18.0008         20.0000         21.0000          3.0000        314.8215
   78         18.0008         18.0000         21.0000          4.0000        315.2846
   79         18.0008         19.0000         21.0000          4.0000        315.3211
   80         18.0008         20.0000         21.0000          4.0000        315.4665
   66         18.0008         18.0000         21.0000          1.0000        313.2901
   67         18.0008         19.0000         21.0000          1.0000        313.3424
   68         18.0008         20.0000         21.0000          1.0000        313.6576
   70         18.0008         18.0000         21.0000          2.0000        313.8534
   71         18.0008         19.0000         21.0000          2.0000        313.9005
   72         18.0008         20.0000         21.0000          2.0000        314.1615
   74         18.0008         18.0000         21.0000          3.0000        314.5807
   75         18.0008         19.0000         21.0000          3.0000        314.6248
   76         18.0008         20.0000         21.0000          3.0000        314.8158
   78         18.0008         18.0000         21.0000          4.0000        315.2793
   79         18.0008         19.0000         21.0000          4.0000        315.3158
   80         18.0008         20.0000         21.0000          4.0000        315.4615
   66         19.0009         18.0000         21.0000          1.0000        307.5909
   67         19.0009         19.0000         21.0000          1.0000        307.6077
   68         19.0009         20.0000         21.0000          1.0000        307.6829
   70         19.0009         18.0000         21.0000          2.0000        307.6723
   71         19.0009         19.0000         21.0000          2.0000        307.6846
   72         19.0009         20.0000         21.0000          2.0000        307.7410
   74         19.0009         18.0000         21.0000          3.0000        307.7835
   75         19.0009         19.0000         21.0000          3.0000        307.7942
   76         19.0009         20.0000         21.0000          3.0000        307.8333
   78         19.0009         18.0000         21.0000          4.0000        307.8394
   79         19.0009         19.0000         21.0000          4.0000        307.8487
   80         19.0009         20.0000         21.0000          4.0000        307.8774
   66         19.0009         18.0000         21.0000          1.0000        307.6043
   67         19.0009         19.0000         21.0000          1.0000        307.6214
   68         19.0009         20.0000         21.0000          1.0000        307.6946
   70         19.0009         18.0000         21.0000          2.0000        307.6839
   71         19.0009         19.0000         21.0000          2.0000        307.6964
   72         19.0009         20.0000         21.0000          2.0000        307.7512
   74         19.0009         18.0000         21.0000          3.0000        307.7927
   75         19.0009         19.0000         21.0000          3.0000        307.8034
   76         19.0009         20.0000         21.0000          3.0000        307.8414
   78         19.0009         18.0000         21.0000          4.0000        307.8456
   79         19.0009         19.0000         21.0000          4.0000        307.8548
   80         19.0009         20.0000         21.0000          4.0000        307.8829
   66         19.0009         18.0000         21.0000          1.0000        307.6049
   67         19.0009         19.0000         21.0000          1.0000        307.6220
   68         19.0009         20.0000         21.0000          1.0000        307.6951
   70         19.0009         18.0000         21.0000          2.0000        307.6846
   71         19.0009         19.0000         21.0000          2.0000        307.6971
   72         19.0009         20.0000         21.0000          2.0000        307.7518
   74         19.0009         18.0000         21.0000          3.0000        307.7934
   75         19.0009         19.0000         21.0000          3.0000        307.8041
   76         19.0009         20.0000         21.0000          3.0000        307.8421
   78         19.0009         18.0000         21.0000          4.0000        307.8462
   79         19.0009         19.0000         21.0000          4.0000        307.8555
   80         19.0009         20.0000         21.0000          4.0000        307.8835
   66         20.0012         18.0000         21.0000          1.0000        304.2337
   67         20.0012         19.0000         21.0000          1.0000        304.2309
   68         20.0012         20.0000         21.0000          1.0000        304.1536
   70         20.0012         18.0000         21.0000          2.0000        303.9446
   71         20.0012         19.0000         21.0000          2.0000        303.9382
   72         20.0012         20.0000         21.0000          2.0000        303.8664
   74         20.0012         18.0000         21.0000          3.0000        303.6121
   75         20.0012         19.0000         21.0000          3.0000        303.6050
   76         20.0012         20.0000         21.0000          3.0000        303.5512
   78         20.0012         18.0000         21.0000          4.0000        303.2404
   79         20.0012         19.0000         21.0000          4.0000        303.2361
   80         20.0012         20.0000         21.0000          4.0000        303.1959
   66         20.0012         18.0000         21.0000          1.0000        304.2480
   67         20.0012         19.0000         21.0000          1.0000        304.2455
   68         20.0012         20.0000         21.0000          1.0000        304.1660
   70         20.0012         18.0000         21.0000          2.0000        303.9565
   71         20.0012         19.0000         21.0000          2.0000        303.9503
   72         20.0012         20.0000         21.0000          2.0000        303.8767
   74         20.0012         18.0000         21.0000          3.0000        303.6211
   75         20.0012         19.0000         21.0000          3.0000        303.6141
   76         20.0012         20.0000         21.0000          3.0000        303.5591
   78         20.0012         18.0000         21.0000          4.0000        303.2463
   79         20.0012         19.0000         21.0000          4.0000        303.2421
   80         20.0012         20.0000         21.0000          4.0000        303.2011
   66         20.0012         18.0000         21.0000          1.0000        304.2486
   67         20.0012         19.0000         21.0000          1.0000        304.2461
   68         20.0012         20.0000         21.0000          1.0000        304.1665
   70         20.0012         18.0000         21.0000          2.0000        303.9573
   71         20.0012         19.0000         21.0000          2.0000        303.9511
   72         20.0012         20.0000         21.0000          2.0000        303.8774
   74         20.0012         18.0000         21.0000          3.0000        303.6220
   75         20.0012         19.0000         21.0000          3.0000        303.6150
   76         20.0012         20.0000         21.0000          3.0000        303.5599
   78         20.0012         18.0000         21.0000          4.0000        303.2470
   79         20.0012         19.0000         21.0000          4.0000        303.2428
   80         20.0012         20.0000         21.0000          4.0000        303.2018
   66         21.0061         18.0000         21.0000          1.0000        302.8203
   67         21.0061         19.0000         21.0000          1.0000        302.8075
   68         21.0061         20.0000         21.0000          1.0000        302.7001
   70         21.0061         18.0000         21.0000          2.0000        302.4681
   71         21.0061         19.0000         21.0000          2.0000        302.4540
   72         21.0061         20.0000         21.0000          2.0000        302.3620
   74         21.0061         18.0000         21.0000          3.0000        302.0762
   75         21.0061         19.0000         21.0000          3.0000        302.0627
   76         21.0061         20.0000         21.0000          3.0000        301.9975
   78         21.0061         18.0000         21.0000          4.0000        301.6683
   79         21.0061         19.0000         21.0000          4.0000        301.6594
   80         21.0061         20.0000         21.0000          4.0000        301.6117
   66         21.0061         18.0000         21.0000          1.0000        302.8351
   67         21.0061         19.0000         21.0000          1.0000        302.8227
   68         21.0061         20.0000         21.0000          1.0000        302.7129
   70         21.0061         18.0000         21.0000          2.0000        302.4807
   71         21.0061         19.0000         21.0000          2.0000        302.4668
   72         21.0061         20.0000         21.0000          2.0000        302.3731
   74         21.0061         18.0000         21.0000          3.0000        302.0862
   75         21.0061         19.0000         21.0000          3.0000        302.0729
   76         21.0061         20.0000         21.0000          3.0000        302.0064
   78         21.0061         18.0000         21.0000          4.0000        301.6752
   79         21.0061         19.0000         21.0000          4.0000        301.6663
   80         21.0061         20.0000         21.0000          4.0000        301.6178
   66         21.0061         18.0000         21.0000          1.0000        302.8358
   67         21.0061         19.0000         21.0000          1.0000        302.8234
   68         21.0061         20.0000         21.0000          1.0000        302.7136
   70         21.0061         18.0000         21.0000          2.0000        302.4816
   71         21.0061         19.0000         21.0000          2.0000        302.4677
   72         21.0061         20.0000         21.0000          2.0000        302.3738
   74         21.0061         18.0000         21.0000          3.0000        302.0870
   75         21.0061         19.0000         21.0000          3.0000        302.0737
   76         21.0061         20.0000         21.0000          3.0000        302.0072
   78         21.0061         18.0000         21.0000          4.0000        301.6759
   79         21.0061         19.0000         21.0000          4.0000        301.6670
   80         21.0061         20.0000         21.0000          4.0000        301.6184
   66         22.0079         18.0000         21.0000          1.0000        301.9237
   67         22.0079         19.0000         21.0000          1.0000        301.9032
   68         22.0079         20.0000         21.0000          1.0000        301.7819
   70         22.0079         18.0000         21.0000          2.0000        301.5433
   71         22.0079         19.0000         21.0000          2.0000        301.5238
   72         22.0079         20.0000         21.0000          2.0000        301.4238
   74         22.0079         18.0000         21.0000          3.0000        301.1266
   75         22.0079         19.0000         21.0000          3.0000        301.1090
   76         22.0079         20.0000         21.0000          3.0000        301.0401
   78         22.0079         18.0000         21.0000          4.0000        300.6892
   79         22.0079         19.0000         21.0000          4.0000        300.6775
   80         22.0079         20.0000         21.0000          4.0000        300.6276
   66         22.0079         18.0000         21.0000          1.0000        301.9443
   67         22.0079         19.0000         21.0000          1.0000        301.9241
   68         22.0079         20.0000         21.0000          1.0000        301.8002
   70         22.0079         18.0000         21.0000          2.0000        301.5612
   71         22.0079         19.0000         21.0000          2.0000        301.5420
   72         22.0079         20.0000         21.0000          2.0000        301.4399
   74         22.0079         18.0000         21.0000          3.0000        301.1411
   75         22.0079         19.0000         21.0000          3.0000        301.1237
   76         22.0079         20.0000         21.0000          3.0000        301.0532
   78         22.0079         18.0000         21.0000          4.0000        300.6996
   79         22.0079         19.0000         21.0000          4.0000        300.6879
   80         22.0079         20.0000         21.0000          4.0000        300.6370
   66         22.0079         18.0000         21.0000          1.0000        301.9455
   67         22.0079         19.0000         21.0000          1.0000        301.9254
   68         22.0079         20.0000         21.0000          1.0000        301.8012
   70         22.0079         18.0000         21.0000          2.0000        301.5625
   71         22.0079         19.0000         21.0000          2.0000        301.5433
   72         22.0079         20.0000         21.0000          2.0000        301.4410
   74         22.0079         18.0000         21.0000          3.0000        301.1423
   75         22.0079         19.0000         21.0000          3.0000        301.1249
   76         22.0079         20.0000         21.0000          3.0000        301.0544
   78         22.0079         18.0000         21.0000          4.0000        300.7007
   79         22.0079         19.0000         21.0000          4.0000        300.6891
   80         22.0079         20.0000         21.0000          4.0000        300.6381
   66         23.0110         18.0000         21.0000          1.0000        301.4260
   67         23.0110         19.0000         21.0000          1.0000        301.4013
   68         23.0110         20.0000         21.0000          1.0000        301.2802
   70         23.0110         18.0000         21.0000          2.0000        301.0641
   71         23.0110         19.0000         21.0000          2.0000        301.0425
   72         23.0110         20.0000         21.0000          2.0000        300.9441
   74         23.0110         18.0000         21.0000          3.0000        300.6683
   75         23.0110         19.0000         21.0000          3.0000        300.6495
   76         23.0110         20.0000         21.0000          3.0000        300.5821
   78         23.0110         18.0000         21.0000          4.0000        300.2486
   79         23.0110         19.0000         21.0000          4.0000        300.2361
   80         23.0110         20.0000         21.0000          4.0000        300.1875
   66         23.0110         18.0000         21.0000          1.0000        301.4467
   67         23.0110         19.0000         21.0000          1.0000        301.4224
   68         23.0110         20.0000         21.0000          1.0000        301.2987
   70         23.0110         18.0000         21.0000          2.0000        301.0822
   71         23.0110         19.0000         21.0000          2.0000        301.0609
   72         23.0110         20.0000         21.0000          2.0000        300.9603
   74         23.0110         18.0000         21.0000          3.0000        300.6830
   75         23.0110         19.0000         21.0000          3.0000        300.6643
   76         23.0110         20.0000         21.0000          3.0000        300.5953
   78         23.0110         18.0000         21.0000          4.0000        300.2591
   79         23.0110         19.0000         21.0000          4.0000        300.2466
   80         23.0110         20.0000         21.0000          4.0000        300.1970
   66         23.0110         18.0000         21.0000          1.0000        301.4478
   67         23.0110         19.0000         21.0000          1.0000        301.4235
   68         23.0110         20.0000         21.0000          1.0000        301.2996
   70         23.0110         18.0000         21.0000          2.0000        301.0834
   71         23.0110         19.0000         21.0000          2.0000        301.0621
   72         23.0110         20.0000         21.0000          2.0000        300.9614
   74         23.0110         18.0000         21.0000          3.0000        300.6842
   75         23.0110         19.0000         21.0000          3.0000        300.6655
   76         23.0110         20.0000         21.0000          3.0000        300.5964
   78         23.0110         18.0000         21.0000          4.0000        300.2603
   79         23.0110         19.0000         21.0000          4.0000        300.2478
   80         23.0110         20.0000         21.0000          4.0000        300.1981
