   82          1.0142         21.0000         18.0000          1.0000        300.6412
   83          1.0142         21.0000         19.0000          1.0000        300.6121
   84          1.0142         21.0000         20.0000          1.0000        300.5194
   86          1.0142         21.0000         18.0000          2.0000        300.4167
   87          1.0142         21.0000         19.0000          2.0000        300.3923
   88          1.0142         21.0000         20.0000          2.0000        300.3108
   90          1.0142         21.0000         18.0000          3.0000        300.1111
   91          1.0142         21.0000         19.0000          3.0000        300.0882
   92          1.0142         21.0000         20.0000          3.0000        300.0271
   94          1.0142         21.0000         18.0000          4.0000        299.7596
   95          1.0142         21.0000         19.0000          4.0000        299.7427
   96          1.0142         21.0000         20.0000          4.0000        299.6969
   82          1.0142         21.0000         18.0000          1.0000        300.6607
   83          1.0142         21.0000         19.0000          1.0000        300.6320
   84          1.0142         21.0000         20.0000          1.0000        300.5367
   86          1.0142         21.0000         18.0000          2.0000        300.4337
   87          1.0142         21.0000         19.0000          2.0000        300.4095
   88          1.0142         21.0000         20.0000          2.0000        300.3259
   90          1.0142         21.0000         18.0000          3.0000        300.1248
   91          1.0142         21.0000         19.0000          3.0000        300.1021
   92          1.0142         21.0000         20.0000          3.0000        300.0395
   94          1.0142         21.0000         18.0000          4.0000        299.7694
   95          1.0142         21.0000         19.0000          4.0000        299.7524
   96          1.0142         21.0000         20.0000          4.0000        299.7057
   82          1.0142         21.0000         18.0000          1.0000        300.6618
   83          1.0142         21.0000         19.0000          1.0000        300.6331
   84          1.0142         21.0000         20.0000          1.0000        300.5377
   86          1.0142         21.0000         18.0000          2.0000        300.4349
   87          1.0142         21.0000         19.0000          2.0000        300.4107
   88          1.0142         21.0000         20.0000          2.0000        300.3270
   90          1.0142         21.0000         18.0000          3.0000        300.1260
   91          1.0142         21.0000         19.0000          3.0000        300.1033
   92          1.0142         21.0000         20.0000          3.0000        300.0406
   94          1.0142         21.0000         18.0000          4.0000        299.7705
   95          1.0142         21.0000         19.0000          4.0000        299.7536
   96          1.0142         21.0000         20.0000          4.0000        299.7067
   82          2.0138         21.0000         18.0000          1.0000        300.3549
   83          2.0138         21.0000         19.0000          1.0000        300.3265
   84          2.0138         21.0000         20.0000          1.0000        300.2327
   86          2.0138         21.0000         18.0000          2.0000        300.1388
   87          2.0138         21.0000         19.0000          2.0000        300.1152
   88          2.0138         21.0000         20.0000          2.0000        300.0341
   90          2.0138         21.0000         18.0000          3.0000        299.8514
   91          2.0138         21.0000         19.0000          3.0000        299.8297
   92          2.0138         21.0000         20.0000          3.0000        299.7693
   94          2.0138         21.0000         18.0000          4.0000        299.5253
   95          2.0138         21.0000         19.0000          4.0000        299.5095
   96          2.0138         21.0000         20.0000          4.0000        299.4644
   82          2.0138         21.0000         18.0000          1.0000        300.3741
   83          2.0138         21.0000         19.0000          1.0000        300.3461
   84          2.0138         21.0000         20.0000          1.0000        300.2499
   86          2.0138         21.0000         18.0000          2.0000        300.1556
   87          2.0138         21.0000         19.0000          2.0000        300.1322
   88          2.0138         21.0000         20.0000          2.0000        300.0491
   90          2.0138         21.0000         18.0000          3.0000        299.8650
   91          2.0138         21.0000         19.0000          3.0000        299.8435
   92          2.0138         21.0000         20.0000          3.0000        299.7816
   94          2.0138         21.0000         18.0000          4.0000        299.5351
   95          2.0138         21.0000         19.0000          4.0000        299.5193
   96          2.0138         21.0000         20.0000          4.0000        299.4732
   82          2.0138         21.0000         18.0000          1.0000        300.3753
   83          2.0138         21.0000         19.0000          1.0000        300.3473
   84          2.0138         21.0000         20.0000          1.0000        300.2510
   86          2.0138         21.0000         18.0000          2.0000        300.1569
   87          2.0138         21.0000         19.0000          2.0000        300.1336
   88          2.0138         21.0000         20.0000          2.0000        300.0503
   90          2.0138         21.0000         18.0000          3.0000        299.8663
   91          2.0138         21.0000         19.0000          3.0000        299.8448
   92          2.0138         21.0000         20.0000          3.0000        299.7828
   94          2.0138         21.0000         18.0000          4.0000        299.5362
   95          2.0138         21.0000         19.0000          4.0000        299.5205
   96          2.0138         21.0000         20.0000          4.0000        299.4743
   82          3.0126         21.0000         18.0000          1.0000        300.1021
   83          3.0126         21.0000         19.0000          1.0000        300.0720
   84          3.0126         21.0000         20.0000          1.0000        299.9744
   86          3.0126         21.0000         18.0000          2.0000        299.8898
   87          3.0126         21.0000         19.0000          2.0000        299.8655
   88          3.0126         21.0000         20.0000          2.0000        299.7823
   90          3.0126         21.0000         18.0000          3.0000        299.6099
   91          3.0126         21.0000         19.0000          3.0000        299.5882
   92          3.0126         21.0000         20.0000          3.0000        299.5263
   94          3.0126         21.0000         18.0000          4.0000        299.2849
   95          3.0126         21.0000         19.0000          4.0000        299.2691
   96          3.0126         21.0000         20.0000          4.0000        299.2230
   82          3.0126         21.0000         18.0000          1.0000        300.1228
   83          3.0126         21.0000         19.0000          1.0000        300.0930
   84          3.0126         21.0000         20.0000          1.0000        299.9928
   86          3.0126         21.0000         18.0000          2.0000        299.9078
   87          3.0126         21.0000         19.0000          2.0000        299.8838
   88          3.0126         21.0000         20.0000          2.0000        299.7984
   90          3.0126         21.0000         18.0000          3.0000        299.6245
   91          3.0126         21.0000         19.0000          3.0000        299.6029
   92          3.0126         21.0000         20.0000          3.0000        299.5395
   94          3.0126         21.0000         18.0000          4.0000        299.2953
   95          3.0126         21.0000         19.0000          4.0000        299.2797
   96          3.0126         21.0000         20.0000          4.0000        299.2325
   82          3.0126         21.0000         18.0000          1.0000        300.1237
   83          3.0126         21.0000         19.0000          1.0000        300.0940
   84          3.0126         21.0000         20.0000          1.0000        299.9936
   86          3.0126         21.0000         18.0000          2.0000        299.9089
   87          3.0126         21.0000         19.0000          2.0000        299.8849
   88          3.0126         21.0000         20.0000          2.0000        299.7994
   90          3.0126         21.0000         18.0000          3.0000        299.6257
   91          3.0126         21.0000         19.0000          3.0000        299.6041
   92          3.0126         21.0000         20.0000          3.0000        299.5406
   94          3.0126         21.0000         18.0000          4.0000        299.2964
   95          3.0126         21.0000         19.0000          4.0000        299.2808
   96          3.0126         21.0000         20.0000          4.0000        299.2335
   82          4.0028         21.0000         18.0000          1.0000        299.8748
   83          4.0028         21.0000         19.0000          1.0000        299.8440
   84          4.0028         21.0000         20.0000          1.0000        299.7440
   86          4.0028         21.0000         18.0000          2.0000        299.6666
   87          4.0028         21.0000         19.0000          2.0000        299.6424
   88          4.0028         21.0000         20.0000          2.0000        299.5580
   90          4.0028         21.0000         18.0000          3.0000        299.3952
   91          4.0028         21.0000         19.0000          3.0000        299.3739
   92          4.0028         21.0000         20.0000          3.0000        299.3113
   94          4.0028         21.0000         18.0000          4.0000        299.0777
   95          4.0028         21.0000         19.0000          4.0000        299.0624
   96          4.0028         21.0000         20.0000          4.0000        299.0158
   82          4.0028         21.0000         18.0000          1.0000        299.8953
   83          4.0028         21.0000         19.0000          1.0000        299.8648
   84          4.0028         21.0000         20.0000          1.0000        299.7622
   86          4.0028         21.0000         18.0000          2.0000        299.6845
   87          4.0028         21.0000         19.0000          2.0000        299.6605
   88          4.0028         21.0000         20.0000          2.0000        299.5739
   90          4.0028         21.0000         18.0000          3.0000        299.4096
   91          4.0028         21.0000         19.0000          3.0000        299.3885
   92          4.0028         21.0000         20.0000          3.0000        299.3244
   94          4.0028         21.0000         18.0000          4.0000        299.0880
   95          4.0028         21.0000         19.0000          4.0000        299.0728
   96          4.0028         21.0000         20.0000          4.0000        299.0252
   82          4.0028         21.0000         18.0000          1.0000        299.8961
   83          4.0028         21.0000         19.0000          1.0000        299.8657
   84          4.0028         21.0000         20.0000          1.0000        299.7630
   86          4.0028         21.0000         18.0000          2.0000        299.6855
   87          4.0028         21.0000         19.0000          2.0000        299.6616
   88          4.0028         21.0000         20.0000          2.0000        299.5749
   90          4.0028         21.0000         18.0000          3.0000        299.4108
   91          4.0028         21.0000         19.0000          3.0000        299.3897
   92          4.0028         21.0000         20.0000          3.0000        299.3254
   94          4.0028         21.0000         18.0000          4.0000        299.0891
   95          4.0028         21.0000         19.0000          4.0000        299.0739
   96          4.0028         21.0000         20.0000          4.0000        299.0262
   82          5.0004         21.0000         18.0000          1.0000        299.6145
   83          5.0004         21.0000         19.0000          1.0000        299.5834
   84          5.0004         21.0000         20.0000          1.0000        299.4803
   86          5.0004         21.0000         18.0000          2.0000        299.4058
   87          5.0004         21.0000         19.0000          2.0000        299.3818
   88          5.0004         21.0000         20.0000          2.0000        299.2956
   90          5.0004         21.0000         18.0000          3.0000        299.1375
   91          5.0004         21.0000         19.0000          3.0000        299.1167
   92          5.0004         21.0000         20.0000          3.0000        299.0530
   94          5.0004         21.0000         18.0000          4.0000        298.8234
   95          5.0004         21.0000         19.0000          4.0000        298.8086
   96          5.0004         21.0000         20.0000          4.0000        298.7612
   82          5.0004         21.0000         18.0000          1.0000        299.6344
   83          5.0004         21.0000         19.0000          1.0000        299.6036
   84          5.0004         21.0000         20.0000          1.0000        299.4980
   86          5.0004         21.0000         18.0000          2.0000        299.4232
   87          5.0004         21.0000         19.0000          2.0000        299.3993
   88          5.0004         21.0000         20.0000          2.0000        299.3110
   90          5.0004         21.0000         18.0000          3.0000        299.1515
   91          5.0004         21.0000         19.0000          3.0000        299.1309
   92          5.0004         21.0000         20.0000          3.0000        299.0657
   94          5.0004         21.0000         18.0000          4.0000        298.8334
   95          5.0004         21.0000         19.0000          4.0000        298.8186
   96          5.0004         21.0000         20.0000          4.0000        298.7703
   82          5.0004         21.0000         18.0000          1.0000        299.6352
   83          5.0004         21.0000         19.0000          1.0000        299.6045
   84          5.0004         21.0000         20.0000          1.0000        299.4987
   86          5.0004         21.0000         18.0000          2.0000        299.4242
   87          5.0004         21.0000         19.0000          2.0000        299.4004
   88          5.0004         21.0000         20.0000          2.0000        299.3120
   90          5.0004         21.0000         18.0000          3.0000        299.1526
   91          5.0004         21.0000         19.0000          3.0000        299.1320
   92          5.0004         21.0000         20.0000          3.0000        299.0666
   94          5.0004         21.0000         18.0000          4.0000        298.8344
   95          5.0004         21.0000         19.0000          4.0000        298.8197
   96          5.0004         21.0000         20.0000          4.0000        298.7712
   82          6.0017         21.0000         18.0000          1.0000        299.6046
   83          6.0017         21.0000         19.0000          1.0000        299.5746
   84          6.0017         21.0000         20.0000          1.0000        299.4749
   86          6.0017         21.0000         18.0000          2.0000        299.4114
   87          6.0017         21.0000         19.0000          2.0000        299.3885
   88          6.0017         21.0000         20.0000          2.0000        299.3056
   90          6.0017         21.0000         18.0000          3.0000        299.1639
   91          6.0017         21.0000         19.0000          3.0000        299.1444
   92          6.0017         21.0000         20.0000          3.0000        299.0830
   94          6.0017         21.0000         18.0000          4.0000        298.8726
   95          6.0017         21.0000         19.0000          4.0000        298.8588
   96          6.0017         21.0000         20.0000          4.0000        298.8131
   82          6.0017         21.0000         18.0000          1.0000        299.6256
   83          6.0017         21.0000         19.0000          1.0000        299.5959
   84          6.0017         21.0000         20.0000          1.0000        299.4936
   86          6.0017         21.0000         18.0000          2.0000        299.4298
   87          6.0017         21.0000         19.0000          2.0000        299.4071
   88          6.0017         21.0000         20.0000          2.0000        299.3220
   90          6.0017         21.0000         18.0000          3.0000        299.1788
   91          6.0017         21.0000         19.0000          3.0000        299.1594
   92          6.0017         21.0000         20.0000          3.0000        299.0965
   94          6.0017         21.0000         18.0000          4.0000        298.8833
   95          6.0017         21.0000         19.0000          4.0000        298.8696
   96          6.0017         21.0000         20.0000          4.0000        298.8228
   82          6.0017         21.0000         18.0000          1.0000        299.6265
   83          6.0017         21.0000         19.0000          1.0000        299.5968
   84          6.0017         21.0000         20.0000          1.0000        299.4944
   86          6.0017         21.0000         18.0000          2.0000        299.4308
   87          6.0017         21.0000         19.0000          2.0000        299.4082
   88          6.0017         21.0000         20.0000          2.0000        299.3230
   90          6.0017         21.0000         18.0000          3.0000        299.1800
   91          6.0017         21.0000         19.0000          3.0000        299.1606
   92          6.0017         21.0000         20.0000          3.0000        299.0975
   94          6.0017         21.0000         18.0000          4.0000        298.8844
   95          6.0017         21.0000         19.0000          4.0000        298.8707
   96          6.0017         21.0000         20.0000          4.0000        298.8238
   82          7.0101         21.0000         18.0000          1.0000        299.4946
   83          7.0101         21.0000         19.0000          1.0000        299.4653
   84          7.0101         21.0000         20.0000          1.0000        299.3660
   86          7.0101         21.0000         18.0000          2.0000        299.3074
   87          7.0101         21.0000         19.0000          2.0000        299.2854
   88          7.0101         21.0000         20.0000          2.0000        299.2032
   90          7.0101         21.0000         18.0000          3.0000        299.0694
   91          7.0101         21.0000         19.0000          3.0000        299.0508
   92          7.0101         21.0000         20.0000          3.0000        298.9900
   94          7.0101         21.0000         18.0000          4.0000        298.7888
   95          7.0101         21.0000         19.0000          4.0000        298.7757
   96          7.0101         21.0000         20.0000          4.0000        298.7305
   82          7.0101         21.0000         18.0000          1.0000        299.5169
   83          7.0101         21.0000         19.0000          1.0000        299.4880
   84          7.0101         21.0000         20.0000          1.0000        299.3860
   86          7.0101         21.0000         18.0000          2.0000        299.3271
   87          7.0101         21.0000         19.0000          2.0000        299.3053
   88          7.0101         21.0000         20.0000          2.0000        299.2208
   90          7.0101         21.0000         18.0000          3.0000        299.0854
   91          7.0101         21.0000         19.0000          3.0000        299.0670
   92          7.0101         21.0000         20.0000          3.0000        299.0045
   94          7.0101         21.0000         18.0000          4.0000        298.8002
   95          7.0101         21.0000         19.0000          4.0000        298.7872
   96          7.0101         21.0000         20.0000          4.0000        298.7408
   82          7.0101         21.0000         18.0000          1.0000        299.5180
   83          7.0101         21.0000         19.0000          1.0000        299.4891
   84          7.0101         21.0000         20.0000          1.0000        299.3871
   86          7.0101         21.0000         18.0000          2.0000        299.3283
   87          7.0101         21.0000         19.0000          2.0000        299.3066
   88          7.0101         21.0000         20.0000          2.0000        299.2220
   90          7.0101         21.0000         18.0000          3.0000        299.0868
   91          7.0101         21.0000         19.0000          3.0000        299.0683
   92          7.0101         21.0000         20.0000          3.0000        299.0058
   94          7.0101         21.0000         18.0000          4.0000        298.8015
   95          7.0101         21.0000         19.0000          4.0000        298.7885
   96          7.0101         21.0000         20.0000          4.0000        298.7420
   82          8.0019         21.0000         18.0000          1.0000        300.6183
   83          8.0019         21.0000         19.0000          1.0000        300.5928
   84          8.0019         21.0000         20.0000          1.0000        300.6358
   86          8.0019         21.0000         18.0000          2.0000        300.6301
   87          8.0019         21.0000         19.0000          2.0000        300.6121
   88          8.0019         21.0000         20.0000          2.0000        300.6605
   90          8.0019         21.0000         18.0000          3.0000        300.6314
   91          8.0019         21.0000         19.0000          3.0000        300.6166
   92          8.0019         21.0000         20.0000          3.0000        300.6687
   94          8.0019         21.0000         18.0000          4.0000        300.6208
   95          8.0019         21.0000         19.0000          4.0000        300.6105
   96          8.0019         21.0000         20.0000          4.0000        300.6670
   82          8.0019         21.0000         18.0000          1.0000        300.6487
   83          8.0019         21.0000         19.0000          1.0000        300.6238
   84          8.0019         21.0000         20.0000          1.0000        300.6618
   86          8.0019         21.0000         18.0000          2.0000        300.6579
   87          8.0019         21.0000         19.0000          2.0000        300.6403
   88          8.0019         21.0000         20.0000          2.0000        300.6838
   90          8.0019         21.0000         18.0000          3.0000        300.6548
   91          8.0019         21.0000         19.0000          3.0000        300.6404
   92          8.0019         21.0000         20.0000          3.0000        300.6882
   94          8.0019         21.0000         18.0000          4.0000        300.6384
   95          8.0019         21.0000         19.0000          4.0000        300.6283
   96          8.0019         21.0000         20.0000          4.0000        300.6810
   82          8.0019         21.0000         18.0000          1.0000        300.6518
   83          8.0019         21.0000         19.0000          1.0000        300.6271
   84          8.0019         21.0000         20.0000          1.0000        300.6651
   86          8.0019         21.0000         18.0000          2.0000        300.6611
   87          8.0019         21.0000         19.0000          2.0000        300.6435
   88          8.0019         21.0000         20.0000          2.0000        300.6870
   90          8.0019         21.0000         18.0000          3.0000        300.6579
   91          8.0019         21.0000         19.0000          3.0000        300.6435
   92          8.0019         21.0000         20.0000          3.0000        300.6912
   94          8.0019         21.0000         18.0000          4.0000        300.6412
   95          8.0019         21.0000         19.0000          4.0000        300.6311
   96          8.0019         21.0000         20.0000          4.0000        300.6837
   82          9.0076         21.0000         18.0000          1.0000        306.2542
   83          9.0076         21.0000         19.0000          1.0000        306.2833
   84          9.0076         21.0000         20.0000          1.0000        309.0722
   86          9.0076         21.0000         18.0000          2.0000        307.0650
   87          9.0076         21.0000         19.0000          2.0000        307.0857
   88          9.0076         21.0000         20.0000          2.0000        309.7200
   90          9.0076         21.0000         18.0000          3.0000        310.2942
   91          9.0076         21.0000         19.0000          3.0000        310.3021
   92          9.0076         21.0000         20.0000          3.0000        311.6165
   94          9.0076         21.0000         18.0000          4.0000        313.4563
   95          9.0076         21.0000         19.0000          4.0000        313.4564
   96          9.0076         21.0000         20.0000          4.0000        313.5848
   82          9.0076         21.0000         18.0000          1.0000        306.2869
   83          9.0076         21.0000         19.0000          1.0000        306.3169
   84          9.0076         21.0000         20.0000          1.0000        309.1008
   86          9.0076         21.0000         18.0000          2.0000        307.0946
   87          9.0076         21.0000         19.0000          2.0000        307.1159
   88          9.0076         21.0000         20.0000          2.0000        309.7448
   90          9.0076         21.0000         18.0000          3.0000        310.3154
   91          9.0076         21.0000         19.0000          3.0000        310.3237
   92          9.0076         21.0000         20.0000          3.0000        311.6346
   94          9.0076         21.0000         18.0000          4.0000        313.4680
   95          9.0076         21.0000         19.0000          4.0000        313.4682
   96          9.0076         21.0000         20.0000          4.0000        313.5952
   82          9.0076         21.0000         18.0000          1.0000        306.2898
   83          9.0076         21.0000         19.0000          1.0000        306.3199
   84          9.0076         21.0000         20.0000          1.0000        309.1032
   86          9.0076         21.0000         18.0000          2.0000        307.0974
   87          9.0076         21.0000         19.0000          2.0000        307.1188
   88          9.0076         21.0000         20.0000          2.0000        309.7473
   90          9.0076         21.0000         18.0000          3.0000        310.3181
   91          9.0076         21.0000         19.0000          3.0000        310.3263
   92          9.0076         21.0000         20.0000          3.0000        311.6371
   94          9.0076         21.0000         18.0000          4.0000        313.4705
   95          9.0076         21.0000         19.0000          4.0000        313.4708
   96          9.0076         21.0000         20.0000          4.0000        313.5975
   82         10.0019         21.0000         18.0000          1.0000        311.9985
   83         10.0019         21.0000         19.0000          1.0000        312.1114
   84         10.0019         21.0000         20.0000          1.0000        317.0562
   86         10.0019         21.0000         18.0000          2.0000        320.5720
   87         10.0019         21.0000         19.0000          2.0000        320.6477
   88         10.0019         21.0000         20.0000          2.0000        321.5986
   90         10.0019         21.0000         18.0000          3.0000        322.4789
   91         10.0019         21.0000         19.0000          3.0000        322.5150
   92         10.0019         21.0000         20.0000          3.0000        323.0591
   94         10.0019         21.0000         18.0000          4.0000        324.3764
   95         10.0019         21.0000         19.0000          4.0000        324.3881
   96         10.0019         21.0000         20.0000          4.0000        324.6325
   82         10.0019         21.0000         18.0000          1.0000        312.0282
   83         10.0019         21.0000         19.0000          1.0000        312.1426
   84         10.0019         21.0000         20.0000          1.0000        317.0840
   86         10.0019         21.0000         18.0000          2.0000        320.5964
   87         10.0019         21.0000         19.0000          2.0000        320.6734
   88         10.0019         21.0000         20.0000          2.0000        321.6225
   90         10.0019         21.0000         18.0000          3.0000        322.4990
   91         10.0019         21.0000         19.0000          3.0000        322.5362
   92         10.0019         21.0000         20.0000          3.0000        323.0790
   94         10.0019         21.0000         18.0000          4.0000        324.3910
   95         10.0019         21.0000         19.0000          4.0000        324.4036
   96         10.0019         21.0000         20.0000          4.0000        324.6472
   82         10.0019         21.0000         18.0000          1.0000        312.0312
   83         10.0019         21.0000         19.0000          1.0000        312.1455
   84         10.0019         21.0000         20.0000          1.0000        317.0864
   86         10.0019         21.0000         18.0000          2.0000        320.5990
   87         10.0019         21.0000         19.0000          2.0000        320.6759
   88         10.0019         21.0000         20.0000          2.0000        321.6247
   90         10.0019         21.0000         18.0000          3.0000        322.5015
   91         10.0019         21.0000         19.0000          3.0000        322.5386
   92         10.0019         21.0000         20.0000          3.0000        323.0811
   94         10.0019         21.0000         18.0000          4.0000        324.3933
   95         10.0019         21.0000         19.0000          4.0000        324.4058
   96         10.0019         21.0000         20.0000          4.0000        324.6491
   82         11.0003         21.0000         18.0000          1.0000        322.5958
   83         11.0003         21.0000         19.0000          1.0000        322.6917
   84         11.0003         21.0000         20.0000          1.0000        324.2535
   86         11.0003         21.0000         18.0000          2.0000        325.3080
   87         11.0003         21.0000         19.0000          2.0000        325.3886
   88         11.0003         21.0000         20.0000          2.0000        326.1594
   90         11.0003         21.0000         18.0000          3.0000        327.3822
   91         11.0003         21.0000         19.0000          3.0000        327.4306
   92         11.0003         21.0000         20.0000          3.0000        327.9495
   94         11.0003         21.0000         18.0000          4.0000        329.5292
   95         11.0003         21.0000         19.0000          4.0000        329.5516
   96         11.0003         21.0000         20.0000          4.0000        329.9034
   82         11.0003         21.0000         18.0000          1.0000        322.6198
   83         11.0003         21.0000         19.0000          1.0000        322.7161
   84         11.0003         21.0000         20.0000          1.0000        324.2754
   86         11.0003         21.0000         18.0000          2.0000        325.3286
   87         11.0003         21.0000         19.0000          2.0000        325.4096
   88         11.0003         21.0000         20.0000          2.0000        326.1784
   90         11.0003         21.0000         18.0000          3.0000        327.3991
   91         11.0003         21.0000         19.0000          3.0000        327.4477
   92         11.0003         21.0000         20.0000          3.0000        327.9651
   94         11.0003         21.0000         18.0000          4.0000        329.5416
   95         11.0003         21.0000         19.0000          4.0000        329.5640
   96         11.0003         21.0000         20.0000          4.0000        329.9147
   82         11.0003         21.0000         18.0000          1.0000        322.6215
   83         11.0003         21.0000         19.0000          1.0000        322.7178
   84         11.0003         21.0000         20.0000          1.0000        324.2769
   86         11.0003         21.0000         18.0000          2.0000        325.3303
   87         11.0003         21.0000         19.0000          2.0000        325.4113
   88         11.0003         21.0000         20.0000          2.0000        326.1800
   90         11.0003         21.0000         18.0000          3.0000        327.4007
   91         11.0003         21.0000         19.0000          3.0000        327.4493
   92         11.0003         21.0000         20.0000          3.0000        327.9666
   94         11.0003         21.0000         18.0000          4.0000        329.5430
   95         11.0003         21.0000         19.0000          4.0000        329.5654
   96         11.0003         21.0000         20.0000          4.0000        329.9160
   82         12.0013         21.0000         18.0000          1.0000        322.2418
   83         12.0013         21.0000         19.0000          1.0000        322.3463
   84         12.0013         21.0000         20.0000          1.0000        323.3368
   86         12.0013         21.0000         18.0000          2.0000        324.3855
   87         12.0013         21.0000         19.0000          2.0000        324.4857
   88         12.0013         21.0000         20.0000          2.0000        325.1964
   90         12.0013         21.0000         18.0000          3.0000        326.5277
   91         12.0013         21.0000         19.0000          3.0000        326.5944
   92         12.0013         21.0000         20.0000          3.0000        327.0549
   94         12.0013         21.0000         18.0000          4.0000        328.6069
   95         12.0013         21.0000         19.0000          4.0000        328.6398
   96         12.0013         21.0000         20.0000          4.0000        328.9537
   82         12.0013         21.0000         18.0000          1.0000        322.1021
   83         12.0013         21.0000         19.0000          1.0000        322.2188
   84         12.0013         21.0000         20.0000          1.0000        323.2972
   86         12.0013         21.0000         18.0000          2.0000        324.7851
   87         12.0013         21.0000         19.0000          2.0000        324.8983
   88         12.0013         21.0000         20.0000          2.0000        325.6254
   90         12.0013         21.0000         18.0000          3.0000        327.0970
   91         12.0013         21.0000         19.0000          3.0000        327.1683
   92         12.0013         21.0000         20.0000          3.0000        327.6000
   94         12.0013         21.0000         18.0000          4.0000        329.1633
   95         12.0013         21.0000         19.0000          4.0000        329.1979
   96         12.0013         21.0000         20.0000          4.0000        329.4768
   82         12.0013         21.0000         18.0000          1.0000        322.0749
   83         12.0013         21.0000         19.0000          1.0000        322.1902
   84         12.0013         21.0000         20.0000          1.0000        323.2706
   86         12.0013         21.0000         18.0000          2.0000        324.7341
   87         12.0013         21.0000         19.0000          2.0000        324.8458
   88         12.0013         21.0000         20.0000          2.0000        325.5757
   90         12.0013         21.0000         18.0000          3.0000        327.0349
   91         12.0013         21.0000         19.0000          3.0000        327.1051
   92         12.0013         21.0000         20.0000          3.0000        327.5419
   94         12.0013         21.0000         18.0000          4.0000        329.1042
   95         12.0013         21.0000         19.0000          4.0000        329.1381
   96         12.0013         21.0000         20.0000          4.0000        329.4221
   82         12.0013         21.0000         18.0000          1.0000        322.0804
   83         12.0013         21.0000         19.0000          1.0000        322.1960
   84         12.0013         21.0000         20.0000          1.0000        323.2759
   86         12.0013         21.0000         18.0000          2.0000        324.7416
   87         12.0013         21.0000         19.0000          2.0000        324.8535
   88         12.0013         21.0000         20.0000          2.0000        325.5827
   90         12.0013         21.0000         18.0000          3.0000        327.0431
   91         12.0013         21.0000         19.0000          3.0000        327.1135
   92         12.0013         21.0000         20.0000          3.0000        327.5495
   94         12.0013         21.0000         18.0000          4.0000        329.1116
   95         12.0013         21.0000         19.0000          4.0000        329.1456
   96         12.0013         21.0000         20.0000          4.0000        329.4289
   82         13.0030         21.0000         18.0000          1.0000        323.1536
   83         13.0030         21.0000         19.0000          1.0000        323.2715
   84         13.0030         21.0000         20.0000          1.0000        324.3842
   86         13.0030         21.0000         18.0000          2.0000        325.6225
   87         13.0030         21.0000         19.0000          2.0000        325.7042
   88         13.0030         21.0000         20.0000          2.0000        326.3818
   90         13.0030         21.0000         18.0000          3.0000        327.5832
   91         13.0030         21.0000         19.0000          3.0000        327.6332
   92         13.0030         21.0000         20.0000          3.0000        328.0726
   94         13.0030         21.0000         18.0000          4.0000        329.3763
   95         13.0030         21.0000         19.0000          4.0000        329.3983
   96         13.0030         21.0000         20.0000          4.0000        329.7076
   82         13.0030         21.0000         18.0000          1.0000        323.1700
   83         13.0030         21.0000         19.0000          1.0000        323.2881
   84         13.0030         21.0000         20.0000          1.0000        324.3985
   86         13.0030         21.0000         18.0000          2.0000        325.6361
   87         13.0030         21.0000         19.0000          2.0000        325.7180
   88         13.0030         21.0000         20.0000          2.0000        326.3940
   90         13.0030         21.0000         18.0000          3.0000        327.5940
   91         13.0030         21.0000         19.0000          3.0000        327.6440
   92         13.0030         21.0000         20.0000          3.0000        328.0823
   94         13.0030         21.0000         18.0000          4.0000        329.3837
   95         13.0030         21.0000         19.0000          4.0000        329.4059
   96         13.0030         21.0000         20.0000          4.0000        329.7145
   82         13.0030         21.0000         18.0000          1.0000        323.1716
   83         13.0030         21.0000         19.0000          1.0000        323.2898
   84         13.0030         21.0000         20.0000          1.0000        324.4000
   86         13.0030         21.0000         18.0000          2.0000        325.6377
   87         13.0030         21.0000         19.0000          2.0000        325.7196
   88         13.0030         21.0000         20.0000          2.0000        326.3954
   90         13.0030         21.0000         18.0000          3.0000        327.5954
   91         13.0030         21.0000         19.0000          3.0000        327.6455
   92         13.0030         21.0000         20.0000          3.0000        328.0837
   94         13.0030         21.0000         18.0000          4.0000        329.3850
   95         13.0030         21.0000         19.0000          4.0000        329.4071
   96         13.0030         21.0000         20.0000          4.0000        329.7156
   82         14.0008         21.0000         18.0000          1.0000        322.3595
   83         14.0008         21.0000         19.0000          1.0000        322.4271
   84         14.0008         21.0000         20.0000          1.0000        323.3765
   86         14.0008         21.0000         18.0000          2.0000        324.6557
   87         14.0008         21.0000         19.0000          2.0000        324.7105
   88         14.0008         21.0000         20.0000          2.0000        325.4173
   90         14.0008         21.0000         18.0000          3.0000        326.8654
   91         14.0008         21.0000         19.0000          3.0000        326.9054
   92         14.0008         21.0000         20.0000          3.0000        327.3972
   94         14.0008         21.0000         18.0000          4.0000        329.0164
   95         14.0008         21.0000         19.0000          4.0000        329.0374
   96         14.0008         21.0000         20.0000          4.0000        329.3989
   82         14.0008         21.0000         18.0000          1.0000        322.4741
   83         14.0008         21.0000         19.0000          1.0000        322.5428
   84         14.0008         21.0000         20.0000          1.0000        323.4869
   86         14.0008         21.0000         18.0000          2.0000        324.7638
   87         14.0008         21.0000         19.0000          2.0000        324.8195
   88         14.0008         21.0000         20.0000          2.0000        325.5193
   90         14.0008         21.0000         18.0000          3.0000        326.9567
   91         14.0008         21.0000         19.0000          3.0000        326.9976
   92         14.0008         21.0000         20.0000          3.0000        327.4827
   94         14.0008         21.0000         18.0000          4.0000        329.0846
   95         14.0008         21.0000         19.0000          4.0000        329.1063
   96         14.0008         21.0000         20.0000          4.0000        329.4620
   82         14.0008         21.0000         18.0000          1.0000        322.4868
   83         14.0008         21.0000         19.0000          1.0000        322.5557
   84         14.0008         21.0000         20.0000          1.0000        323.4985
   86         14.0008         21.0000         18.0000          2.0000        324.7754
   87         14.0008         21.0000         19.0000          2.0000        324.8313
   88         14.0008         21.0000         20.0000          2.0000        325.5301
   90         14.0008         21.0000         18.0000          3.0000        326.9673
   91         14.0008         21.0000         19.0000          3.0000        327.0082
   92         14.0008         21.0000         20.0000          3.0000        327.4925
   94         14.0008         21.0000         18.0000          4.0000        329.0938
   95         14.0008         21.0000         19.0000          4.0000        329.1154
   96         14.0008         21.0000         20.0000          4.0000        329.4707
   82         14.0008         21.0000         18.0000          1.0000        322.4895
   83         14.0008         21.0000         19.0000          1.0000        322.5586
   84         14.0008         21.0000         20.0000          1.0000        323.5010
   86         14.0008         21.0000         18.0000          2.0000        324.7778
   87         14.0008         21.0000         19.0000          2.0000        324.8336
   88         14.0008         21.0000         20.0000          2.0000        325.5322
   90         14.0008         21.0000         18.0000          3.0000        326.9692
   91         14.0008         21.0000         19.0000          3.0000        327.0102
   92         14.0008         21.0000         20.0000          3.0000        327.4944
   94         14.0008         21.0000         18.0000          4.0000        329.0953
   95         14.0008         21.0000         19.0000          4.0000        329.1170
   96         14.0008         21.0000         20.0000          4.0000        329.4722
   82         15.0009         21.0000         18.0000          1.0000        323.7400
   83         15.0009         21.0000         19.0000          1.0000        323.8373
   84         15.0009         21.0000         20.0000          1.0000        324.7406
   86         15.0009         21.0000         18.0000          2.0000        326.3926
   87         15.0009         21.0000         19.0000          2.0000        326.4825
   88         15.0009         21.0000         20.0000          2.0000        327.0960
   90         15.0009         21.0000         18.0000          3.0000        328.3670
   91         15.0009         21.0000         19.0000          3.0000        328.4254
   92         15.0009         21.0000         20.0000          3.0000        328.7819
   94         15.0009         21.0000         18.0000          4.0000        330.0826
   95         15.0009         21.0000         19.0000          4.0000        330.1095
   96         15.0009         21.0000         20.0000          4.0000        330.3401
   82         15.0009         21.0000         18.0000          1.0000        323.6473
   83         15.0009         21.0000         19.0000          1.0000        323.7443
   84         15.0009         21.0000         20.0000          1.0000        324.6491
   86         15.0009         21.0000         18.0000          2.0000        326.3062
   87         15.0009         21.0000         19.0000          2.0000        326.3954
   88         15.0009         21.0000         20.0000          2.0000        327.0135
   90         15.0009         21.0000         18.0000          3.0000        328.2968
   91         15.0009         21.0000         19.0000          3.0000        328.3544
   92         15.0009         21.0000         20.0000          3.0000        328.7160
   94         15.0009         21.0000         18.0000          4.0000        330.0341
   95         15.0009         21.0000         19.0000          4.0000        330.0603
   96         15.0009         21.0000         20.0000          4.0000        330.2959
   82         15.0009         21.0000         18.0000          1.0000        323.6380
   83         15.0009         21.0000         19.0000          1.0000        323.7347
   84         15.0009         21.0000         20.0000          1.0000        324.6410
   86         15.0009         21.0000         18.0000          2.0000        326.2982
   87         15.0009         21.0000         19.0000          2.0000        326.3872
   88         15.0009         21.0000         20.0000          2.0000        327.0063
   90         15.0009         21.0000         18.0000          3.0000        328.2892
   91         15.0009         21.0000         19.0000          3.0000        328.3467
   92         15.0009         21.0000         20.0000          3.0000        328.7090
   94         15.0009         21.0000         18.0000          4.0000        330.0269
   95         15.0009         21.0000         19.0000          4.0000        330.0531
   96         15.0009         21.0000         20.0000          4.0000        330.2891
   82         15.0022         21.0000         18.0000          1.0000        323.6087
   83         15.0022         21.0000         19.0000          1.0000        323.7050
   84         15.0022         21.0000         20.0000          1.0000        324.6143
   86         15.0022         21.0000         18.0000          2.0000        326.2724
   87         15.0022         21.0000         19.0000          2.0000        326.3612
   88         15.0022         21.0000         20.0000          2.0000        326.9825
   90         15.0022         21.0000         18.0000          3.0000        328.2669
   91         15.0022         21.0000         19.0000          3.0000        328.3244
   92         15.0022         21.0000         20.0000          3.0000        328.6882
   94         15.0022         21.0000         18.0000          4.0000        330.0085
   95         15.0022         21.0000         19.0000          4.0000        330.0346
   96         15.0022         21.0000         20.0000          4.0000        330.2716
   82         15.0022         21.0000         18.0000          1.0000        323.6296
   83         15.0022         21.0000         19.0000          1.0000        323.7262
   84         15.0022         21.0000         20.0000          1.0000        324.6328
   86         15.0022         21.0000         18.0000          2.0000        326.2903
   87         15.0022         21.0000         19.0000          2.0000        326.3793
   88         15.0022         21.0000         20.0000          2.0000        326.9985
   90         15.0022         21.0000         18.0000          3.0000        328.2814
   91         15.0022         21.0000         19.0000          3.0000        328.3390
   92         15.0022         21.0000         20.0000          3.0000        328.7013
   94         15.0022         21.0000         18.0000          4.0000        330.0190
   95         15.0022         21.0000         19.0000          4.0000        330.0451
   96         15.0022         21.0000         20.0000          4.0000        330.2812
   82         15.0022         21.0000         18.0000          1.0000        323.6312
   83         15.0022         21.0000         19.0000          1.0000        323.7278
   84         15.0022         21.0000         20.0000          1.0000        324.6342
   86         15.0022         21.0000         18.0000          2.0000        326.2918
   87         15.0022         21.0000         19.0000          2.0000        326.3809
   88         15.0022         21.0000         20.0000          2.0000        326.9999
   90         15.0022         21.0000         18.0000          3.0000        328.2828
   91         15.0022         21.0000         19.0000          3.0000        328.3404
   92         15.0022         21.0000         20.0000          3.0000        328.7026
   94         15.0022         21.0000         18.0000          4.0000        330.0202
   95         15.0022         21.0000         19.0000          4.0000        330.0464
   96         15.0022         21.0000         20.0000          4.0000        330.2823
   82         16.0012         21.0000         18.0000          1.0000        321.3678
   83         16.0012         21.0000         19.0000          1.0000        321.4808
   84         16.0012         21.0000         20.0000          1.0000        322.2481
   86         16.0012         21.0000         18.0000          2.0000        323.6435
   87         16.0012         21.0000         19.0000          2.0000        323.7613
   88         16.0012         21.0000         20.0000          2.0000        324.2925
   90         16.0012         21.0000         18.0000          3.0000        325.4224
   91         16.0012         21.0000         19.0000          3.0000        325.4961
   92         16.0012         21.0000         20.0000          3.0000        325.7627
   94         16.0012         21.0000         18.0000          4.0000        326.8039
   95         16.0012         21.0000         19.0000          4.0000        326.8372
   96         16.0012         21.0000         20.0000          4.0000        326.9847
   82         16.0012         21.0000         18.0000          1.0000        321.3868
   83         16.0012         21.0000         19.0000          1.0000        321.5004
   84         16.0012         21.0000         20.0000          1.0000        322.2652
   86         16.0012         21.0000         18.0000          2.0000        323.6598
   87         16.0012         21.0000         19.0000          2.0000        323.7780
   88         16.0012         21.0000         20.0000          2.0000        324.3072
   90         16.0012         21.0000         18.0000          3.0000        325.4355
   91         16.0012         21.0000         19.0000          3.0000        325.5095
   92         16.0012         21.0000         20.0000          3.0000        325.7749
   94         16.0012         21.0000         18.0000          4.0000        326.8133
   95         16.0012         21.0000         19.0000          4.0000        326.8468
   96         16.0012         21.0000         20.0000          4.0000        326.9935
   82         16.0012         21.0000         18.0000          1.0000        321.3887
   83         16.0012         21.0000         19.0000          1.0000        321.5022
   84         16.0012         21.0000         20.0000          1.0000        322.2668
   86         16.0012         21.0000         18.0000          2.0000        323.6616
   87         16.0012         21.0000         19.0000          2.0000        323.7798
   88         16.0012         21.0000         20.0000          2.0000        324.3089
   90         16.0012         21.0000         18.0000          3.0000        325.4372
   91         16.0012         21.0000         19.0000          3.0000        325.5111
   92         16.0012         21.0000         20.0000          3.0000        325.7763
   94         16.0012         21.0000         18.0000          4.0000        326.8147
   95         16.0012         21.0000         19.0000          4.0000        326.8482
   96         16.0012         21.0000         20.0000          4.0000        326.9948
   82         17.0023         21.0000         18.0000          1.0000        317.4924
   83         17.0023         21.0000         19.0000          1.0000        317.5638
   84         17.0023         21.0000         20.0000          1.0000        318.1925
   86         17.0023         21.0000         18.0000          2.0000        319.2151
   87         17.0023         21.0000         19.0000          2.0000        319.2897
   88         17.0023         21.0000         20.0000          2.0000        319.7586
   90         17.0023         21.0000         18.0000          3.0000        320.8091
   91         17.0023         21.0000         19.0000          3.0000        320.8588
   92         17.0023         21.0000         20.0000          3.0000        321.1343
   94         17.0023         21.0000         18.0000          4.0000        322.1654
   95         17.0023         21.0000         19.0000          4.0000        322.1897
   96         17.0023         21.0000         20.0000          4.0000        322.3664
   82         17.0023         21.0000         18.0000          1.0000        317.5872
   83         17.0023         21.0000         19.0000          1.0000        317.6594
   84         17.0023         21.0000         20.0000          1.0000        318.2836
   86         17.0023         21.0000         18.0000          2.0000        319.3038
   87         17.0023         21.0000         19.0000          2.0000        319.3792
   88         17.0023         21.0000         20.0000          2.0000        319.8424
   90         17.0023         21.0000         18.0000          3.0000        320.8841
   91         17.0023         21.0000         19.0000          3.0000        320.9346
   92         17.0023         21.0000         20.0000          3.0000        321.2048
   94         17.0023         21.0000         18.0000          4.0000        322.2220
   95         17.0023         21.0000         19.0000          4.0000        322.2469
   96         17.0023         21.0000         20.0000          4.0000        322.4192
   82         17.0023         21.0000         18.0000          1.0000        317.5976
   83         17.0023         21.0000         19.0000          1.0000        317.6701
   84         17.0023         21.0000         20.0000          1.0000        318.2932
   86         17.0023         21.0000         18.0000          2.0000        319.3134
   87         17.0023         21.0000         19.0000          2.0000        319.3889
   88         17.0023         21.0000         20.0000          2.0000        319.8513
   90         17.0023         21.0000         18.0000          3.0000        320.8929
   91         17.0023         21.0000         19.0000          3.0000        320.9434
   92         17.0023         21.0000         20.0000          3.0000        321.2129
   94         17.0023         21.0000         18.0000          4.0000        322.2296
   95         17.0023         21.0000         19.0000          4.0000        322.2546
   96         17.0023         21.0000         20.0000          4.0000        322.4264
   82         17.0023         21.0000         18.0000          1.0000        317.5997
   83         17.0023         21.0000         19.0000          1.0000        317.6722
   84         17.0023         21.0000         20.0000          1.0000        318.2951
   86         17.0023         21.0000         18.0000          2.0000        319.3152
   87         17.0023         21.0000         19.0000          2.0000        319.3907
   88         17.0023         21.0000         20.0000          2.0000        319.8529
   90         17.0023         21.0000         18.0000          3.0000        320.8944
   91         17.0023         21.0000         19.0000          3.0000        320.9450
   92         17.0023         21.0000         20.0000          3.0000        321.2144
   94         17.0023         21.0000         18.0000          4.0000        322.2309
   95         17.0023         21.0000         19.0000          4.0000        322.2558
   96         17.0023         21.0000         20.0000          4.0000        322.4275
   82         18.0008         21.0000         18.0000          1.0000        312.7322
   83         18.0008         21.0000         19.0000          1.0000        312.7790
   84         18.0008         21.0000         20.0000          1.0000        313.1762
   86         18.0008         21.0000         18.0000          2.0000        313.7955
   87         18.0008         21.0000         19.0000          2.0000        313.8447
   88         18.0008         21.0000         20.0000          2.0000        314.1368
   90         18.0008         21.0000         18.0000          3.0000        314.7693
   91         18.0008         21.0000         19.0000          3.0000        314.8022
   92         18.0008         21.0000         20.0000          3.0000        314.9663
   94         18.0008         21.0000         18.0000          4.0000        315.5212
   95         18.0008         21.0000         19.0000          4.0000        315.5360
   96         18.0008         21.0000         20.0000          4.0000        315.6316
   82         18.0008         21.0000         18.0000          1.0000        312.6788
   83         18.0008         21.0000         19.0000          1.0000        312.7255
   84         18.0008         21.0000         20.0000          1.0000        313.1222
   86         18.0008         21.0000         18.0000          2.0000        313.7422
   87         18.0008         21.0000         19.0000          2.0000        313.7910
   88         18.0008         21.0000         20.0000          2.0000        314.0846
   90         18.0008         21.0000         18.0000          3.0000        314.7219
   91         18.0008         21.0000         19.0000          3.0000        314.7543
   92         18.0008         21.0000         20.0000          3.0000        314.9206
   94         18.0008         21.0000         18.0000          4.0000        315.4829
   95         18.0008         21.0000         19.0000          4.0000        315.4973
   96         18.0008         21.0000         20.0000          4.0000        315.5952
   82         18.0008         21.0000         18.0000          1.0000        312.6715
   83         18.0008         21.0000         19.0000          1.0000        312.7179
   84         18.0008         21.0000         20.0000          1.0000        313.1153
   86         18.0008         21.0000         18.0000          2.0000        313.7355
   87         18.0008         21.0000         19.0000          2.0000        313.7842
   88         18.0008         21.0000         20.0000          2.0000        314.0784
   90         18.0008         21.0000         18.0000          3.0000        314.7159
   91         18.0008         21.0000         19.0000          3.0000        314.7482
   92         18.0008         21.0000         20.0000          3.0000        314.9150
   94         18.0008         21.0000         18.0000          4.0000        315.4777
   95         18.0008         21.0000         19.0000          4.0000        315.4921
   96         18.0008         21.0000         20.0000          4.0000        315.5903
   82         19.0009         21.0000         18.0000          1.0000        307.2520
   83         19.0009         21.0000         19.0000          1.0000        307.2685
   84         19.0009         21.0000         20.0000          1.0000        307.3969
   86         19.0009         21.0000         18.0000          2.0000        307.5711
   87         19.0009         21.0000         19.0000          2.0000        307.5848
   88         19.0009         21.0000         20.0000          2.0000        307.6688
   90         19.0009         21.0000         18.0000          3.0000        307.7952
   91         19.0009         21.0000         19.0000          3.0000        307.8004
   92         19.0009         21.0000         20.0000          3.0000        307.8405
   94         19.0009         21.0000         18.0000          4.0000        307.8845
   95         19.0009         21.0000         19.0000          4.0000        307.8838
   96         19.0009         21.0000         20.0000          4.0000        307.9026
   82         19.0009         21.0000         18.0000          1.0000        307.2658
   83         19.0009         21.0000         19.0000          1.0000        307.2826
   84         19.0009         21.0000         20.0000          1.0000        307.4090
   86         19.0009         21.0000         18.0000          2.0000        307.5826
   87         19.0009         21.0000         19.0000          2.0000        307.5964
   88         19.0009         21.0000         20.0000          2.0000        307.6788
   90         19.0009         21.0000         18.0000          3.0000        307.8041
   91         19.0009         21.0000         19.0000          3.0000        307.8092
   92         19.0009         21.0000         20.0000          3.0000        307.8482
   94         19.0009         21.0000         18.0000          4.0000        307.8903
   95         19.0009         21.0000         19.0000          4.0000        307.8896
   96         19.0009         21.0000         20.0000          4.0000        307.9077
   82         19.0009         21.0000         18.0000          1.0000        307.2664
   83         19.0009         21.0000         19.0000          1.0000        307.2832
   84         19.0009         21.0000         20.0000          1.0000        307.4095
   86         19.0009         21.0000         18.0000          2.0000        307.5833
   87         19.0009         21.0000         19.0000          2.0000        307.5971
   88         19.0009         21.0000         20.0000          2.0000        307.6794
   90         19.0009         21.0000         18.0000          3.0000        307.8048
   91         19.0009         21.0000         19.0000          3.0000        307.8100
   92         19.0009         21.0000         20.0000          3.0000        307.8489
   94         19.0009         21.0000         18.0000          4.0000        307.8910
   95         19.0009         21.0000         19.0000          4.0000        307.8903
   96         19.0009         21.0000         20.0000          4.0000        307.9083
   82         20.0012         21.0000         18.0000          1.0000        303.9593
   83         20.0012         21.0000         19.0000          1.0000        303.9573
   84         20.0012         21.0000         20.0000          1.0000        303.9271
   86         20.0012         21.0000         18.0000          2.0000        303.8437
   87         20.0012         21.0000         19.0000          2.0000        303.8376
   88         20.0012         21.0000         20.0000          2.0000        303.7928
   90         20.0012         21.0000         18.0000          3.0000        303.5900
   91         20.0012         21.0000         19.0000          3.0000        303.5777
   92         20.0012         21.0000         20.0000          3.0000        303.5320
   94         20.0012         21.0000         18.0000          4.0000        303.2459
   95         20.0012         21.0000         19.0000          4.0000        303.2340
   96         20.0012         21.0000         20.0000          4.0000        303.1941
   82         20.0012         21.0000         18.0000          1.0000        303.9738
   83         20.0012         21.0000         19.0000          1.0000        303.9721
   84         20.0012         21.0000         20.0000          1.0000        303.9395
   86         20.0012         21.0000         18.0000          2.0000        303.8555
   87         20.0012         21.0000         19.0000          2.0000        303.8495
   88         20.0012         21.0000         20.0000          2.0000        303.8029
   90         20.0012         21.0000         18.0000          3.0000        303.5987
   91         20.0012         21.0000         19.0000          3.0000        303.5865
   92         20.0012         21.0000         20.0000          3.0000        303.5396
   94         20.0012         21.0000         18.0000          4.0000        303.2515
   95         20.0012         21.0000         19.0000          4.0000        303.2396
   96         20.0012         21.0000         20.0000          4.0000        303.1990
   82         20.0012         21.0000         18.0000          1.0000        303.9744
   83         20.0012         21.0000         19.0000          1.0000        303.9727
   84         20.0012         21.0000         20.0000          1.0000        303.9401
   86         20.0012         21.0000         18.0000          2.0000        303.8563
   87         20.0012         21.0000         19.0000          2.0000        303.8504
   88         20.0012         21.0000         20.0000          2.0000        303.8037
   90         20.0012         21.0000         18.0000          3.0000        303.5996
   91         20.0012         21.0000         19.0000          3.0000        303.5874
   92         20.0012         21.0000         20.0000          3.0000        303.5404
   94         20.0012         21.0000         18.0000          4.0000        303.2522
   95         20.0012         21.0000         19.0000          4.0000        303.2404
   96         20.0012         21.0000         20.0000          4.0000        303.1997
   82         21.0061         21.0000         18.0000          1.0000        302.5947
   83         21.0061         21.0000         19.0000          1.0000        302.5826
   84         21.0061         21.0000         20.0000          1.0000        302.5152
   86         21.0061         21.0000         18.0000          2.0000        302.3787
   87         21.0061         21.0000         19.0000          2.0000        302.3641
   88         21.0061         21.0000         20.0000          2.0000        302.2946
   90         21.0061         21.0000         18.0000          3.0000        302.0454
   91         21.0061         21.0000         19.0000          3.0000        302.0272
   92         21.0061         21.0000         20.0000          3.0000        301.9700
   94         21.0061         21.0000         18.0000          4.0000        301.6590
   95         21.0061         21.0000         19.0000          4.0000        301.6438
   96         21.0061         21.0000         20.0000          4.0000        301.5984
   82         21.0061         21.0000         18.0000          1.0000        302.6097
   83         21.0061         21.0000         19.0000          1.0000        302.5980
   84         21.0061         21.0000         20.0000          1.0000        302.5282
   86         21.0061         21.0000         18.0000          2.0000        302.3915
   87         21.0061         21.0000         19.0000          2.0000        302.3770
   88         21.0061         21.0000         20.0000          2.0000        302.3057
   90         21.0061         21.0000         18.0000          3.0000        302.0555
   91         21.0061         21.0000         19.0000          3.0000        302.0373
   92         21.0061         21.0000         20.0000          3.0000        301.9788
   94         21.0061         21.0000         18.0000          4.0000        301.6658
   95         21.0061         21.0000         19.0000          4.0000        301.6506
   96         21.0061         21.0000         20.0000          4.0000        301.6044
   82         21.0061         21.0000         18.0000          1.0000        302.6104
   83         21.0061         21.0000         19.0000          1.0000        302.5987
   84         21.0061         21.0000         20.0000          1.0000        302.5288
   86         21.0061         21.0000         18.0000          2.0000        302.3923
   87         21.0061         21.0000         19.0000          2.0000        302.3778
   88         21.0061         21.0000         20.0000          2.0000        302.3065
   90         21.0061         21.0000         18.0000          3.0000        302.0563
   91         21.0061         21.0000         19.0000          3.0000        302.0382
   92         21.0061         21.0000         20.0000          3.0000        301.9796
   94         21.0061         21.0000         18.0000          4.0000        301.6665
   95         21.0061         21.0000         19.0000          4.0000        301.6513
   96         21.0061         21.0000         20.0000          4.0000        301.6050
   82         22.0079         21.0000         18.0000          1.0000        301.7129
   83         22.0079         21.0000         19.0000          1.0000        301.6927
   84         22.0079         21.0000         20.0000          1.0000        301.6092
   86         22.0079         21.0000         18.0000          2.0000        301.4577
   87         22.0079         21.0000         19.0000          2.0000        301.4372
   88         22.0079         21.0000         20.0000          2.0000        301.3579
   90         22.0079         21.0000         18.0000          3.0000        301.0933
   91         22.0079         21.0000         19.0000          3.0000        301.0709
   92         22.0079         21.0000         20.0000          3.0000        301.0096
   94         22.0079         21.0000         18.0000          4.0000        300.6751
   95         22.0079         21.0000         19.0000          4.0000        300.6572
   96         22.0079         21.0000         20.0000          4.0000        300.6102
   82         22.0079         21.0000         18.0000          1.0000        301.7335
   83         22.0079         21.0000         19.0000          1.0000        301.7137
   84         22.0079         21.0000         20.0000          1.0000        301.6276
   86         22.0079         21.0000         18.0000          2.0000        301.4757
   87         22.0079         21.0000         19.0000          2.0000        301.4554
   88         22.0079         21.0000         20.0000          2.0000        301.3740
   90         22.0079         21.0000         18.0000          3.0000        301.1079
   91         22.0079         21.0000         19.0000          3.0000        301.0856
   92         22.0079         21.0000         20.0000          3.0000        301.0226
   94         22.0079         21.0000         18.0000          4.0000        300.6854
   95         22.0079         21.0000         19.0000          4.0000        300.6677
   96         22.0079         21.0000         20.0000          4.0000        300.6195
   82         22.0079         21.0000         18.0000          1.0000        301.7347
   83         22.0079         21.0000         19.0000          1.0000        301.7149
   84         22.0079         21.0000         20.0000          1.0000        301.6286
   86         22.0079         21.0000         18.0000          2.0000        301.4769
   87         22.0079         21.0000         19.0000          2.0000        301.4566
   88         22.0079         21.0000         20.0000          2.0000        301.3751
   90         22.0079         21.0000         18.0000          3.0000        301.1091
   91         22.0079         21.0000         19.0000          3.0000        301.0868
   92         22.0079         21.0000         20.0000          3.0000        301.0238
   94         22.0079         21.0000         18.0000          4.0000        300.6866
   95         22.0079         21.0000         19.0000          4.0000        300.6688
   96         22.0079         21.0000         20.0000          4.0000        300.6206
   82         23.0110         21.0000         18.0000          1.0000        301.2378
   83         23.0110         21.0000         19.0000          1.0000        301.2128
   84         23.0110         21.0000         20.0000          1.0000        301.1250
   86         23.0110         21.0000         18.0000          2.0000        300.9862
   87         23.0110         21.0000         19.0000          2.0000        300.9630
   88         23.0110         21.0000         20.0000          2.0000        300.8827
   90         23.0110         21.0000         18.0000          3.0000        300.6361
   91         23.0110         21.0000         19.0000          3.0000        300.6124
   92         23.0110         21.0000         20.0000          3.0000        300.5516
   94         23.0110         21.0000         18.0000          4.0000        300.2330
   95         23.0110         21.0000         19.0000          4.0000        300.2147
   96         23.0110         21.0000         20.0000          4.0000        300.1687
   82         23.0110         21.0000         18.0000          1.0000        301.2586
   83         23.0110         21.0000         19.0000          1.0000        301.2339
   84         23.0110         21.0000         20.0000          1.0000        301.1434
   86         23.0110         21.0000         18.0000          2.0000        301.0043
   87         23.0110         21.0000         19.0000          2.0000        300.9814
   88         23.0110         21.0000         20.0000          2.0000        300.8989
   90         23.0110         21.0000         18.0000          3.0000        300.6507
   91         23.0110         21.0000         19.0000          3.0000        300.6272
   92         23.0110         21.0000         20.0000          3.0000        300.5648
   94         23.0110         21.0000         18.0000          4.0000        300.2435
   95         23.0110         21.0000         19.0000          4.0000        300.2252
   96         23.0110         21.0000         20.0000          4.0000        300.1781
   82         23.0110         21.0000         18.0000          1.0000        301.2596
   83         23.0110         21.0000         19.0000          1.0000        301.2350
   84         23.0110         21.0000         20.0000          1.0000        301.1443
   86         23.0110         21.0000         18.0000          2.0000        301.0055
   87         23.0110         21.0000         19.0000          2.0000        300.9826
   88         23.0110         21.0000         20.0000          2.0000        300.9000
   90         23.0110         21.0000         18.0000          3.0000        300.6520
   91         23.0110         21.0000         19.0000          3.0000        300.6284
   92         23.0110         21.0000         20.0000          3.0000        300.5659
   94         23.0110         21.0000         18.0000          4.0000        300.2446
   95         23.0110         21.0000         19.0000          4.0000        300.2263
   96         23.0110         21.0000         20.0000          4.0000        300.1792
