   66          1.0142         18.0000         21.0000          1.0000          0.0000
   67          1.0142         19.0000         21.0000          1.0000          0.0000
   68          1.0142         20.0000         21.0000          1.0000          0.0000
   70          1.0142         18.0000         21.0000          2.0000          0.0000
   71          1.0142         19.0000         21.0000          2.0000          0.0000
   72          1.0142         20.0000         21.0000          2.0000          0.0000
   74          1.0142         18.0000         21.0000          3.0000          0.0000
   75          1.0142         19.0000         21.0000          3.0000          0.0000
   76          1.0142         20.0000         21.0000          3.0000          0.0000
   78          1.0142         18.0000         21.0000          4.0000          0.0000
   79          1.0142         19.0000         21.0000          4.0000          0.0000
   80          1.0142         20.0000         21.0000          4.0000          0.0000
   66          1.0142         18.0000         21.0000          1.0000          0.0000
   67          1.0142         19.0000         21.0000          1.0000          0.0000
   68          1.0142         20.0000         21.0000          1.0000          0.0000
   70          1.0142         18.0000         21.0000          2.0000          0.0000
   71          1.0142         19.0000         21.0000          2.0000          0.0000
   72          1.0142         20.0000         21.0000          2.0000          0.0000
   74          1.0142         18.0000         21.0000          3.0000          0.0000
   75          1.0142         19.0000         21.0000          3.0000          0.0000
   76          1.0142         20.0000         21.0000          3.0000          0.0000
   78          1.0142         18.0000         21.0000          4.0000          0.0000
   79          1.0142         19.0000         21.0000          4.0000          0.0000
   80          1.0142         20.0000         21.0000          4.0000          0.0000
   66          1.0142         18.0000         21.0000          1.0000          0.0000
   67          1.0142         19.0000         21.0000          1.0000          0.0000
   68          1.0142         20.0000         21.0000          1.0000          0.0000
   70          1.0142         18.0000         21.0000          2.0000          0.0000
   71          1.0142         19.0000         21.0000          2.0000          0.0000
   72          1.0142         20.0000         21.0000          2.0000          0.0000
   74          1.0142         18.0000         21.0000          3.0000          0.0000
   75          1.0142         19.0000         21.0000          3.0000          0.0000
   76          1.0142         20.0000         21.0000          3.0000          0.0000
   78          1.0142         18.0000         21.0000          4.0000          0.0000
   79          1.0142         19.0000         21.0000          4.0000          0.0000
   80          1.0142         20.0000         21.0000          4.0000          0.0000
   66          2.0138         18.0000         21.0000          1.0000          0.0000
   67          2.0138         19.0000         21.0000          1.0000          0.0000
   68          2.0138         20.0000         21.0000          1.0000          0.0000
   70          2.0138         18.0000         21.0000          2.0000          0.0000
   71          2.0138         19.0000         21.0000          2.0000          0.0000
   72          2.0138         20.0000         21.0000          2.0000          0.0000
   74          2.0138         18.0000         21.0000          3.0000          0.0000
   75          2.0138         19.0000         21.0000          3.0000          0.0000
   76          2.0138         20.0000         21.0000          3.0000          0.0000
   78          2.0138         18.0000         21.0000          4.0000          0.0000
   79          2.0138         19.0000         21.0000          4.0000          0.0000
   80          2.0138         20.0000         21.0000          4.0000          0.0000
   66          2.0138         18.0000         21.0000          1.0000          0.0000
   67          2.0138         19.0000         21.0000          1.0000          0.0000
   68          2.0138         20.0000         21.0000          1.0000          0.0000
   70          2.0138         18.0000         21.0000          2.0000          0.0000
   71          2.0138         19.0000         21.0000          2.0000          0.0000
   72          2.0138         20.0000         21.0000          2.0000          0.0000
   74          2.0138         18.0000         21.0000          3.0000          0.0000
   75          2.0138         19.0000         21.0000          3.0000          0.0000
   76          2.0138         20.0000         21.0000          3.0000          0.0000
   78          2.0138         18.0000         21.0000          4.0000          0.0000
   79          2.0138         19.0000         21.0000          4.0000          0.0000
   80          2.0138         20.0000         21.0000          4.0000          0.0000
   66          2.0138         18.0000         21.0000          1.0000          0.0000
   67          2.0138         19.0000         21.0000          1.0000          0.0000
   68          2.0138         20.0000         21.0000          1.0000          0.0000
   70          2.0138         18.0000         21.0000          2.0000          0.0000
   71          2.0138         19.0000         21.0000          2.0000          0.0000
   72          2.0138         20.0000         21.0000          2.0000          0.0000
   74          2.0138         18.0000         21.0000          3.0000          0.0000
   75          2.0138         19.0000         21.0000          3.0000          0.0000
   76          2.0138         20.0000         21.0000          3.0000          0.0000
   78          2.0138         18.0000         21.0000          4.0000          0.0000
   79          2.0138         19.0000         21.0000          4.0000          0.0000
   80          2.0138         20.0000         21.0000          4.0000          0.0000
   66          3.0126         18.0000         21.0000          1.0000          0.0000
   67          3.0126         19.0000         21.0000          1.0000          0.0000
   68          3.0126         20.0000         21.0000          1.0000          0.0000
   70          3.0126         18.0000         21.0000          2.0000          0.0000
   71          3.0126         19.0000         21.0000          2.0000          0.0000
   72          3.0126         20.0000         21.0000          2.0000          0.0000
   74          3.0126         18.0000         21.0000          3.0000          0.0000
   75          3.0126         19.0000         21.0000          3.0000          0.0000
   76          3.0126         20.0000         21.0000          3.0000          0.0000
   78          3.0126         18.0000         21.0000          4.0000          0.0000
   79          3.0126         19.0000         21.0000          4.0000          0.0000
   80          3.0126         20.0000         21.0000          4.0000          0.0000
   66          3.0126         18.0000         21.0000          1.0000          0.0000
   67          3.0126         19.0000         21.0000          1.0000          0.0000
   68          3.0126         20.0000         21.0000          1.0000          0.0000
   70          3.0126         18.0000         21.0000          2.0000          0.0000
   71          3.0126         19.0000         21.0000          2.0000          0.0000
   72          3.0126         20.0000         21.0000          2.0000          0.0000
   74          3.0126         18.0000         21.0000          3.0000          0.0000
   75          3.0126         19.0000         21.0000          3.0000          0.0000
   76          3.0126         20.0000         21.0000          3.0000          0.0000
   78          3.0126         18.0000         21.0000          4.0000          0.0000
   79          3.0126         19.0000         21.0000          4.0000          0.0000
   80          3.0126         20.0000         21.0000          4.0000          0.0000
   66          3.0126         18.0000         21.0000          1.0000          0.0000
   67          3.0126         19.0000         21.0000          1.0000          0.0000
   68          3.0126         20.0000         21.0000          1.0000          0.0000
   70          3.0126         18.0000         21.0000          2.0000          0.0000
   71          3.0126         19.0000         21.0000          2.0000          0.0000
   72          3.0126         20.0000         21.0000          2.0000          0.0000
   74          3.0126         18.0000         21.0000          3.0000          0.0000
   75          3.0126         19.0000         21.0000          3.0000          0.0000
   76          3.0126         20.0000         21.0000          3.0000          0.0000
   78          3.0126         18.0000         21.0000          4.0000          0.0000
   79          3.0126         19.0000         21.0000          4.0000          0.0000
   80          3.0126         20.0000         21.0000          4.0000          0.0000
   66          4.0028         18.0000         21.0000          1.0000          0.0000
   67          4.0028         19.0000         21.0000          1.0000          0.0000
   68          4.0028         20.0000         21.0000          1.0000          0.0000
   70          4.0028         18.0000         21.0000          2.0000          0.0000
   71          4.0028         19.0000         21.0000          2.0000          0.0000
   72          4.0028         20.0000         21.0000          2.0000          0.0000
   74          4.0028         18.0000         21.0000          3.0000          0.0000
   75          4.0028         19.0000         21.0000          3.0000          0.0000
   76          4.0028         20.0000         21.0000          3.0000          0.0000
   78          4.0028         18.0000         21.0000          4.0000          0.0000
   79          4.0028         19.0000         21.0000          4.0000          0.0000
   80          4.0028         20.0000         21.0000          4.0000          0.0000
   66          4.0028         18.0000         21.0000          1.0000          0.0000
   67          4.0028         19.0000         21.0000          1.0000          0.0000
   68          4.0028         20.0000         21.0000          1.0000          0.0000
   70          4.0028         18.0000         21.0000          2.0000          0.0000
   71          4.0028         19.0000         21.0000          2.0000          0.0000
   72          4.0028         20.0000         21.0000          2.0000          0.0000
   74          4.0028         18.0000         21.0000          3.0000          0.0000
   75          4.0028         19.0000         21.0000          3.0000          0.0000
   76          4.0028         20.0000         21.0000          3.0000          0.0000
   78          4.0028         18.0000         21.0000          4.0000          0.0000
   79          4.0028         19.0000         21.0000          4.0000          0.0000
   80          4.0028         20.0000         21.0000          4.0000          0.0000
   66          4.0028         18.0000         21.0000          1.0000          0.0000
   67          4.0028         19.0000         21.0000          1.0000          0.0000
   68          4.0028         20.0000         21.0000          1.0000          0.0000
   70          4.0028         18.0000         21.0000          2.0000          0.0000
   71          4.0028         19.0000         21.0000          2.0000          0.0000
   72          4.0028         20.0000         21.0000          2.0000          0.0000
   74          4.0028         18.0000         21.0000          3.0000          0.0000
   75          4.0028         19.0000         21.0000          3.0000          0.0000
   76          4.0028         20.0000         21.0000          3.0000          0.0000
   78          4.0028         18.0000         21.0000          4.0000          0.0000
   79          4.0028         19.0000         21.0000          4.0000          0.0000
   80          4.0028         20.0000         21.0000          4.0000          0.0000
   66          5.0004         18.0000         21.0000          1.0000          0.0000
   67          5.0004         19.0000         21.0000          1.0000          0.0000
   68          5.0004         20.0000         21.0000          1.0000          0.0000
   70          5.0004         18.0000         21.0000          2.0000          0.0000
   71          5.0004         19.0000         21.0000          2.0000          0.0000
   72          5.0004         20.0000         21.0000          2.0000          0.0000
   74          5.0004         18.0000         21.0000          3.0000          0.0000
   75          5.0004         19.0000         21.0000          3.0000          0.0000
   76          5.0004         20.0000         21.0000          3.0000          0.0000
   78          5.0004         18.0000         21.0000          4.0000          0.0000
   79          5.0004         19.0000         21.0000          4.0000          0.0000
   80          5.0004         20.0000         21.0000          4.0000          0.0000
   66          5.0004         18.0000         21.0000          1.0000          0.0000
   67          5.0004         19.0000         21.0000          1.0000          0.0000
   68          5.0004         20.0000         21.0000          1.0000          0.0000
   70          5.0004         18.0000         21.0000          2.0000          0.0000
   71          5.0004         19.0000         21.0000          2.0000          0.0000
   72          5.0004         20.0000         21.0000          2.0000          0.0000
   74          5.0004         18.0000         21.0000          3.0000          0.0000
   75          5.0004         19.0000         21.0000          3.0000          0.0000
   76          5.0004         20.0000         21.0000          3.0000          0.0000
   78          5.0004         18.0000         21.0000          4.0000          0.0000
   79          5.0004         19.0000         21.0000          4.0000          0.0000
   80          5.0004         20.0000         21.0000          4.0000          0.0000
   66          5.0004         18.0000         21.0000          1.0000          0.0000
   67          5.0004         19.0000         21.0000          1.0000          0.0000
   68          5.0004         20.0000         21.0000          1.0000          0.0000
   70          5.0004         18.0000         21.0000          2.0000          0.0000
   71          5.0004         19.0000         21.0000          2.0000          0.0000
   72          5.0004         20.0000         21.0000          2.0000          0.0000
   74          5.0004         18.0000         21.0000          3.0000          0.0000
   75          5.0004         19.0000         21.0000          3.0000          0.0000
   76          5.0004         20.0000         21.0000          3.0000          0.0000
   78          5.0004         18.0000         21.0000          4.0000          0.0000
   79          5.0004         19.0000         21.0000          4.0000          0.0000
   80          5.0004         20.0000         21.0000          4.0000          0.0000
   66          6.0017         18.0000         21.0000          1.0000          0.0000
   67          6.0017         19.0000         21.0000          1.0000          0.0000
   68          6.0017         20.0000         21.0000          1.0000          0.0000
   70          6.0017         18.0000         21.0000          2.0000          0.0000
   71          6.0017         19.0000         21.0000          2.0000          0.0000
   72          6.0017         20.0000         21.0000          2.0000          0.0000
   74          6.0017         18.0000         21.0000          3.0000          0.0000
   75          6.0017         19.0000         21.0000          3.0000          0.0000
   76          6.0017         20.0000         21.0000          3.0000          0.0000
   78          6.0017         18.0000         21.0000          4.0000          0.0000
   79          6.0017         19.0000         21.0000          4.0000          0.0000
   80          6.0017         20.0000         21.0000          4.0000          0.0000
   66          6.0017         18.0000         21.0000          1.0000          0.0000
   67          6.0017         19.0000         21.0000          1.0000          0.0000
   68          6.0017         20.0000         21.0000          1.0000          0.0000
   70          6.0017         18.0000         21.0000          2.0000          0.0000
   71          6.0017         19.0000         21.0000          2.0000          0.0000
   72          6.0017         20.0000         21.0000          2.0000          0.0000
   74          6.0017         18.0000         21.0000          3.0000          0.0000
   75          6.0017         19.0000         21.0000          3.0000          0.0000
   76          6.0017         20.0000         21.0000          3.0000          0.0000
   78          6.0017         18.0000         21.0000          4.0000          0.0000
   79          6.0017         19.0000         21.0000          4.0000          0.0000
   80          6.0017         20.0000         21.0000          4.0000          0.0000
   66          6.0017         18.0000         21.0000          1.0000          0.0000
   67          6.0017         19.0000         21.0000          1.0000          0.0000
   68          6.0017         20.0000         21.0000          1.0000          0.0000
   70          6.0017         18.0000         21.0000          2.0000          0.0000
   71          6.0017         19.0000         21.0000          2.0000          0.0000
   72          6.0017         20.0000         21.0000          2.0000          0.0000
   74          6.0017         18.0000         21.0000          3.0000          0.0000
   75          6.0017         19.0000         21.0000          3.0000          0.0000
   76          6.0017         20.0000         21.0000          3.0000          0.0000
   78          6.0017         18.0000         21.0000          4.0000          0.0000
   79          6.0017         19.0000         21.0000          4.0000          0.0000
   80          6.0017         20.0000         21.0000          4.0000          0.0000
   66          7.0101         18.0000         21.0000          1.0000          0.0122
   67          7.0101         19.0000         21.0000          1.0000          0.0122
   68          7.0101         20.0000         21.0000          1.0000          0.0135
   70          7.0101         18.0000         21.0000          2.0000          0.0149
   71          7.0101         19.0000         21.0000          2.0000          0.0149
   72          7.0101         20.0000         21.0000          2.0000          0.0160
   74          7.0101         18.0000         21.0000          3.0000          0.0183
   75          7.0101         19.0000         21.0000          3.0000          0.0183
   76          7.0101         20.0000         21.0000          3.0000          0.0192
   78          7.0101         18.0000         21.0000          4.0000          0.0224
   79          7.0101         19.0000         21.0000          4.0000          0.0225
   80          7.0101         20.0000         21.0000          4.0000          0.0232
   66          7.0101         18.0000         21.0000          1.0000          0.0122
   67          7.0101         19.0000         21.0000          1.0000          0.0122
   68          7.0101         20.0000         21.0000          1.0000          0.0134
   70          7.0101         18.0000         21.0000          2.0000          0.0149
   71          7.0101         19.0000         21.0000          2.0000          0.0149
   72          7.0101         20.0000         21.0000          2.0000          0.0160
   74          7.0101         18.0000         21.0000          3.0000          0.0183
   75          7.0101         19.0000         21.0000          3.0000          0.0183
   76          7.0101         20.0000         21.0000          3.0000          0.0192
   78          7.0101         18.0000         21.0000          4.0000          0.0224
   79          7.0101         19.0000         21.0000          4.0000          0.0224
   80          7.0101         20.0000         21.0000          4.0000          0.0231
   66          7.0101         18.0000         21.0000          1.0000          0.0122
   67          7.0101         19.0000         21.0000          1.0000          0.0122
   68          7.0101         20.0000         21.0000          1.0000          0.0134
   70          7.0101         18.0000         21.0000          2.0000          0.0149
   71          7.0101         19.0000         21.0000          2.0000          0.0149
   72          7.0101         20.0000         21.0000          2.0000          0.0160
   74          7.0101         18.0000         21.0000          3.0000          0.0183
   75          7.0101         19.0000         21.0000          3.0000          0.0183
   76          7.0101         20.0000         21.0000          3.0000          0.0192
   78          7.0101         18.0000         21.0000          4.0000          0.0224
   79          7.0101         19.0000         21.0000          4.0000          0.0224
   80          7.0101         20.0000         21.0000          4.0000          0.0231
   66          8.0019         18.0000         21.0000          1.0000          1.4099
   67          8.0019         19.0000         21.0000          1.0000          1.4105
   68          8.0019         20.0000         21.0000          1.0000          1.5311
   70          8.0019         18.0000         21.0000          2.0000          1.6735
   71          8.0019         19.0000         21.0000          2.0000          1.6743
   72          8.0019         20.0000         21.0000          2.0000          1.7837
   74          8.0019         18.0000         21.0000          3.0000          2.0161
   75          8.0019         19.0000         21.0000          3.0000          2.0169
   76          8.0019         20.0000         21.0000          3.0000          2.1029
   78          8.0019         18.0000         21.0000          4.0000          2.4249
   79          8.0019         19.0000         21.0000          4.0000          2.4255
   80          8.0019         20.0000         21.0000          4.0000          2.4947
   66          8.0019         18.0000         21.0000          1.0000          1.4090
   67          8.0019         19.0000         21.0000          1.0000          1.4097
   68          8.0019         20.0000         21.0000          1.0000          1.5303
   70          8.0019         18.0000         21.0000          2.0000          1.6728
   71          8.0019         19.0000         21.0000          2.0000          1.6736
   72          8.0019         20.0000         21.0000          2.0000          1.7830
   74          8.0019         18.0000         21.0000          3.0000          2.0156
   75          8.0019         19.0000         21.0000          3.0000          2.0164
   76          8.0019         20.0000         21.0000          3.0000          2.1023
   78          8.0019         18.0000         21.0000          4.0000          2.4245
   79          8.0019         19.0000         21.0000          4.0000          2.4251
   80          8.0019         20.0000         21.0000          4.0000          2.4944
   66          8.0019         18.0000         21.0000          1.0000          1.4082
   67          8.0019         19.0000         21.0000          1.0000          1.4088
   68          8.0019         20.0000         21.0000          1.0000          1.5295
   70          8.0019         18.0000         21.0000          2.0000          1.6721
   71          8.0019         19.0000         21.0000          2.0000          1.6729
   72          8.0019         20.0000         21.0000          2.0000          1.7824
   74          8.0019         18.0000         21.0000          3.0000          2.0150
   75          8.0019         19.0000         21.0000          3.0000          2.0158
   76          8.0019         20.0000         21.0000          3.0000          2.1018
   78          8.0019         18.0000         21.0000          4.0000          2.4241
   79          8.0019         19.0000         21.0000          4.0000          2.4247
   80          8.0019         20.0000         21.0000          4.0000          2.4940
   66          9.0076         18.0000         21.0000          1.0000         15.4751
   67          9.0076         19.0000         21.0000          1.0000         15.4681
   68          9.0076         20.0000         21.0000          1.0000         16.0676
   70          9.0076         18.0000         21.0000          2.0000         16.7193
   71          9.0076         19.0000         21.0000          2.0000         16.7106
   72          9.0076         20.0000         21.0000          2.0000         17.2556
   74          9.0076         18.0000         21.0000          3.0000         18.3963
   75          9.0076         19.0000         21.0000          3.0000         18.3851
   76          9.0076         20.0000         21.0000          3.0000         18.8111
   78          9.0076         18.0000         21.0000          4.0000         20.4268
   79          9.0076         19.0000         21.0000          4.0000         20.4144
   80          9.0076         20.0000         21.0000          4.0000         20.7552
   66          9.0076         18.0000         21.0000          1.0000         15.4693
   67          9.0076         19.0000         21.0000          1.0000         15.4622
   68          9.0076         20.0000         21.0000          1.0000         16.0623
   70          9.0076         18.0000         21.0000          2.0000         16.7145
   71          9.0076         19.0000         21.0000          2.0000         16.7057
   72          9.0076         20.0000         21.0000          2.0000         17.2512
   74          9.0076         18.0000         21.0000          3.0000         18.3925
   75          9.0076         19.0000         21.0000          3.0000         18.3812
   76          9.0076         20.0000         21.0000          3.0000         18.8075
   78          9.0076         18.0000         21.0000          4.0000         20.4239
   79          9.0076         19.0000         21.0000          4.0000         20.4116
   80          9.0076         20.0000         21.0000          4.0000         20.7526
   66          9.0076         18.0000         21.0000          1.0000         15.4634
   67          9.0076         19.0000         21.0000          1.0000         15.4562
   68          9.0076         20.0000         21.0000          1.0000         16.0570
   70          9.0076         18.0000         21.0000          2.0000         16.7096
   71          9.0076         19.0000         21.0000          2.0000         16.7009
   72          9.0076         20.0000         21.0000          2.0000         17.2468
   74          9.0076         18.0000         21.0000          3.0000         18.3886
   75          9.0076         19.0000         21.0000          3.0000         18.3773
   76          9.0076         20.0000         21.0000          3.0000         18.8040
   78          9.0076         18.0000         21.0000          4.0000         20.4211
   79          9.0076         19.0000         21.0000          4.0000         20.4088
   80          9.0076         20.0000         21.0000          4.0000         20.7499
   66         10.0019         18.0000         21.0000          1.0000         29.1046
   67         10.0019         19.0000         21.0000          1.0000         29.0608
   68         10.0019         20.0000         21.0000          1.0000         30.0615
   70         10.0019         18.0000         21.0000          2.0000         31.1349
   71         10.0019         19.0000         21.0000          2.0000         31.0844
   72         10.0019         20.0000         21.0000          2.0000         31.9878
   74         10.0019         18.0000         21.0000          3.0000         33.9090
   75         10.0019         19.0000         21.0000          3.0000         33.8563
   76         10.0019         20.0000         21.0000          3.0000         34.5608
   78         10.0019         18.0000         21.0000          4.0000         37.3009
   79         10.0019         19.0000         21.0000          4.0000         37.2520
   80         10.0019         20.0000         21.0000          4.0000         37.8151
   66         10.0019         18.0000         21.0000          1.0000         29.0926
   67         10.0019         19.0000         21.0000          1.0000         29.0486
   68         10.0019         20.0000         21.0000          1.0000         30.0506
   70         10.0019         18.0000         21.0000          2.0000         31.1249
   71         10.0019         19.0000         21.0000          2.0000         31.0744
   72         10.0019         20.0000         21.0000          2.0000         31.9787
   74         10.0019         18.0000         21.0000          3.0000         33.9010
   75         10.0019         19.0000         21.0000          3.0000         33.8483
   76         10.0019         20.0000         21.0000          3.0000         34.5535
   78         10.0019         18.0000         21.0000          4.0000         37.2951
   79         10.0019         19.0000         21.0000          4.0000         37.2462
   80         10.0019         20.0000         21.0000          4.0000         37.8097
   66         10.0019         18.0000         21.0000          1.0000         29.0805
   67         10.0019         19.0000         21.0000          1.0000         29.0363
   68         10.0019         20.0000         21.0000          1.0000         30.0396
   70         10.0019         18.0000         21.0000          2.0000         31.1149
   71         10.0019         19.0000         21.0000          2.0000         31.0643
   72         10.0019         20.0000         21.0000          2.0000         31.9696
   74         10.0019         18.0000         21.0000          3.0000         33.8931
   75         10.0019         19.0000         21.0000          3.0000         33.8403
   76         10.0019         20.0000         21.0000          3.0000         34.5462
   78         10.0019         18.0000         21.0000          4.0000         37.2892
   79         10.0019         19.0000         21.0000          4.0000         37.2403
   80         10.0019         20.0000         21.0000          4.0000         37.8043
   66         11.0003         18.0000         21.0000          1.0000         31.8052
   67         11.0003         19.0000         21.0000          1.0000         31.7703
   68         11.0003         20.0000         21.0000          1.0000         33.2607
   70         11.0003         18.0000         21.0000          2.0000         34.8764
   71         11.0003         19.0000         21.0000          2.0000         34.8370
   72         11.0003         20.0000         21.0000          2.0000         36.1986
   74         11.0003         18.0000         21.0000          3.0000         38.9982
   75         11.0003         19.0000         21.0000          3.0000         38.9574
   76         11.0003         20.0000         21.0000          3.0000         40.0297
   78         11.0003         18.0000         21.0000          4.0000         44.0032
   79         11.0003         19.0000         21.0000          4.0000         43.9614
   80         11.0003         20.0000         21.0000          4.0000         44.8244
   66         11.0003         18.0000         21.0000          1.0000         31.7893
   67         11.0003         19.0000         21.0000          1.0000         31.7541
   68         11.0003         20.0000         21.0000          1.0000         33.2463
   70         11.0003         18.0000         21.0000          2.0000         34.8633
   71         11.0003         19.0000         21.0000          2.0000         34.8238
   72         11.0003         20.0000         21.0000          2.0000         36.1866
   74         11.0003         18.0000         21.0000          3.0000         38.9877
   75         11.0003         19.0000         21.0000          3.0000         38.9469
   76         11.0003         20.0000         21.0000          3.0000         40.0201
   78         11.0003         18.0000         21.0000          4.0000         43.9955
   79         11.0003         19.0000         21.0000          4.0000         43.9538
   80         11.0003         20.0000         21.0000          4.0000         44.8173
   66         11.0003         18.0000         21.0000          1.0000         31.7735
   67         11.0003         19.0000         21.0000          1.0000         31.7379
   68         11.0003         20.0000         21.0000          1.0000         33.2319
   70         11.0003         18.0000         21.0000          2.0000         34.8502
   71         11.0003         19.0000         21.0000          2.0000         34.8106
   72         11.0003         20.0000         21.0000          2.0000         36.1747
   74         11.0003         18.0000         21.0000          3.0000         38.9773
   75         11.0003         19.0000         21.0000          3.0000         38.9364
   76         11.0003         20.0000         21.0000          3.0000         40.0104
   78         11.0003         18.0000         21.0000          4.0000         43.9879
   79         11.0003         19.0000         21.0000          4.0000         43.9461
   80         11.0003         20.0000         21.0000          4.0000         44.8102
   66         12.0013         18.0000         21.0000          1.0000         42.8066
   67         12.0013         19.0000         21.0000          1.0000         42.8757
   68         12.0013         20.0000         21.0000          1.0000         44.5136
   70         12.0013         18.0000         21.0000          2.0000         45.8628
   71         12.0013         19.0000         21.0000          2.0000         45.9348
   72         12.0013         20.0000         21.0000          2.0000         47.4274
   74         12.0013         18.0000         21.0000          3.0000         50.0846
   75         12.0013         19.0000         21.0000          3.0000         50.1516
   76         12.0013         20.0000         21.0000          3.0000         51.3446
   78         12.0013         18.0000         21.0000          4.0000         55.2865
   79         12.0013         19.0000         21.0000          4.0000         55.3548
   80         12.0013         20.0000         21.0000          4.0000         56.3198
   66         12.0013         18.0000         21.0000          1.0000         42.7864
   67         12.0013         19.0000         21.0000          1.0000         42.8550
   68         12.0013         20.0000         21.0000          1.0000         44.4951
   70         12.0013         18.0000         21.0000          2.0000         45.8462
   71         12.0013         19.0000         21.0000          2.0000         45.9179
   72         12.0013         20.0000         21.0000          2.0000         47.4121
   74         12.0013         18.0000         21.0000          3.0000         50.0715
   75         12.0013         19.0000         21.0000          3.0000         50.1383
   76         12.0013         20.0000         21.0000          3.0000         51.3323
   78         12.0013         18.0000         21.0000          4.0000         55.2769
   79         12.0013         19.0000         21.0000          4.0000         55.3450
   80         12.0013         20.0000         21.0000          4.0000         56.3108
   66         12.0013         18.0000         21.0000          1.0000         42.7662
   67         12.0013         19.0000         21.0000          1.0000         42.8342
   68         12.0013         20.0000         21.0000          1.0000         44.4766
   70         12.0013         18.0000         21.0000          2.0000         45.8296
   71         12.0013         19.0000         21.0000          2.0000         45.9010
   72         12.0013         20.0000         21.0000          2.0000         47.3968
   74         12.0013         18.0000         21.0000          3.0000         50.0583
   75         12.0013         19.0000         21.0000          3.0000         50.1249
   76         12.0013         20.0000         21.0000          3.0000         51.3200
   78         12.0013         18.0000         21.0000          4.0000         55.2672
   79         12.0013         19.0000         21.0000          4.0000         55.3353
   80         12.0013         20.0000         21.0000          4.0000         56.3017
   66         12.0013         18.0000         21.0000          1.0000         42.7459
   67         12.0013         19.0000         21.0000          1.0000         42.8134
   68         12.0013         20.0000         21.0000          1.0000         44.4581
   70         12.0013         18.0000         21.0000          2.0000         45.8130
   71         12.0013         19.0000         21.0000          2.0000         45.8841
   72         12.0013         20.0000         21.0000          2.0000         47.3815
   74         12.0013         18.0000         21.0000          3.0000         50.0451
   75         12.0013         19.0000         21.0000          3.0000         50.1116
   76         12.0013         20.0000         21.0000          3.0000         51.3076
   78         12.0013         18.0000         21.0000          4.0000         55.2576
   79         12.0013         19.0000         21.0000          4.0000         55.3255
   80         12.0013         20.0000         21.0000          4.0000         56.2926
   66         13.0030         18.0000         21.0000          1.0000         47.2554
   67         13.0030         19.0000         21.0000          1.0000         47.3157
   68         13.0030         20.0000         21.0000          1.0000         48.9268
   70         13.0030         18.0000         21.0000          2.0000         50.1510
   71         13.0030         19.0000         21.0000          2.0000         50.2150
   72         13.0030         20.0000         21.0000          2.0000         51.6935
   74         13.0030         18.0000         21.0000          3.0000         54.2140
   75         13.0030         19.0000         21.0000          3.0000         54.2796
   76         13.0030         20.0000         21.0000          3.0000         55.4694
   78         13.0030         18.0000         21.0000          4.0000         59.2771
   79         13.0030         19.0000         21.0000          4.0000         59.3395
   80         13.0030         20.0000         21.0000          4.0000         60.3031
   66         13.0030         18.0000         21.0000          1.0000         47.2335
   67         13.0030         19.0000         21.0000          1.0000         47.2932
   68         13.0030         20.0000         21.0000          1.0000         48.9068
   70         13.0030         18.0000         21.0000          2.0000         50.1331
   71         13.0030         19.0000         21.0000          2.0000         50.1968
   72         13.0030         20.0000         21.0000          2.0000         51.6771
   74         13.0030         18.0000         21.0000          3.0000         54.1998
   75         13.0030         19.0000         21.0000          3.0000         54.2652
   76         13.0030         20.0000         21.0000          3.0000         55.4562
   78         13.0030         18.0000         21.0000          4.0000         59.2667
   79         13.0030         19.0000         21.0000          4.0000         59.3290
   80         13.0030         20.0000         21.0000          4.0000         60.2933
   66         13.0030         18.0000         21.0000          1.0000         47.2116
   67         13.0030         19.0000         21.0000          1.0000         47.2707
   68         13.0030         20.0000         21.0000          1.0000         48.8868
   70         13.0030         18.0000         21.0000          2.0000         50.1152
   71         13.0030         19.0000         21.0000          2.0000         50.1786
   72         13.0030         20.0000         21.0000          2.0000         51.6606
   74         13.0030         18.0000         21.0000          3.0000         54.1856
   75         13.0030         19.0000         21.0000          3.0000         54.2509
   76         13.0030         20.0000         21.0000          3.0000         55.4429
   78         13.0030         18.0000         21.0000          4.0000         59.2563
   79         13.0030         19.0000         21.0000          4.0000         59.3185
   80         13.0030         20.0000         21.0000          4.0000         60.2836
   66         14.0008         18.0000         21.0000          1.0000         35.5543
   67         14.0008         19.0000         21.0000          1.0000         35.5896
   68         14.0008         20.0000         21.0000          1.0000         37.3452
   70         14.0008         18.0000         21.0000          2.0000         39.0371
   71         14.0008         19.0000         21.0000          2.0000         39.0744
   72         14.0008         20.0000         21.0000          2.0000         40.6835
   74         14.0008         18.0000         21.0000          3.0000         43.7316
   75         14.0008         19.0000         21.0000          3.0000         43.7692
   76         14.0008         20.0000         21.0000          3.0000         45.0534
   78         14.0008         18.0000         21.0000          4.0000         49.4547
   79         14.0008         19.0000         21.0000          4.0000         49.4885
   80         14.0008         20.0000         21.0000          4.0000         50.5276
   66         14.0008         18.0000         21.0000          1.0000         35.5360
   67         14.0008         19.0000         21.0000          1.0000         35.5708
   68         14.0008         20.0000         21.0000          1.0000         37.3285
   70         14.0008         18.0000         21.0000          2.0000         39.0221
   71         14.0008         19.0000         21.0000          2.0000         39.0591
   72         14.0008         20.0000         21.0000          2.0000         40.6697
   74         14.0008         18.0000         21.0000          3.0000         43.7196
   75         14.0008         19.0000         21.0000          3.0000         43.7571
   76         14.0008         20.0000         21.0000          3.0000         45.0423
   78         14.0008         18.0000         21.0000          4.0000         49.4460
   79         14.0008         19.0000         21.0000          4.0000         49.4797
   80         14.0008         20.0000         21.0000          4.0000         50.5194
   66         14.0008         18.0000         21.0000          1.0000         35.5177
   67         14.0008         19.0000         21.0000          1.0000         35.5520
   68         14.0008         20.0000         21.0000          1.0000         37.3118
   70         14.0008         18.0000         21.0000          2.0000         39.0071
   71         14.0008         19.0000         21.0000          2.0000         39.0438
   72         14.0008         20.0000         21.0000          2.0000         40.6558
   74         14.0008         18.0000         21.0000          3.0000         43.7077
   75         14.0008         19.0000         21.0000          3.0000         43.7450
   76         14.0008         20.0000         21.0000          3.0000         45.0311
   78         14.0008         18.0000         21.0000          4.0000         49.4372
   79         14.0008         19.0000         21.0000          4.0000         49.4709
   80         14.0008         20.0000         21.0000          4.0000         50.5112
   66         14.0008         18.0000         21.0000          1.0000         35.4993
   67         14.0008         19.0000         21.0000          1.0000         35.5332
   68         14.0008         20.0000         21.0000          1.0000         37.2951
   70         14.0008         18.0000         21.0000          2.0000         38.9921
   71         14.0008         19.0000         21.0000          2.0000         39.0286
   72         14.0008         20.0000         21.0000          2.0000         40.6420
   74         14.0008         18.0000         21.0000          3.0000         43.6958
   75         14.0008         19.0000         21.0000          3.0000         43.7330
   76         14.0008         20.0000         21.0000          3.0000         45.0200
   78         14.0008         18.0000         21.0000          4.0000         49.4285
   79         14.0008         19.0000         21.0000          4.0000         49.4621
   80         14.0008         20.0000         21.0000          4.0000         50.5030
   66         15.0009         18.0000         21.0000          1.0000         45.8801
   67         15.0009         19.0000         21.0000          1.0000         45.9556
   68         15.0009         20.0000         21.0000          1.0000         47.4726
   70         15.0009         18.0000         21.0000          2.0000         48.5908
   71         15.0009         19.0000         21.0000          2.0000         48.6694
   72         15.0009         20.0000         21.0000          2.0000         50.0568
   74         15.0009         18.0000         21.0000          3.0000         52.3972
   75         15.0009         19.0000         21.0000          3.0000         52.4735
   76         15.0009         20.0000         21.0000          3.0000         53.5890
   78         15.0009         18.0000         21.0000          4.0000         57.1339
   79         15.0009         19.0000         21.0000          4.0000         57.2096
   80         15.0009         20.0000         21.0000          4.0000         58.1133
   66         15.0009         18.0000         21.0000          1.0000         45.8591
   67         15.0009         19.0000         21.0000          1.0000         45.9340
   68         15.0009         20.0000         21.0000          1.0000         47.4534
   70         15.0009         18.0000         21.0000          2.0000         48.5736
   71         15.0009         19.0000         21.0000          2.0000         48.6518
   72         15.0009         20.0000         21.0000          2.0000         50.0409
   74         15.0009         18.0000         21.0000          3.0000         52.3835
   75         15.0009         19.0000         21.0000          3.0000         52.4596
   76         15.0009         20.0000         21.0000          3.0000         53.5761
   78         15.0009         18.0000         21.0000          4.0000         57.1239
   79         15.0009         19.0000         21.0000          4.0000         57.1994
   80         15.0009         20.0000         21.0000          4.0000         58.1039
   66         15.0009         18.0000         21.0000          1.0000         45.8381
   67         15.0009         19.0000         21.0000          1.0000         45.9124
   68         15.0009         20.0000         21.0000          1.0000         47.4341
   70         15.0009         18.0000         21.0000          2.0000         48.5563
   71         15.0009         19.0000         21.0000          2.0000         48.6343
   72         15.0009         20.0000         21.0000          2.0000         50.0250
   74         15.0009         18.0000         21.0000          3.0000         52.3698
   75         15.0009         19.0000         21.0000          3.0000         52.4458
   76         15.0009         20.0000         21.0000          3.0000         53.5633
   78         15.0009         18.0000         21.0000          4.0000         57.1139
   79         15.0009         19.0000         21.0000          4.0000         57.1893
   80         15.0009         20.0000         21.0000          4.0000         58.0944
   66         15.0022         18.0000         21.0000          1.0000         45.8739
   67         15.0022         19.0000         21.0000          1.0000         45.9494
   68         15.0022         20.0000         21.0000          1.0000         47.4662
   70         15.0022         18.0000         21.0000          2.0000         48.5841
   71         15.0022         19.0000         21.0000          2.0000         48.6628
   72         15.0022         20.0000         21.0000          2.0000         50.0500
   74         15.0022         18.0000         21.0000          3.0000         52.3899
   75         15.0022         19.0000         21.0000          3.0000         52.4663
   76         15.0022         20.0000         21.0000          3.0000         53.5816
   78         15.0022         18.0000         21.0000          4.0000         57.1259
   79         15.0022         19.0000         21.0000          4.0000         57.2016
   80         15.0022         20.0000         21.0000          4.0000         58.1052
   66         15.0022         18.0000         21.0000          1.0000         45.8529
   67         15.0022         19.0000         21.0000          1.0000         45.9278
   68         15.0022         20.0000         21.0000          1.0000         47.4469
   70         15.0022         18.0000         21.0000          2.0000         48.5669
   71         15.0022         19.0000         21.0000          2.0000         48.6452
   72         15.0022         20.0000         21.0000          2.0000         50.0341
   74         15.0022         18.0000         21.0000          3.0000         52.3762
   75         15.0022         19.0000         21.0000          3.0000         52.4524
   76         15.0022         20.0000         21.0000          3.0000         53.5688
   78         15.0022         18.0000         21.0000          4.0000         57.1159
   79         15.0022         19.0000         21.0000          4.0000         57.1915
   80         15.0022         20.0000         21.0000          4.0000         58.0957
   66         15.0022         18.0000         21.0000          1.0000         45.8318
   67         15.0022         19.0000         21.0000          1.0000         45.9062
   68         15.0022         20.0000         21.0000          1.0000         47.4277
   70         15.0022         18.0000         21.0000          2.0000         48.5497
   71         15.0022         19.0000         21.0000          2.0000         48.6277
   72         15.0022         20.0000         21.0000          2.0000         50.0182
   74         15.0022         18.0000         21.0000          3.0000         52.3626
   75         15.0022         19.0000         21.0000          3.0000         52.4386
   76         15.0022         20.0000         21.0000          3.0000         53.5559
   78         15.0022         18.0000         21.0000          4.0000         57.1059
   79         15.0022         19.0000         21.0000          4.0000         57.1813
   80         15.0022         20.0000         21.0000          4.0000         58.0863
   66         16.0012         18.0000         21.0000          1.0000         40.8527
   67         16.0012         19.0000         21.0000          1.0000         40.9446
   68         16.0012         20.0000         21.0000          1.0000         42.2630
   70         16.0012         18.0000         21.0000          2.0000         43.2152
   71         16.0012         19.0000         21.0000          2.0000         43.3113
   72         16.0012         20.0000         21.0000          2.0000         44.5130
   74         16.0012         18.0000         21.0000          3.0000         46.5244
   75         16.0012         19.0000         21.0000          3.0000         46.6212
   76         16.0012         20.0000         21.0000          3.0000         47.5801
   78         16.0012         18.0000         21.0000          4.0000         50.6310
   79         16.0012         19.0000         21.0000          4.0000         50.7221
   80         16.0012         20.0000         21.0000          4.0000         51.5039
   66         16.0012         18.0000         21.0000          1.0000         40.8347
   67         16.0012         19.0000         21.0000          1.0000         40.9261
   68         16.0012         20.0000         21.0000          1.0000         42.2465
   70         16.0012         18.0000         21.0000          2.0000         43.2004
   71         16.0012         19.0000         21.0000          2.0000         43.2962
   72         16.0012         20.0000         21.0000          2.0000         44.4993
   74         16.0012         18.0000         21.0000          3.0000         46.5126
   75         16.0012         19.0000         21.0000          3.0000         46.6092
   76         16.0012         20.0000         21.0000          3.0000         47.5690
   78         16.0012         18.0000         21.0000          4.0000         50.6224
   79         16.0012         19.0000         21.0000          4.0000         50.7134
   80         16.0012         20.0000         21.0000          4.0000         51.4957
   66         16.0012         18.0000         21.0000          1.0000         40.8167
   67         16.0012         19.0000         21.0000          1.0000         40.9076
   68         16.0012         20.0000         21.0000          1.0000         42.2300
   70         16.0012         18.0000         21.0000          2.0000         43.1856
   71         16.0012         19.0000         21.0000          2.0000         43.2811
   72         16.0012         20.0000         21.0000          2.0000         44.4855
   74         16.0012         18.0000         21.0000          3.0000         46.5008
   75         16.0012         19.0000         21.0000          3.0000         46.5972
   76         16.0012         20.0000         21.0000          3.0000         47.5579
   78         16.0012         18.0000         21.0000          4.0000         50.6138
   79         16.0012         19.0000         21.0000          4.0000         50.7046
   80         16.0012         20.0000         21.0000          4.0000         51.4875
   66         17.0023         18.0000         21.0000          1.0000         20.4364
   67         17.0023         19.0000         21.0000          1.0000         20.4720
   68         17.0023         20.0000         21.0000          1.0000         21.5571
   70         17.0023         18.0000         21.0000          2.0000         22.6566
   71         17.0023         19.0000         21.0000          2.0000         22.6947
   72         17.0023         20.0000         21.0000          2.0000         23.6818
   74         17.0023         18.0000         21.0000          3.0000         25.6153
   75         17.0023         19.0000         21.0000          3.0000         25.6540
   76         17.0023         20.0000         21.0000          3.0000         26.4335
   78         17.0023         18.0000         21.0000          4.0000         29.1933
   79         17.0023         19.0000         21.0000          4.0000         29.2272
   80         17.0023         20.0000         21.0000          4.0000         29.8580
   66         17.0023         18.0000         21.0000          1.0000         20.4264
   67         17.0023         19.0000         21.0000          1.0000         20.4617
   68         17.0023         20.0000         21.0000          1.0000         21.5479
   70         17.0023         18.0000         21.0000          2.0000         22.6483
   71         17.0023         19.0000         21.0000          2.0000         22.6863
   72         17.0023         20.0000         21.0000          2.0000         23.6742
   74         17.0023         18.0000         21.0000          3.0000         25.6087
   75         17.0023         19.0000         21.0000          3.0000         25.6473
   76         17.0023         20.0000         21.0000          3.0000         26.4274
   78         17.0023         18.0000         21.0000          4.0000         29.1885
   79         17.0023         19.0000         21.0000          4.0000         29.2224
   80         17.0023         20.0000         21.0000          4.0000         29.8535
   66         17.0023         18.0000         21.0000          1.0000         20.4165
   67         17.0023         19.0000         21.0000          1.0000         20.4515
   68         17.0023         20.0000         21.0000          1.0000         21.5388
   70         17.0023         18.0000         21.0000          2.0000         22.6401
   71         17.0023         19.0000         21.0000          2.0000         22.6779
   72         17.0023         20.0000         21.0000          2.0000         23.6666
   74         17.0023         18.0000         21.0000          3.0000         25.6022
   75         17.0023         19.0000         21.0000          3.0000         25.6407
   76         17.0023         20.0000         21.0000          3.0000         26.4212
   78         17.0023         18.0000         21.0000          4.0000         29.1837
   79         17.0023         19.0000         21.0000          4.0000         29.2175
   80         17.0023         20.0000         21.0000          4.0000         29.8490
   66         17.0023         18.0000         21.0000          1.0000         20.4065
   67         17.0023         19.0000         21.0000          1.0000         20.4413
   68         17.0023         20.0000         21.0000          1.0000         21.5297
   70         17.0023         18.0000         21.0000          2.0000         22.6319
   71         17.0023         19.0000         21.0000          2.0000         22.6696
   72         17.0023         20.0000         21.0000          2.0000         23.6590
   74         17.0023         18.0000         21.0000          3.0000         25.5956
   75         17.0023         19.0000         21.0000          3.0000         25.6340
   76         17.0023         20.0000         21.0000          3.0000         26.4151
   78         17.0023         18.0000         21.0000          4.0000         29.1789
   79         17.0023         19.0000         21.0000          4.0000         29.2127
   80         17.0023         20.0000         21.0000          4.0000         29.8445
   66         18.0008         18.0000         21.0000          1.0000         16.7639
   67         18.0008         19.0000         21.0000          1.0000         16.7856
   68         18.0008         20.0000         21.0000          1.0000         17.4587
   70         18.0008         18.0000         21.0000          2.0000         18.1276
   71         18.0008         19.0000         21.0000          2.0000         18.1510
   72         18.0008         20.0000         21.0000          2.0000         18.7638
   74         18.0008         18.0000         21.0000          3.0000         19.9580
   75         18.0008         19.0000         21.0000          3.0000         19.9822
   76         18.0008         20.0000         21.0000          3.0000         20.4672
   78         18.0008         18.0000         21.0000          4.0000         22.1774
   79         18.0008         19.0000         21.0000          4.0000         22.1990
   80         18.0008         20.0000         21.0000          4.0000         22.5925
   66         18.0008         18.0000         21.0000          1.0000         16.7575
   67         18.0008         19.0000         21.0000          1.0000         16.7790
   68         18.0008         20.0000         21.0000          1.0000         17.4528
   70         18.0008         18.0000         21.0000          2.0000         18.1222
   71         18.0008         19.0000         21.0000          2.0000         18.1456
   72         18.0008         20.0000         21.0000          2.0000         18.7588
   74         18.0008         18.0000         21.0000          3.0000         19.9538
   75         18.0008         19.0000         21.0000          3.0000         19.9779
   76         18.0008         20.0000         21.0000          3.0000         20.4632
   78         18.0008         18.0000         21.0000          4.0000         22.1743
   79         18.0008         19.0000         21.0000          4.0000         22.1958
   80         18.0008         20.0000         21.0000          4.0000         22.5896
   66         18.0008         18.0000         21.0000          1.0000         16.7510
   67         18.0008         19.0000         21.0000          1.0000         16.7724
   68         18.0008         20.0000         21.0000          1.0000         17.4469
   70         18.0008         18.0000         21.0000          2.0000         18.1169
   71         18.0008         19.0000         21.0000          2.0000         18.1401
   72         18.0008         20.0000         21.0000          2.0000         18.7539
   74         18.0008         18.0000         21.0000          3.0000         19.9495
   75         18.0008         19.0000         21.0000          3.0000         19.9736
   76         18.0008         20.0000         21.0000          3.0000         20.4592
   78         18.0008         18.0000         21.0000          4.0000         22.1712
   79         18.0008         19.0000         21.0000          4.0000         22.1927
   80         18.0008         20.0000         21.0000          4.0000         22.5866
   66         19.0009         18.0000         21.0000          1.0000          2.9699
   67         19.0009         19.0000         21.0000          1.0000          2.9717
   68         19.0009         20.0000         21.0000          1.0000          3.1614
   70         19.0009         18.0000         21.0000          2.0000          3.3816
   71         19.0009         19.0000         21.0000          2.0000          3.3836
   72         19.0009         20.0000         21.0000          2.0000          3.5558
   74         19.0009         18.0000         21.0000          3.0000          3.9192
   75         19.0009         19.0000         21.0000          3.0000          3.9214
   76         19.0009         20.0000         21.0000          3.0000          4.0569
   78         19.0009         18.0000         21.0000          4.0000          4.5613
   79         19.0009         19.0000         21.0000          4.0000          4.5632
   80         19.0009         20.0000         21.0000          4.0000          4.6725
   66         19.0009         18.0000         21.0000          1.0000          2.9685
   67         19.0009         19.0000         21.0000          1.0000          2.9703
   68         19.0009         20.0000         21.0000          1.0000          3.1601
   70         19.0009         18.0000         21.0000          2.0000          3.3804
   71         19.0009         19.0000         21.0000          2.0000          3.3825
   72         19.0009         20.0000         21.0000          2.0000          3.5548
   74         19.0009         18.0000         21.0000          3.0000          3.9182
   75         19.0009         19.0000         21.0000          3.0000          3.9205
   76         19.0009         20.0000         21.0000          3.0000          4.0560
   78         19.0009         18.0000         21.0000          4.0000          4.5606
   79         19.0009         19.0000         21.0000          4.0000          4.5625
   80         19.0009         20.0000         21.0000          4.0000          4.6719
   66         19.0009         18.0000         21.0000          1.0000          2.9671
   67         19.0009         19.0000         21.0000          1.0000          2.9688
   68         19.0009         20.0000         21.0000          1.0000          3.1588
   70         19.0009         18.0000         21.0000          2.0000          3.3792
   71         19.0009         19.0000         21.0000          2.0000          3.3813
   72         19.0009         20.0000         21.0000          2.0000          3.5537
   74         19.0009         18.0000         21.0000          3.0000          3.9173
   75         19.0009         19.0000         21.0000          3.0000          3.9195
   76         19.0009         20.0000         21.0000          3.0000          4.0551
   78         19.0009         18.0000         21.0000          4.0000          4.5600
   79         19.0009         19.0000         21.0000          4.0000          4.5618
   80         19.0009         20.0000         21.0000          4.0000          4.6713
   66         20.0012         18.0000         21.0000          1.0000          0.0000
   67         20.0012         19.0000         21.0000          1.0000          0.0000
   68         20.0012         20.0000         21.0000          1.0000          0.0000
   70         20.0012         18.0000         21.0000          2.0000          0.0000
   71         20.0012         19.0000         21.0000          2.0000          0.0000
   72         20.0012         20.0000         21.0000          2.0000          0.0000
   74         20.0012         18.0000         21.0000          3.0000          0.0000
   75         20.0012         19.0000         21.0000          3.0000          0.0000
   76         20.0012         20.0000         21.0000          3.0000          0.0000
   78         20.0012         18.0000         21.0000          4.0000          0.0000
   79         20.0012         19.0000         21.0000          4.0000          0.0000
   80         20.0012         20.0000         21.0000          4.0000          0.0000
   66         20.0012         18.0000         21.0000          1.0000          0.0000
   67         20.0012         19.0000         21.0000          1.0000          0.0000
   68         20.0012         20.0000         21.0000          1.0000          0.0000
   70         20.0012         18.0000         21.0000          2.0000          0.0000
   71         20.0012         19.0000         21.0000          2.0000          0.0000
   72         20.0012         20.0000         21.0000          2.0000          0.0000
   74         20.0012         18.0000         21.0000          3.0000          0.0000
   75         20.0012         19.0000         21.0000          3.0000          0.0000
   76         20.0012         20.0000         21.0000          3.0000          0.0000
   78         20.0012         18.0000         21.0000          4.0000          0.0000
   79         20.0012         19.0000         21.0000          4.0000          0.0000
   80         20.0012         20.0000         21.0000          4.0000          0.0000
   66         20.0012         18.0000         21.0000          1.0000          0.0000
   67         20.0012         19.0000         21.0000          1.0000          0.0000
   68         20.0012         20.0000         21.0000          1.0000          0.0000
   70         20.0012         18.0000         21.0000          2.0000          0.0000
   71         20.0012         19.0000         21.0000          2.0000          0.0000
   72         20.0012         20.0000         21.0000          2.0000          0.0000
   74         20.0012         18.0000         21.0000          3.0000          0.0000
   75         20.0012         19.0000         21.0000          3.0000          0.0000
   76         20.0012         20.0000         21.0000          3.0000          0.0000
   78         20.0012         18.0000         21.0000          4.0000          0.0000
   79         20.0012         19.0000         21.0000          4.0000          0.0000
   80         20.0012         20.0000         21.0000          4.0000          0.0000
   66         21.0061         18.0000         21.0000          1.0000          0.0000
   67         21.0061         19.0000         21.0000          1.0000          0.0000
   68         21.0061         20.0000         21.0000          1.0000          0.0000
   70         21.0061         18.0000         21.0000          2.0000          0.0000
   71         21.0061         19.0000         21.0000          2.0000          0.0000
   72         21.0061         20.0000         21.0000          2.0000          0.0000
   74         21.0061         18.0000         21.0000          3.0000          0.0000
   75         21.0061         19.0000         21.0000          3.0000          0.0000
   76         21.0061         20.0000         21.0000          3.0000          0.0000
   78         21.0061         18.0000         21.0000          4.0000          0.0000
   79         21.0061         19.0000         21.0000          4.0000          0.0000
   80         21.0061         20.0000         21.0000          4.0000          0.0000
   66         21.0061         18.0000         21.0000          1.0000          0.0000
   67         21.0061         19.0000         21.0000          1.0000          0.0000
   68         21.0061         20.0000         21.0000          1.0000          0.0000
   70         21.0061         18.0000         21.0000          2.0000          0.0000
   71         21.0061         19.0000         21.0000          2.0000          0.0000
   72         21.0061         20.0000         21.0000          2.0000          0.0000
   74         21.0061         18.0000         21.0000          3.0000          0.0000
   75         21.0061         19.0000         21.0000          3.0000          0.0000
   76         21.0061         20.0000         21.0000          3.0000          0.0000
   78         21.0061         18.0000         21.0000          4.0000          0.0000
   79         21.0061         19.0000         21.0000          4.0000          0.0000
   80         21.0061         20.0000         21.0000          4.0000          0.0000
   66         21.0061         18.0000         21.0000          1.0000          0.0000
   67         21.0061         19.0000         21.0000          1.0000          0.0000
   68         21.0061         20.0000         21.0000          1.0000          0.0000
   70         21.0061         18.0000         21.0000          2.0000          0.0000
   71         21.0061         19.0000         21.0000          2.0000          0.0000
   72         21.0061         20.0000         21.0000          2.0000          0.0000
   74         21.0061         18.0000         21.0000          3.0000          0.0000
   75         21.0061         19.0000         21.0000          3.0000          0.0000
   76         21.0061         20.0000         21.0000          3.0000          0.0000
   78         21.0061         18.0000         21.0000          4.0000          0.0000
   79         21.0061         19.0000         21.0000          4.0000          0.0000
   80         21.0061         20.0000         21.0000          4.0000          0.0000
   66         22.0079         18.0000         21.0000          1.0000          0.0000
   67         22.0079         19.0000         21.0000          1.0000          0.0000
   68         22.0079         20.0000         21.0000          1.0000          0.0000
   70         22.0079         18.0000         21.0000          2.0000          0.0000
   71         22.0079         19.0000         21.0000          2.0000          0.0000
   72         22.0079         20.0000         21.0000          2.0000          0.0000
   74         22.0079         18.0000         21.0000          3.0000          0.0000
   75         22.0079         19.0000         21.0000          3.0000          0.0000
   76         22.0079         20.0000         21.0000          3.0000          0.0000
   78         22.0079         18.0000         21.0000          4.0000          0.0000
   79         22.0079         19.0000         21.0000          4.0000          0.0000
   80         22.0079         20.0000         21.0000          4.0000          0.0000
   66         22.0079         18.0000         21.0000          1.0000          0.0000
   67         22.0079         19.0000         21.0000          1.0000          0.0000
   68         22.0079         20.0000         21.0000          1.0000          0.0000
   70         22.0079         18.0000         21.0000          2.0000          0.0000
   71         22.0079         19.0000         21.0000          2.0000          0.0000
   72         22.0079         20.0000         21.0000          2.0000          0.0000
   74         22.0079         18.0000         21.0000          3.0000          0.0000
   75         22.0079         19.0000         21.0000          3.0000          0.0000
   76         22.0079         20.0000         21.0000          3.0000          0.0000
   78         22.0079         18.0000         21.0000          4.0000          0.0000
   79         22.0079         19.0000         21.0000          4.0000          0.0000
   80         22.0079         20.0000         21.0000          4.0000          0.0000
   66         22.0079         18.0000         21.0000          1.0000          0.0000
   67         22.0079         19.0000         21.0000          1.0000          0.0000
   68         22.0079         20.0000         21.0000          1.0000          0.0000
   70         22.0079         18.0000         21.0000          2.0000          0.0000
   71         22.0079         19.0000         21.0000          2.0000          0.0000
   72         22.0079         20.0000         21.0000          2.0000          0.0000
   74         22.0079         18.0000         21.0000          3.0000          0.0000
   75         22.0079         19.0000         21.0000          3.0000          0.0000
   76         22.0079         20.0000         21.0000          3.0000          0.0000
   78         22.0079         18.0000         21.0000          4.0000          0.0000
   79         22.0079         19.0000         21.0000          4.0000          0.0000
   80         22.0079         20.0000         21.0000          4.0000          0.0000
   66         23.0110         18.0000         21.0000          1.0000          0.0000
   67         23.0110         19.0000         21.0000          1.0000          0.0000
   68         23.0110         20.0000         21.0000          1.0000          0.0000
   70         23.0110         18.0000         21.0000          2.0000          0.0000
   71         23.0110         19.0000         21.0000          2.0000          0.0000
   72         23.0110         20.0000         21.0000          2.0000          0.0000
   74         23.0110         18.0000         21.0000          3.0000          0.0000
   75         23.0110         19.0000         21.0000          3.0000          0.0000
   76         23.0110         20.0000         21.0000          3.0000          0.0000
   78         23.0110         18.0000         21.0000          4.0000          0.0000
   79         23.0110         19.0000         21.0000          4.0000          0.0000
   80         23.0110         20.0000         21.0000          4.0000          0.0000
   66         23.0110         18.0000         21.0000          1.0000          0.0000
   67         23.0110         19.0000         21.0000          1.0000          0.0000
   68         23.0110         20.0000         21.0000          1.0000          0.0000
   70         23.0110         18.0000         21.0000          2.0000          0.0000
   71         23.0110         19.0000         21.0000          2.0000          0.0000
   72         23.0110         20.0000         21.0000          2.0000          0.0000
   74         23.0110         18.0000         21.0000          3.0000          0.0000
   75         23.0110         19.0000         21.0000          3.0000          0.0000
   76         23.0110         20.0000         21.0000          3.0000          0.0000
   78         23.0110         18.0000         21.0000          4.0000          0.0000
   79         23.0110         19.0000         21.0000          4.0000          0.0000
   80         23.0110         20.0000         21.0000          4.0000          0.0000
   66         23.0110         18.0000         21.0000          1.0000          0.0000
   67         23.0110         19.0000         21.0000          1.0000          0.0000
   68         23.0110         20.0000         21.0000          1.0000          0.0000
   70         23.0110         18.0000         21.0000          2.0000          0.0000
   71         23.0110         19.0000         21.0000          2.0000          0.0000
   72         23.0110         20.0000         21.0000          2.0000          0.0000
   74         23.0110         18.0000         21.0000          3.0000          0.0000
   75         23.0110         19.0000         21.0000          3.0000          0.0000
   76         23.0110         20.0000         21.0000          3.0000          0.0000
   78         23.0110         18.0000         21.0000          4.0000          0.0000
   79         23.0110         19.0000         21.0000          4.0000          0.0000
   80         23.0110         20.0000         21.0000          4.0000          0.0000
