   65          1.0142         17.0000         21.0000          1.0000        304.8431
   69          1.0142         17.0000         21.0000          2.0000        304.7481
   73          1.0142         17.0000         21.0000          3.0000        304.6659
   77          1.0142         17.0000         21.0000          4.0000        304.5512
   65          1.0142         17.0000         21.0000          1.0000        304.8462
   69          1.0142         17.0000         21.0000          2.0000        304.7509
   73          1.0142         17.0000         21.0000          3.0000        304.6682
   77          1.0142         17.0000         21.0000          4.0000        304.5527
   65          1.0142         17.0000         21.0000          1.0000        304.8468
   69          1.0142         17.0000         21.0000          2.0000        304.7515
   73          1.0142         17.0000         21.0000          3.0000        304.6688
   77          1.0142         17.0000         21.0000          4.0000        304.5533
   65          2.0138         17.0000         21.0000          1.0000        304.3668
   69          2.0138         17.0000         21.0000          2.0000        304.2651
   73          2.0138         17.0000         21.0000          3.0000        304.1734
   77          2.0138         17.0000         21.0000          4.0000        304.0452
   65          2.0138         17.0000         21.0000          1.0000        304.3701
   69          2.0138         17.0000         21.0000          2.0000        304.2682
   73          2.0138         17.0000         21.0000          3.0000        304.1758
   77          2.0138         17.0000         21.0000          4.0000        304.0469
   65          2.0138         17.0000         21.0000          1.0000        304.3707
   69          2.0138         17.0000         21.0000          2.0000        304.2688
   73          2.0138         17.0000         21.0000          3.0000        304.1764
   77          2.0138         17.0000         21.0000          4.0000        304.0475
   65          3.0126         17.0000         21.0000          1.0000        304.0310
   69          3.0126         17.0000         21.0000          2.0000        303.9226
   73          3.0126         17.0000         21.0000          3.0000        303.8235
   77          3.0126         17.0000         21.0000          4.0000        303.6895
   65          3.0126         17.0000         21.0000          1.0000        304.0344
   69          3.0126         17.0000         21.0000          2.0000        303.9256
   73          3.0126         17.0000         21.0000          3.0000        303.8260
   77          3.0126         17.0000         21.0000          4.0000        303.6913
   65          3.0126         17.0000         21.0000          1.0000        304.0350
   69          3.0126         17.0000         21.0000          2.0000        303.9263
   73          3.0126         17.0000         21.0000          3.0000        303.8266
   77          3.0126         17.0000         21.0000          4.0000        303.6918
   65          4.0028         17.0000         21.0000          1.0000        303.6759
   69          4.0028         17.0000         21.0000          2.0000        303.5614
   73          4.0028         17.0000         21.0000          3.0000        303.4549
   77          4.0028         17.0000         21.0000          4.0000        303.3130
   65          4.0028         17.0000         21.0000          1.0000        303.6792
   69          4.0028         17.0000         21.0000          2.0000        303.5644
   73          4.0028         17.0000         21.0000          3.0000        303.4573
   77          4.0028         17.0000         21.0000          4.0000        303.3147
   65          4.0028         17.0000         21.0000          1.0000        303.6798
   69          4.0028         17.0000         21.0000          2.0000        303.5650
   73          4.0028         17.0000         21.0000          3.0000        303.4579
   77          4.0028         17.0000         21.0000          4.0000        303.3152
   65          5.0004         17.0000         21.0000          1.0000        303.3117
   69          5.0004         17.0000         21.0000          2.0000        303.1905
   73          5.0004         17.0000         21.0000          3.0000        303.0755
   77          5.0004         17.0000         21.0000          4.0000        302.9243
   65          5.0004         17.0000         21.0000          1.0000        303.3148
   69          5.0004         17.0000         21.0000          2.0000        303.1932
   73          5.0004         17.0000         21.0000          3.0000        303.0777
   77          5.0004         17.0000         21.0000          4.0000        302.9258
   65          5.0004         17.0000         21.0000          1.0000        303.3154
   69          5.0004         17.0000         21.0000          2.0000        303.1939
   73          5.0004         17.0000         21.0000          3.0000        303.0784
   77          5.0004         17.0000         21.0000          4.0000        302.9264
   65          6.0017         17.0000         21.0000          1.0000        303.0575
   69          6.0017         17.0000         21.0000          2.0000        302.9348
   73          6.0017         17.0000         21.0000          3.0000        302.8173
   77          6.0017         17.0000         21.0000          4.0000        302.6631
   65          6.0017         17.0000         21.0000          1.0000        303.0611
   69          6.0017         17.0000         21.0000          2.0000        302.9381
   73          6.0017         17.0000         21.0000          3.0000        302.8200
   77          6.0017         17.0000         21.0000          4.0000        302.6650
   65          6.0017         17.0000         21.0000          1.0000        303.0618
   69          6.0017         17.0000         21.0000          2.0000        302.9388
   73          6.0017         17.0000         21.0000          3.0000        302.8207
   77          6.0017         17.0000         21.0000          4.0000        302.6656
   65          7.0101         17.0000         21.0000          1.0000        302.7749
   69          7.0101         17.0000         21.0000          2.0000        302.6490
   73          7.0101         17.0000         21.0000          3.0000        302.5267
   77          7.0101         17.0000         21.0000          4.0000        302.3669
   65          7.0101         17.0000         21.0000          1.0000        302.7792
   69          7.0101         17.0000         21.0000          2.0000        302.6529
   73          7.0101         17.0000         21.0000          3.0000        302.5300
   77          7.0101         17.0000         21.0000          4.0000        302.3693
   65          7.0101         17.0000         21.0000          1.0000        302.7800
   69          7.0101         17.0000         21.0000          2.0000        302.6537
   73          7.0101         17.0000         21.0000          3.0000        302.5307
   77          7.0101         17.0000         21.0000          4.0000        302.3700
   65          8.0019         17.0000         21.0000          1.0000        302.9066
   69          8.0019         17.0000         21.0000          2.0000        302.8307
   73          8.0019         17.0000         21.0000          3.0000        302.7646
   77          8.0019         17.0000         21.0000          4.0000        302.6707
   65          8.0019         17.0000         21.0000          1.0000        302.9140
   69          8.0019         17.0000         21.0000          2.0000        302.8377
   73          8.0019         17.0000         21.0000          3.0000        302.7707
   77          8.0019         17.0000         21.0000          4.0000        302.6756
   65          8.0019         17.0000         21.0000          1.0000        302.9153
   69          8.0019         17.0000         21.0000          2.0000        302.8391
   73          8.0019         17.0000         21.0000          3.0000        302.7720
   77          8.0019         17.0000         21.0000          4.0000        302.6767
   65          9.0076         17.0000         21.0000          1.0000        305.0246
   69          9.0076         17.0000         21.0000          2.0000        305.1273
   73          9.0076         17.0000         21.0000          3.0000        305.2805
   77          9.0076         17.0000         21.0000          4.0000        305.4514
   65          9.0076         17.0000         21.0000          1.0000        305.0362
   69          9.0076         17.0000         21.0000          2.0000        305.1378
   73          9.0076         17.0000         21.0000          3.0000        305.2893
   77          9.0076         17.0000         21.0000          4.0000        305.4585
   65          9.0076         17.0000         21.0000          1.0000        305.0377
   69          9.0076         17.0000         21.0000          2.0000        305.1393
   73          9.0076         17.0000         21.0000          3.0000        305.2907
   77          9.0076         17.0000         21.0000          4.0000        305.4597
   65         10.0019         17.0000         21.0000          1.0000        307.8200
   69         10.0019         17.0000         21.0000          2.0000        308.0667
   73         10.0019         17.0000         21.0000          3.0000        308.3990
   77         10.0019         17.0000         21.0000          4.0000        308.7800
   65         10.0019         17.0000         21.0000          1.0000        307.8374
   69         10.0019         17.0000         21.0000          2.0000        308.0844
   73         10.0019         17.0000         21.0000          3.0000        308.4156
   77         10.0019         17.0000         21.0000          4.0000        308.7941
   65         10.0019         17.0000         21.0000          1.0000        307.8386
   69         10.0019         17.0000         21.0000          2.0000        308.0855
   73         10.0019         17.0000         21.0000          3.0000        308.4166
   77         10.0019         17.0000         21.0000          4.0000        308.7949
   65         11.0003         17.0000         21.0000          1.0000        310.3880
   69         11.0003         17.0000         21.0000          2.0000        310.8385
   73         11.0003         17.0000         21.0000          3.0000        311.3995
   77         11.0003         17.0000         21.0000          4.0000        312.0260
   65         11.0003         17.0000         21.0000          1.0000        310.3951
   69         11.0003         17.0000         21.0000          2.0000        310.8449
   73         11.0003         17.0000         21.0000          3.0000        311.4048
   77         11.0003         17.0000         21.0000          4.0000        312.0301
   65         11.0003         17.0000         21.0000          1.0000        310.3963
   69         11.0003         17.0000         21.0000          2.0000        310.8461
   73         11.0003         17.0000         21.0000          3.0000        311.4059
   77         11.0003         17.0000         21.0000          4.0000        312.0311
   65         12.0013         17.0000         21.0000          1.0000        312.6824
   69         12.0013         17.0000         21.0000          2.0000        313.1381
   73         12.0013         17.0000         21.0000          3.0000        313.7255
   77         12.0013         17.0000         21.0000          4.0000        314.4002
   65         12.0013         17.0000         21.0000          1.0000        312.6756
   69         12.0013         17.0000         21.0000          2.0000        313.1367
   73         12.0013         17.0000         21.0000          3.0000        313.7241
   77         12.0013         17.0000         21.0000          4.0000        314.3968
   65         12.0013         17.0000         21.0000          1.0000        312.6757
   69         12.0013         17.0000         21.0000          2.0000        313.1376
   73         12.0013         17.0000         21.0000          3.0000        313.7251
   77         12.0013         17.0000         21.0000          4.0000        314.3979
   65         12.0013         17.0000         21.0000          1.0000        312.6762
   69         12.0013         17.0000         21.0000          2.0000        313.1379
   73         12.0013         17.0000         21.0000          3.0000        313.7253
   77         12.0013         17.0000         21.0000          4.0000        314.3980
   65         13.0030         17.0000         21.0000          1.0000        314.2175
   69         13.0030         17.0000         21.0000          2.0000        314.6300
   73         13.0030         17.0000         21.0000          3.0000        315.1812
   77         13.0030         17.0000         21.0000          4.0000        315.8110
   65         13.0030         17.0000         21.0000          1.0000        314.2201
   69         13.0030         17.0000         21.0000          2.0000        314.6322
   73         13.0030         17.0000         21.0000          3.0000        315.1828
   77         13.0030         17.0000         21.0000          4.0000        315.8119
   65         13.0030         17.0000         21.0000          1.0000        314.2210
   69         13.0030         17.0000         21.0000          2.0000        314.6330
   73         13.0030         17.0000         21.0000          3.0000        315.1836
   77         13.0030         17.0000         21.0000          4.0000        315.8125
   65         14.0008         17.0000         21.0000          1.0000        314.3143
   69         14.0008         17.0000         21.0000          2.0000        314.8968
   73         14.0008         17.0000         21.0000          3.0000        315.6249
   77         14.0008         17.0000         21.0000          4.0000        316.4160
   65         14.0008         17.0000         21.0000          1.0000        314.3735
   69         14.0008         17.0000         21.0000          2.0000        314.9544
   73         14.0008         17.0000         21.0000          3.0000        315.6772
   77         14.0008         17.0000         21.0000          4.0000        316.4605
   65         14.0008         17.0000         21.0000          1.0000        314.3807
   69         14.0008         17.0000         21.0000          2.0000        314.9614
   73         14.0008         17.0000         21.0000          3.0000        315.6837
   77         14.0008         17.0000         21.0000          4.0000        316.4661
   65         14.0008         17.0000         21.0000          1.0000        314.3819
   69         14.0008         17.0000         21.0000          2.0000        314.9626
   73         14.0008         17.0000         21.0000          3.0000        315.6847
   77         14.0008         17.0000         21.0000          4.0000        316.4670
   65         15.0009         17.0000         21.0000          1.0000        316.0271
   69         15.0009         17.0000         21.0000          2.0000        316.4363
   73         15.0009         17.0000         21.0000          3.0000        316.9766
   77         15.0009         17.0000         21.0000          4.0000        317.5902
   65         15.0009         17.0000         21.0000          1.0000        315.9655
   69         15.0009         17.0000         21.0000          2.0000        316.3767
   73         15.0009         17.0000         21.0000          3.0000        316.9228
   77         15.0009         17.0000         21.0000          4.0000        317.5447
   65         15.0009         17.0000         21.0000          1.0000        315.9603
   69         15.0009         17.0000         21.0000          2.0000        316.3714
   73         15.0009         17.0000         21.0000          3.0000        316.9179
   77         15.0009         17.0000         21.0000          4.0000        317.5404
   65         15.0022         17.0000         21.0000          1.0000        315.9558
   69         15.0022         17.0000         21.0000          2.0000        316.3673
   73         15.0022         17.0000         21.0000          3.0000        316.9145
   77         15.0022         17.0000         21.0000          4.0000        317.5378
   65         15.0022         17.0000         21.0000          1.0000        315.9591
   69         15.0022         17.0000         21.0000          2.0000        316.3703
   73         15.0022         17.0000         21.0000          3.0000        316.9167
   77         15.0022         17.0000         21.0000          4.0000        317.5393
   65         15.0022         17.0000         21.0000          1.0000        315.9601
   69         15.0022         17.0000         21.0000          2.0000        316.3713
   73         15.0022         17.0000         21.0000          3.0000        316.9177
   77         15.0022         17.0000         21.0000          4.0000        317.5400
   65         16.0012         17.0000         21.0000          1.0000        315.4550
   69         16.0012         17.0000         21.0000          2.0000        315.7905
   73         16.0012         17.0000         21.0000          3.0000        316.2465
   77         16.0012         17.0000         21.0000          4.0000        316.7453
   65         16.0012         17.0000         21.0000          1.0000        315.4600
   69         16.0012         17.0000         21.0000          2.0000        315.7953
   73         16.0012         17.0000         21.0000          3.0000        316.2507
   77         16.0012         17.0000         21.0000          4.0000        316.7484
   65         16.0012         17.0000         21.0000          1.0000        315.4609
   69         16.0012         17.0000         21.0000          2.0000        315.7962
   73         16.0012         17.0000         21.0000          3.0000        316.2515
   77         16.0012         17.0000         21.0000          4.0000        316.7491
   65         17.0023         17.0000         21.0000          1.0000        313.5499
   69         17.0023         17.0000         21.0000          2.0000        313.9433
   73         17.0023         17.0000         21.0000          3.0000        314.4405
   77         17.0023         17.0000         21.0000          4.0000        314.9524
   65         17.0023         17.0000         21.0000          1.0000        313.5959
   69         17.0023         17.0000         21.0000          2.0000        313.9882
   73         17.0023         17.0000         21.0000          3.0000        314.4816
   77         17.0023         17.0000         21.0000          4.0000        314.9874
   65         17.0023         17.0000         21.0000          1.0000        313.6014
   69         17.0023         17.0000         21.0000          2.0000        313.9937
   73         17.0023         17.0000         21.0000          3.0000        314.4866
   77         17.0023         17.0000         21.0000          4.0000        314.9917
   65         17.0023         17.0000         21.0000          1.0000        313.6023
   69         17.0023         17.0000         21.0000          2.0000        313.9945
   73         17.0023         17.0000         21.0000          3.0000        314.4874
   77         17.0023         17.0000         21.0000          4.0000        314.9924
   65         18.0008         17.0000         21.0000          1.0000        311.5853
   69         18.0008         17.0000         21.0000          2.0000        311.8356
   73         18.0008         17.0000         21.0000          3.0000        312.1489
   77         18.0008         17.0000         21.0000          4.0000        312.4278
   65         18.0008         17.0000         21.0000          1.0000        311.5518
   69         18.0008         17.0000         21.0000          2.0000        311.8027
   73         18.0008         17.0000         21.0000          3.0000        312.1185
   77         18.0008         17.0000         21.0000          4.0000        312.4014
   65         18.0008         17.0000         21.0000          1.0000        311.5482
   69         18.0008         17.0000         21.0000          2.0000        311.7991
   73         18.0008         17.0000         21.0000          3.0000        312.1152
   77         18.0008         17.0000         21.0000          4.0000        312.3985
   65         19.0009         17.0000         21.0000          1.0000        309.0727
   69         19.0009         17.0000         21.0000          2.0000        309.1847
   73         19.0009         17.0000         21.0000          3.0000        309.3280
   77         19.0009         17.0000         21.0000          4.0000        309.4125
   65         19.0009         17.0000         21.0000          1.0000        309.0741
   69         19.0009         17.0000         21.0000          2.0000        309.1860
   73         19.0009         17.0000         21.0000          3.0000        309.3289
   77         19.0009         17.0000         21.0000          4.0000        309.4128
   65         19.0009         17.0000         21.0000          1.0000        309.0745
   69         19.0009         17.0000         21.0000          2.0000        309.1864
   73         19.0009         17.0000         21.0000          3.0000        309.3292
   77         19.0009         17.0000         21.0000          4.0000        309.4131
   65         20.0012         17.0000         21.0000          1.0000        307.6709
   69         20.0012         17.0000         21.0000          2.0000        307.6714
   73         20.0012         17.0000         21.0000          3.0000        307.6912
   77         20.0012         17.0000         21.0000          4.0000        307.6619
   65         20.0012         17.0000         21.0000          1.0000        307.6724
   69         20.0012         17.0000         21.0000          2.0000        307.6725
   73         20.0012         17.0000         21.0000          3.0000        307.6919
   77         20.0012         17.0000         21.0000          4.0000        307.6621
   65         20.0012         17.0000         21.0000          1.0000        307.6726
   69         20.0012         17.0000         21.0000          2.0000        307.6728
   73         20.0012         17.0000         21.0000          3.0000        307.6922
   77         20.0012         17.0000         21.0000          4.0000        307.6624
   65         21.0061         17.0000         21.0000          1.0000        306.8120
   69         21.0061         17.0000         21.0000          2.0000        306.7738
   73         21.0061         17.0000         21.0000          3.0000        306.7517
   77         21.0061         17.0000         21.0000          4.0000        306.6826
   65         21.0061         17.0000         21.0000          1.0000        306.8136
   69         21.0061         17.0000         21.0000          2.0000        306.7751
   73         21.0061         17.0000         21.0000          3.0000        306.7526
   77         21.0061         17.0000         21.0000          4.0000        306.6830
   65         21.0061         17.0000         21.0000          1.0000        306.8139
   69         21.0061         17.0000         21.0000          2.0000        306.7755
   73         21.0061         17.0000         21.0000          3.0000        306.7530
   77         21.0061         17.0000         21.0000          4.0000        306.6833
   65         22.0079         17.0000         21.0000          1.0000        306.2555
   69         22.0079         17.0000         21.0000          2.0000        306.1915
   73         22.0079         17.0000         21.0000          3.0000        306.1445
   77         22.0079         17.0000         21.0000          4.0000        306.0630
   65         22.0079         17.0000         21.0000          1.0000        306.2587
   69         22.0079         17.0000         21.0000          2.0000        306.1944
   73         22.0079         17.0000         21.0000          3.0000        306.1468
   77         22.0079         17.0000         21.0000          4.0000        306.0646
   65         22.0079         17.0000         21.0000          1.0000        306.2593
   69         22.0079         17.0000         21.0000          2.0000        306.1951
   73         22.0079         17.0000         21.0000          3.0000        306.1475
   77         22.0079         17.0000         21.0000          4.0000        306.0652
   65         23.0110         17.0000         21.0000          1.0000        305.7691
   69         23.0110         17.0000         21.0000          2.0000        305.6902
   73         23.0110         17.0000         21.0000          3.0000        305.6277
   77         23.0110         17.0000         21.0000          4.0000        305.5345
   65         23.0110         17.0000         21.0000          1.0000        305.7725
   69         23.0110         17.0000         21.0000          2.0000        305.6932
   73         23.0110         17.0000         21.0000          3.0000        305.6301
   77         23.0110         17.0000         21.0000          4.0000        305.5362
   65         23.0110         17.0000         21.0000          1.0000        305.7731
   69         23.0110         17.0000         21.0000          2.0000        305.6938
   73         23.0110         17.0000         21.0000          3.0000        305.6307
   77         23.0110         17.0000         21.0000          4.0000        305.5368
