   98          1.0142         18.0000         16.0000          1.0000        300.6907
   99          1.0142         19.0000         16.0000          1.0000        300.6516
  100          1.0142         20.0000         16.0000          1.0000        300.5385
  102          1.0142         18.0000         16.0000          2.0000        300.4341
  103          1.0142         19.0000         16.0000          2.0000        300.4077
  104          1.0142         20.0000         16.0000          2.0000        300.3102
  106          1.0142         18.0000         16.0000          3.0000        300.1059
  107          1.0142         19.0000         16.0000          3.0000        300.0847
  108          1.0142         20.0000         16.0000          3.0000        300.0146
  110          1.0142         18.0000         16.0000          4.0000        299.7438
  111          1.0142         19.0000         16.0000          4.0000        299.7295
  112          1.0142         20.0000         16.0000          4.0000        299.6796
   98          1.0142         18.0000         16.0000          1.0000        300.7100
   99          1.0142         19.0000         16.0000          1.0000        300.6714
  100          1.0142         20.0000         16.0000          1.0000        300.5558
  102          1.0142         18.0000         16.0000          2.0000        300.4511
  103          1.0142         19.0000         16.0000          2.0000        300.4248
  104          1.0142         20.0000         16.0000          2.0000        300.3253
  106          1.0142         18.0000         16.0000          3.0000        300.1197
  107          1.0142         19.0000         16.0000          3.0000        300.0986
  108          1.0142         20.0000         16.0000          3.0000        300.0270
  110          1.0142         18.0000         16.0000          4.0000        299.7536
  111          1.0142         19.0000         16.0000          4.0000        299.7394
  112          1.0142         20.0000         16.0000          4.0000        299.6884
   98          1.0142         18.0000         16.0000          1.0000        300.7112
   99          1.0142         19.0000         16.0000          1.0000        300.6725
  100          1.0142         20.0000         16.0000          1.0000        300.5567
  102          1.0142         18.0000         16.0000          2.0000        300.4523
  103          1.0142         19.0000         16.0000          2.0000        300.4261
  104          1.0142         20.0000         16.0000          2.0000        300.3265
  106          1.0142         18.0000         16.0000          3.0000        300.1209
  107          1.0142         19.0000         16.0000          3.0000        300.0998
  108          1.0142         20.0000         16.0000          3.0000        300.0282
  110          1.0142         18.0000         16.0000          4.0000        299.7547
  111          1.0142         19.0000         16.0000          4.0000        299.7406
  112          1.0142         20.0000         16.0000          4.0000        299.6895
   98          2.0138         18.0000         16.0000          1.0000        300.3872
   99          2.0138         19.0000         16.0000          1.0000        300.3511
  100          2.0138         20.0000         16.0000          1.0000        300.2413
  102          2.0138         18.0000         16.0000          2.0000        300.1448
  103          2.0138         19.0000         16.0000          2.0000        300.1198
  104          2.0138         20.0000         16.0000          2.0000        300.0258
  106          2.0138         18.0000         16.0000          3.0000        299.8388
  107          2.0138         19.0000         16.0000          3.0000        299.8187
  108          2.0138         20.0000         16.0000          3.0000        299.7508
  110          2.0138         18.0000         16.0000          4.0000        299.5039
  111          2.0138         19.0000         16.0000          4.0000        299.4904
  112          2.0138         20.0000         16.0000          4.0000        299.4419
   98          2.0138         18.0000         16.0000          1.0000        300.4063
   99          2.0138         19.0000         16.0000          1.0000        300.3706
  100          2.0138         20.0000         16.0000          1.0000        300.2585
  102          2.0138         18.0000         16.0000          2.0000        300.1616
  103          2.0138         19.0000         16.0000          2.0000        300.1368
  104          2.0138         20.0000         16.0000          2.0000        300.0409
  106          2.0138         18.0000         16.0000          3.0000        299.8525
  107          2.0138         19.0000         16.0000          3.0000        299.8325
  108          2.0138         20.0000         16.0000          3.0000        299.7632
  110          2.0138         18.0000         16.0000          4.0000        299.5137
  111          2.0138         19.0000         16.0000          4.0000        299.5002
  112          2.0138         20.0000         16.0000          4.0000        299.4508
   98          2.0138         18.0000         16.0000          1.0000        300.4076
   99          2.0138         19.0000         16.0000          1.0000        300.3719
  100          2.0138         20.0000         16.0000          1.0000        300.2596
  102          2.0138         18.0000         16.0000          2.0000        300.1630
  103          2.0138         19.0000         16.0000          2.0000        300.1382
  104          2.0138         20.0000         16.0000          2.0000        300.0422
  106          2.0138         18.0000         16.0000          3.0000        299.8538
  107          2.0138         19.0000         16.0000          3.0000        299.8338
  108          2.0138         20.0000         16.0000          3.0000        299.7644
  110          2.0138         18.0000         16.0000          4.0000        299.5149
  111          2.0138         19.0000         16.0000          4.0000        299.5015
  112          2.0138         20.0000         16.0000          4.0000        299.4519
   98          3.0126         18.0000         16.0000          1.0000        300.1432
   99          3.0126         19.0000         16.0000          1.0000        300.1070
  100          3.0126         20.0000         16.0000          1.0000        299.9964
  102          3.0126         18.0000         16.0000          2.0000        299.9083
  103          3.0126         19.0000         16.0000          2.0000        299.8833
  104          3.0126         20.0000         16.0000          2.0000        299.7894
  106          3.0126         18.0000         16.0000          3.0000        299.6134
  107          3.0126         19.0000         16.0000          3.0000        299.5935
  108          3.0126         20.0000         16.0000          3.0000        299.5255
  110          3.0126         18.0000         16.0000          4.0000        299.2834
  111          3.0126         19.0000         16.0000          4.0000        299.2701
  112          3.0126         20.0000         16.0000          4.0000        299.2214
   98          3.0126         18.0000         16.0000          1.0000        300.1635
   99          3.0126         19.0000         16.0000          1.0000        300.1277
  100          3.0126         20.0000         16.0000          1.0000        300.0145
  102          3.0126         18.0000         16.0000          2.0000        299.9261
  103          3.0126         19.0000         16.0000          2.0000        299.9014
  104          3.0126         20.0000         16.0000          2.0000        299.8054
  106          3.0126         18.0000         16.0000          3.0000        299.6279
  107          3.0126         19.0000         16.0000          3.0000        299.6081
  108          3.0126         20.0000         16.0000          3.0000        299.5386
  110          3.0126         18.0000         16.0000          4.0000        299.2938
  111          3.0126         19.0000         16.0000          4.0000        299.2806
  112          3.0126         20.0000         16.0000          4.0000        299.2308
   98          3.0126         18.0000         16.0000          1.0000        300.1646
   99          3.0126         19.0000         16.0000          1.0000        300.1287
  100          3.0126         20.0000         16.0000          1.0000        300.0154
  102          3.0126         18.0000         16.0000          2.0000        299.9273
  103          3.0126         19.0000         16.0000          2.0000        299.9026
  104          3.0126         20.0000         16.0000          2.0000        299.8065
  106          3.0126         18.0000         16.0000          3.0000        299.6291
  107          3.0126         19.0000         16.0000          3.0000        299.6094
  108          3.0126         20.0000         16.0000          3.0000        299.5398
  110          3.0126         18.0000         16.0000          4.0000        299.2949
  111          3.0126         19.0000         16.0000          4.0000        299.2817
  112          3.0126         20.0000         16.0000          4.0000        299.2319
   98          4.0028         18.0000         16.0000          1.0000        299.9137
   99          4.0028         19.0000         16.0000          1.0000        299.8781
  100          4.0028         20.0000         16.0000          1.0000        299.7675
  102          4.0028         18.0000         16.0000          2.0000        299.6858
  103          4.0028         19.0000         16.0000          2.0000        299.6614
  104          4.0028         20.0000         16.0000          2.0000        299.5680
  106          4.0028         18.0000         16.0000          3.0000        299.4017
  107          4.0028         19.0000         16.0000          3.0000        299.3824
  108          4.0028         20.0000         16.0000          3.0000        299.3146
  110          4.0028         18.0000         16.0000          4.0000        299.0809
  111          4.0028         19.0000         16.0000          4.0000        299.0681
  112          4.0028         20.0000         16.0000          4.0000        299.0194
   98          4.0028         18.0000         16.0000          1.0000        299.9337
   99          4.0028         19.0000         16.0000          1.0000        299.8986
  100          4.0028         20.0000         16.0000          1.0000        299.7854
  102          4.0028         18.0000         16.0000          2.0000        299.7034
  103          4.0028         19.0000         16.0000          2.0000        299.6792
  104          4.0028         20.0000         16.0000          2.0000        299.5838
  106          4.0028         18.0000         16.0000          3.0000        299.4160
  107          4.0028         19.0000         16.0000          3.0000        299.3968
  108          4.0028         20.0000         16.0000          3.0000        299.3276
  110          4.0028         18.0000         16.0000          4.0000        299.0912
  111          4.0028         19.0000         16.0000          4.0000        299.0784
  112          4.0028         20.0000         16.0000          4.0000        299.0287
   98          4.0028         18.0000         16.0000          1.0000        299.9347
   99          4.0028         19.0000         16.0000          1.0000        299.8996
  100          4.0028         20.0000         16.0000          1.0000        299.7863
  102          4.0028         18.0000         16.0000          2.0000        299.7045
  103          4.0028         19.0000         16.0000          2.0000        299.6804
  104          4.0028         20.0000         16.0000          2.0000        299.5849
  106          4.0028         18.0000         16.0000          3.0000        299.4172
  107          4.0028         19.0000         16.0000          3.0000        299.3980
  108          4.0028         20.0000         16.0000          3.0000        299.3287
  110          4.0028         18.0000         16.0000          4.0000        299.0923
  111          4.0028         19.0000         16.0000          4.0000        299.0796
  112          4.0028         20.0000         16.0000          4.0000        299.0298
   98          5.0004         18.0000         16.0000          1.0000        299.6487
   99          5.0004         19.0000         16.0000          1.0000        299.6139
  100          5.0004         20.0000         16.0000          1.0000        299.5022
  102          5.0004         18.0000         16.0000          2.0000        299.4228
  103          5.0004         19.0000         16.0000          2.0000        299.3989
  104          5.0004         20.0000         16.0000          2.0000        299.3052
  106          5.0004         18.0000         16.0000          3.0000        299.1438
  107          5.0004         19.0000         16.0000          3.0000        299.1250
  108          5.0004         20.0000         16.0000          3.0000        299.0569
  110          5.0004         18.0000         16.0000          4.0000        298.8276
  111          5.0004         19.0000         16.0000          4.0000        298.8151
  112          5.0004         20.0000         16.0000          4.0000        298.7661
   98          5.0004         18.0000         16.0000          1.0000        299.6682
   99          5.0004         19.0000         16.0000          1.0000        299.6338
  100          5.0004         20.0000         16.0000          1.0000        299.5196
  102          5.0004         18.0000         16.0000          2.0000        299.4399
  103          5.0004         19.0000         16.0000          2.0000        299.4163
  104          5.0004         20.0000         16.0000          2.0000        299.3206
  106          5.0004         18.0000         16.0000          3.0000        299.1577
  107          5.0004         19.0000         16.0000          3.0000        299.1390
  108          5.0004         20.0000         16.0000          3.0000        299.0694
  110          5.0004         18.0000         16.0000          4.0000        298.8375
  111          5.0004         19.0000         16.0000          4.0000        298.8251
  112          5.0004         20.0000         16.0000          4.0000        298.7750
   98          5.0004         18.0000         16.0000          1.0000        299.6692
   99          5.0004         19.0000         16.0000          1.0000        299.6348
  100          5.0004         20.0000         16.0000          1.0000        299.5205
  102          5.0004         18.0000         16.0000          2.0000        299.4411
  103          5.0004         19.0000         16.0000          2.0000        299.4174
  104          5.0004         20.0000         16.0000          2.0000        299.3216
  106          5.0004         18.0000         16.0000          3.0000        299.1589
  107          5.0004         19.0000         16.0000          3.0000        299.1402
  108          5.0004         20.0000         16.0000          3.0000        299.0705
  110          5.0004         18.0000         16.0000          4.0000        298.8386
  111          5.0004         19.0000         16.0000          4.0000        298.8262
  112          5.0004         20.0000         16.0000          4.0000        298.7760
   98          6.0017         18.0000         16.0000          1.0000        299.6367
   99          6.0017         19.0000         16.0000          1.0000        299.6039
  100          6.0017         20.0000         16.0000          1.0000        299.4974
  102          6.0017         18.0000         16.0000          2.0000        299.4286
  103          6.0017         19.0000         16.0000          2.0000        299.4061
  104          6.0017         20.0000         16.0000          2.0000        299.3170
  106          6.0017         18.0000         16.0000          3.0000        299.1720
  107          6.0017         19.0000         16.0000          3.0000        299.1544
  108          6.0017         20.0000         16.0000          3.0000        299.0894
  110          6.0017         18.0000         16.0000          4.0000        298.8795
  111          6.0017         19.0000         16.0000          4.0000        298.8678
  112          6.0017         20.0000         16.0000          4.0000        298.8209
   98          6.0017         18.0000         16.0000          1.0000        299.6573
   99          6.0017         19.0000         16.0000          1.0000        299.6249
  100          6.0017         20.0000         16.0000          1.0000        299.5159
  102          6.0017         18.0000         16.0000          2.0000        299.4468
  103          6.0017         19.0000         16.0000          2.0000        299.4245
  104          6.0017         20.0000         16.0000          2.0000        299.3334
  106          6.0017         18.0000         16.0000          3.0000        299.1868
  107          6.0017         19.0000         16.0000          3.0000        299.1693
  108          6.0017         20.0000         16.0000          3.0000        299.1028
  110          6.0017         18.0000         16.0000          4.0000        298.8901
  111          6.0017         19.0000         16.0000          4.0000        298.8785
  112          6.0017         20.0000         16.0000          4.0000        298.8305
   98          6.0017         18.0000         16.0000          1.0000        299.6584
   99          6.0017         19.0000         16.0000          1.0000        299.6260
  100          6.0017         20.0000         16.0000          1.0000        299.5168
  102          6.0017         18.0000         16.0000          2.0000        299.4480
  103          6.0017         19.0000         16.0000          2.0000        299.4257
  104          6.0017         20.0000         16.0000          2.0000        299.3345
  106          6.0017         18.0000         16.0000          3.0000        299.1881
  107          6.0017         19.0000         16.0000          3.0000        299.1706
  108          6.0017         20.0000         16.0000          3.0000        299.1039
  110          6.0017         18.0000         16.0000          4.0000        298.8913
  111          6.0017         19.0000         16.0000          4.0000        298.8797
  112          6.0017         20.0000         16.0000          4.0000        298.8316
   98          7.0101         18.0000         16.0000          1.0000        299.5234
   99          7.0101         19.0000         16.0000          1.0000        299.4921
  100          7.0101         20.0000         16.0000          1.0000        299.3874
  102          7.0101         18.0000         16.0000          2.0000        299.3232
  103          7.0101         19.0000         16.0000          2.0000        299.3018
  104          7.0101         20.0000         16.0000          2.0000        299.2145
  106          7.0101         18.0000         16.0000          3.0000        299.0775
  107          7.0101         19.0000         16.0000          3.0000        299.0607
  108          7.0101         20.0000         16.0000          3.0000        298.9969
  110          7.0101         18.0000         16.0000          4.0000        298.7963
  111          7.0101         19.0000         16.0000          4.0000        298.7852
  112          7.0101         20.0000         16.0000          4.0000        298.7390
   98          7.0101         18.0000         16.0000          1.0000        299.5454
   99          7.0101         19.0000         16.0000          1.0000        299.5145
  100          7.0101         20.0000         16.0000          1.0000        299.4073
  102          7.0101         18.0000         16.0000          2.0000        299.3427
  103          7.0101         19.0000         16.0000          2.0000        299.3216
  104          7.0101         20.0000         16.0000          2.0000        299.2321
  106          7.0101         18.0000         16.0000          3.0000        299.0935
  107          7.0101         19.0000         16.0000          3.0000        299.0769
  108          7.0101         20.0000         16.0000          3.0000        299.0114
  110          7.0101         18.0000         16.0000          4.0000        298.8078
  111          7.0101         19.0000         16.0000          4.0000        298.7968
  112          7.0101         20.0000         16.0000          4.0000        298.7494
   98          7.0101         18.0000         16.0000          1.0000        299.5467
   99          7.0101         19.0000         16.0000          1.0000        299.5158
  100          7.0101         20.0000         16.0000          1.0000        299.4084
  102          7.0101         18.0000         16.0000          2.0000        299.3441
  103          7.0101         19.0000         16.0000          2.0000        299.3230
  104          7.0101         20.0000         16.0000          2.0000        299.2334
  106          7.0101         18.0000         16.0000          3.0000        299.0949
  107          7.0101         19.0000         16.0000          3.0000        299.0783
  108          7.0101         20.0000         16.0000          3.0000        299.0127
  110          7.0101         18.0000         16.0000          4.0000        298.8091
  111          7.0101         19.0000         16.0000          4.0000        298.7982
  112          7.0101         20.0000         16.0000          4.0000        298.7507
   98          8.0019         18.0000         16.0000          1.0000        300.6468
   99          8.0019         19.0000         16.0000          1.0000        300.6198
  100          8.0019         20.0000         16.0000          1.0000        300.5925
  102          8.0019         18.0000         16.0000          2.0000        300.6466
  103          8.0019         19.0000         16.0000          2.0000        300.6295
  104          8.0019         20.0000         16.0000          2.0000        300.6081
  106          8.0019         18.0000         16.0000          3.0000        300.6396
  107          8.0019         19.0000         16.0000          3.0000        300.6270
  108          8.0019         20.0000         16.0000          3.0000        300.6112
  110          8.0019         18.0000         16.0000          4.0000        300.6260
  111          8.0019         19.0000         16.0000          4.0000        300.6179
  112          8.0019         20.0000         16.0000          4.0000        300.6084
   98          8.0019         18.0000         16.0000          1.0000        300.6779
   99          8.0019         19.0000         16.0000          1.0000        300.6513
  100          8.0019         20.0000         16.0000          1.0000        300.6208
  102          8.0019         18.0000         16.0000          2.0000        300.6754
  103          8.0019         19.0000         16.0000          2.0000        300.6585
  104          8.0019         20.0000         16.0000          2.0000        300.6343
  106          8.0019         18.0000         16.0000          3.0000        300.6642
  107          8.0019         19.0000         16.0000          3.0000        300.6516
  108          8.0019         20.0000         16.0000          3.0000        300.6336
  110          8.0019         18.0000         16.0000          4.0000        300.6448
  111          8.0019         19.0000         16.0000          4.0000        300.6367
  112          8.0019         20.0000         16.0000          4.0000        300.6255
   98          8.0019         18.0000         16.0000          1.0000        300.6810
   99          8.0019         19.0000         16.0000          1.0000        300.6545
  100          8.0019         20.0000         16.0000          1.0000        300.6237
  102          8.0019         18.0000         16.0000          2.0000        300.6786
  103          8.0019         19.0000         16.0000          2.0000        300.6618
  104          8.0019         20.0000         16.0000          2.0000        300.6373
  106          8.0019         18.0000         16.0000          3.0000        300.6672
  107          8.0019         19.0000         16.0000          3.0000        300.6547
  108          8.0019         20.0000         16.0000          3.0000        300.6365
  110          8.0019         18.0000         16.0000          4.0000        300.6475
  111          8.0019         19.0000         16.0000          4.0000        300.6395
  112          8.0019         20.0000         16.0000          4.0000        300.6280
   98          9.0076         18.0000         16.0000          1.0000        306.4139
   99          9.0076         19.0000         16.0000          1.0000        306.4017
  100          9.0076         20.0000         16.0000          1.0000        306.6445
  102          9.0076         18.0000         16.0000          2.0000        307.2677
  103          9.0076         19.0000         16.0000          2.0000        307.2622
  104          9.0076         20.0000         16.0000          2.0000        307.4594
  106          9.0076         18.0000         16.0000          3.0000        308.1252
  107          9.0076         19.0000         16.0000          3.0000        308.1153
  108          9.0076         20.0000         16.0000          3.0000        308.2443
  110          9.0076         18.0000         16.0000          4.0000        309.0229
  111          9.0076         19.0000         16.0000          4.0000        309.0086
  112          9.0076         20.0000         16.0000          4.0000        309.1001
   98          9.0076         18.0000         16.0000          1.0000        306.4480
   99          9.0076         19.0000         16.0000          1.0000        306.4363
  100          9.0076         20.0000         16.0000          1.0000        306.6759
  102          9.0076         18.0000         16.0000          2.0000        307.2995
  103          9.0076         19.0000         16.0000          2.0000        307.2943
  104          9.0076         20.0000         16.0000          2.0000        307.4887
  106          9.0076         18.0000         16.0000          3.0000        308.1516
  107          9.0076         19.0000         16.0000          3.0000        308.1419
  108          9.0076         20.0000         16.0000          3.0000        308.2686
  110          9.0076         18.0000         16.0000          4.0000        309.0422
  111          9.0076         19.0000         16.0000          4.0000        309.0279
  112          9.0076         20.0000         16.0000          4.0000        309.1176
   98          9.0076         18.0000         16.0000          1.0000        306.4509
   99          9.0076         19.0000         16.0000          1.0000        306.4393
  100          9.0076         20.0000         16.0000          1.0000        306.6786
  102          9.0076         18.0000         16.0000          2.0000        307.3022
  103          9.0076         19.0000         16.0000          2.0000        307.2971
  104          9.0076         20.0000         16.0000          2.0000        307.4912
  106          9.0076         18.0000         16.0000          3.0000        308.1541
  107          9.0076         19.0000         16.0000          3.0000        308.1445
  108          9.0076         20.0000         16.0000          3.0000        308.2710
  110          9.0076         18.0000         16.0000          4.0000        309.0444
  111          9.0076         19.0000         16.0000          4.0000        309.0302
  112          9.0076         20.0000         16.0000          4.0000        309.1198
   98         10.0019         18.0000         16.0000          1.0000        312.8679
   99         10.0019         19.0000         16.0000          1.0000        312.7868
  100         10.0019         20.0000         16.0000          1.0000        312.9918
  102         10.0019         18.0000         16.0000          2.0000        314.3075
  103         10.0019         19.0000         16.0000          2.0000        314.2567
  104         10.0019         20.0000         16.0000          2.0000        314.5595
  106         10.0019         18.0000         16.0000          3.0000        315.7446
  107         10.0019         19.0000         16.0000          3.0000        315.7038
  108         10.0019         20.0000         16.0000          3.0000        315.9135
  110         10.0019         18.0000         16.0000          4.0000        317.2210
  111         10.0019         19.0000         16.0000          4.0000        317.1780
  112         10.0019         20.0000         16.0000          4.0000        317.3253
   98         10.0019         18.0000         16.0000          1.0000        312.8846
   99         10.0019         19.0000         16.0000          1.0000        312.8040
  100         10.0019         20.0000         16.0000          1.0000        313.0052
  102         10.0019         18.0000         16.0000          2.0000        314.3189
  103         10.0019         19.0000         16.0000          2.0000        314.2684
  104         10.0019         20.0000         16.0000          2.0000        314.5681
  106         10.0019         18.0000         16.0000          3.0000        315.7492
  107         10.0019         19.0000         16.0000          3.0000        315.7087
  108         10.0019         20.0000         16.0000          3.0000        315.9160
  110         10.0019         18.0000         16.0000          4.0000        317.2185
  111         10.0019         19.0000         16.0000          4.0000        317.1756
  112         10.0019         20.0000         16.0000          4.0000        317.3213
   98         10.0019         18.0000         16.0000          1.0000        312.8912
   99         10.0019         19.0000         16.0000          1.0000        312.8109
  100         10.0019         20.0000         16.0000          1.0000        313.0114
  102         10.0019         18.0000         16.0000          2.0000        314.3249
  103         10.0019         19.0000         16.0000          2.0000        314.2746
  104         10.0019         20.0000         16.0000          2.0000        314.5738
  106         10.0019         18.0000         16.0000          3.0000        315.7549
  107         10.0019         19.0000         16.0000          3.0000        315.7144
  108         10.0019         20.0000         16.0000          3.0000        315.9214
  110         10.0019         18.0000         16.0000          4.0000        317.2236
  111         10.0019         19.0000         16.0000          4.0000        317.1808
  112         10.0019         20.0000         16.0000          4.0000        317.3262
   98         11.0003         18.0000         16.0000          1.0000        318.3714
   99         11.0003         19.0000         16.0000          1.0000        318.4787
  100         11.0003         20.0000         16.0000          1.0000        319.1941
  102         11.0003         18.0000         16.0000          2.0000        320.3378
  103         11.0003         19.0000         16.0000          2.0000        320.3403
  104         11.0003         20.0000         16.0000          2.0000        320.8865
  106         11.0003         18.0000         16.0000          3.0000        322.3489
  107         11.0003         19.0000         16.0000          3.0000        322.3316
  108         11.0003         20.0000         16.0000          3.0000        322.7036
  110         11.0003         18.0000         16.0000          4.0000        324.4039
  111         11.0003         19.0000         16.0000          4.0000        324.3737
  112         11.0003         20.0000         16.0000          4.0000        324.6435
   98         11.0003         18.0000         16.0000          1.0000        318.3959
   99         11.0003         19.0000         16.0000          1.0000        318.5037
  100         11.0003         20.0000         16.0000          1.0000        319.2164
  102         11.0003         18.0000         16.0000          2.0000        320.3593
  103         11.0003         19.0000         16.0000          2.0000        320.3621
  104         11.0003         20.0000         16.0000          2.0000        320.9061
  106         11.0003         18.0000         16.0000          3.0000        322.3663
  107         11.0003         19.0000         16.0000          3.0000        322.3492
  108         11.0003         20.0000         16.0000          3.0000        322.7195
  110         11.0003         18.0000         16.0000          4.0000        324.4163
  111         11.0003         19.0000         16.0000          4.0000        324.3863
  112         11.0003         20.0000         16.0000          4.0000        324.6550
   98         11.0003         18.0000         16.0000          1.0000        318.3981
   99         11.0003         19.0000         16.0000          1.0000        318.5059
  100         11.0003         20.0000         16.0000          1.0000        319.2183
  102         11.0003         18.0000         16.0000          2.0000        320.3614
  103         11.0003         19.0000         16.0000          2.0000        320.3642
  104         11.0003         20.0000         16.0000          2.0000        320.9080
  106         11.0003         18.0000         16.0000          3.0000        322.3682
  107         11.0003         19.0000         16.0000          3.0000        322.3511
  108         11.0003         20.0000         16.0000          3.0000        322.7213
  110         11.0003         18.0000         16.0000          4.0000        324.4180
  111         11.0003         19.0000         16.0000          4.0000        324.3880
  112         11.0003         20.0000         16.0000          4.0000        324.6565
   98         12.0013         18.0000         16.0000          1.0000        321.6345
   99         12.0013         19.0000         16.0000          1.0000        321.7379
  100         12.0013         20.0000         16.0000          1.0000        322.6524
  102         12.0013         18.0000         16.0000          2.0000        323.7420
  103         12.0013         19.0000         16.0000          2.0000        323.8208
  104         12.0013         20.0000         16.0000          2.0000        324.4408
  106         12.0013         18.0000         16.0000          3.0000        325.7507
  107         12.0013         19.0000         16.0000          3.0000        325.8219
  108         12.0013         20.0000         16.0000          3.0000        326.2515
  110         12.0013         18.0000         16.0000          4.0000        327.7534
  111         12.0013         19.0000         16.0000          4.0000        327.8070
  112         12.0013         20.0000         16.0000          4.0000        328.1224
   98         12.0013         18.0000         16.0000          1.0000        321.6722
   99         12.0013         19.0000         16.0000          1.0000        321.7231
  100         12.0013         20.0000         16.0000          1.0000        322.4488
  102         12.0013         18.0000         16.0000          2.0000        323.7506
  103         12.0013         19.0000         16.0000          2.0000        323.8266
  104         12.0013         20.0000         16.0000          2.0000        324.4191
  106         12.0013         18.0000         16.0000          3.0000        325.7458
  107         12.0013         19.0000         16.0000          3.0000        325.8337
  108         12.0013         20.0000         16.0000          3.0000        326.2608
  110         12.0013         18.0000         16.0000          4.0000        327.7406
  111         12.0013         19.0000         16.0000          4.0000        327.8212
  112         12.0013         20.0000         16.0000          4.0000        328.1364
   98         12.0013         18.0000         16.0000          1.0000        321.6732
   99         12.0013         19.0000         16.0000          1.0000        321.7264
  100         12.0013         20.0000         16.0000          1.0000        322.4635
  102         12.0013         18.0000         16.0000          2.0000        323.7537
  103         12.0013         19.0000         16.0000          2.0000        323.8280
  104         12.0013         20.0000         16.0000          2.0000        324.4207
  106         12.0013         18.0000         16.0000          3.0000        325.7497
  107         12.0013         19.0000         16.0000          3.0000        325.8342
  108         12.0013         20.0000         16.0000          3.0000        326.2595
  110         12.0013         18.0000         16.0000          4.0000        327.7445
  111         12.0013         19.0000         16.0000          4.0000        327.8210
  112         12.0013         20.0000         16.0000          4.0000        328.1343
   98         12.0013         18.0000         16.0000          1.0000        321.6744
   99         12.0013         19.0000         16.0000          1.0000        321.7274
  100         12.0013         20.0000         16.0000          1.0000        322.4634
  102         12.0013         18.0000         16.0000          2.0000        323.7543
  103         12.0013         19.0000         16.0000          2.0000        323.8290
  104         12.0013         20.0000         16.0000          2.0000        324.4216
  106         12.0013         18.0000         16.0000          3.0000        325.7500
  107         12.0013         19.0000         16.0000          3.0000        325.8350
  108         12.0013         20.0000         16.0000          3.0000        326.2606
  110         12.0013         18.0000         16.0000          4.0000        327.7446
  111         12.0013         19.0000         16.0000          4.0000        327.8216
  112         12.0013         20.0000         16.0000          4.0000        328.1352
   98         13.0030         18.0000         16.0000          1.0000        322.8380
   99         13.0030         19.0000         16.0000          1.0000        322.9102
  100         13.0030         20.0000         16.0000          1.0000        323.7268
  102         13.0030         18.0000         16.0000          2.0000        324.9332
  103         13.0030         19.0000         16.0000          2.0000        325.0138
  104         13.0030         20.0000         16.0000          2.0000        325.6049
  106         13.0030         18.0000         16.0000          3.0000        326.7785
  107         13.0030         19.0000         16.0000          3.0000        326.8651
  108         13.0030         20.0000         16.0000          3.0000        327.2817
  110         13.0030         18.0000         16.0000          4.0000        328.5480
  111         13.0030         19.0000         16.0000          4.0000        328.6174
  112         13.0030         20.0000         16.0000          4.0000        328.9209
   98         13.0030         18.0000         16.0000          1.0000        322.8550
   99         13.0030         19.0000         16.0000          1.0000        322.9274
  100         13.0030         20.0000         16.0000          1.0000        323.7417
  102         13.0030         18.0000         16.0000          2.0000        324.9476
  103         13.0030         19.0000         16.0000          2.0000        325.0283
  104         13.0030         20.0000         16.0000          2.0000        325.6176
  106         13.0030         18.0000         16.0000          3.0000        326.7899
  107         13.0030         19.0000         16.0000          3.0000        326.8766
  108         13.0030         20.0000         16.0000          3.0000        327.2920
  110         13.0030         18.0000         16.0000          4.0000        328.5560
  111         13.0030         19.0000         16.0000          4.0000        328.6255
  112         13.0030         20.0000         16.0000          4.0000        328.9282
   98         13.0030         18.0000         16.0000          1.0000        322.8567
   99         13.0030         19.0000         16.0000          1.0000        322.9291
  100         13.0030         20.0000         16.0000          1.0000        323.7432
  102         13.0030         18.0000         16.0000          2.0000        324.9492
  103         13.0030         19.0000         16.0000          2.0000        325.0299
  104         13.0030         20.0000         16.0000          2.0000        325.6191
  106         13.0030         18.0000         16.0000          3.0000        326.7914
  107         13.0030         19.0000         16.0000          3.0000        326.8781
  108         13.0030         20.0000         16.0000          3.0000        327.2933
  110         13.0030         18.0000         16.0000          4.0000        328.5573
  111         13.0030         19.0000         16.0000          4.0000        328.6267
  112         13.0030         20.0000         16.0000          4.0000        328.9293
   98         14.0008         18.0000         16.0000          1.0000        322.3844
   99         14.0008         19.0000         16.0000          1.0000        322.4345
  100         14.0008         20.0000         16.0000          1.0000        323.2922
  102         14.0008         18.0000         16.0000          2.0000        324.5825
  103         14.0008         19.0000         16.0000          2.0000        324.6485
  104         14.0008         20.0000         16.0000          2.0000        325.3309
  106         14.0008         18.0000         16.0000          3.0000        326.7487
  107         14.0008         19.0000         16.0000          3.0000        326.8207
  108         14.0008         20.0000         16.0000          3.0000        327.3140
  110         14.0008         18.0000         16.0000          4.0000        328.8890
  111         14.0008         19.0000         16.0000          4.0000        328.9470
  112         14.0008         20.0000         16.0000          4.0000        329.3145
   98         14.0008         18.0000         16.0000          1.0000        322.4999
   99         14.0008         19.0000         16.0000          1.0000        322.5510
  100         14.0008         20.0000         16.0000          1.0000        323.4033
  102         14.0008         18.0000         16.0000          2.0000        324.6912
  103         14.0008         19.0000         16.0000          2.0000        324.7581
  104         14.0008         20.0000         16.0000          2.0000        325.4335
  106         14.0008         18.0000         16.0000          3.0000        326.8406
  107         14.0008         19.0000         16.0000          3.0000        326.9135
  108         14.0008         20.0000         16.0000          3.0000        327.4002
  110         14.0008         18.0000         16.0000          4.0000        328.9577
  111         14.0008         19.0000         16.0000          4.0000        329.0164
  112         14.0008         20.0000         16.0000          4.0000        329.3783
   98         14.0008         18.0000         16.0000          1.0000        322.5125
   99         14.0008         19.0000         16.0000          1.0000        322.5639
  100         14.0008         20.0000         16.0000          1.0000        323.4150
  102         14.0008         18.0000         16.0000          2.0000        324.7029
  103         14.0008         19.0000         16.0000          2.0000        324.7700
  104         14.0008         20.0000         16.0000          2.0000        325.4444
  106         14.0008         18.0000         16.0000          3.0000        326.8512
  107         14.0008         19.0000         16.0000          3.0000        326.9242
  108         14.0008         20.0000         16.0000          3.0000        327.4102
  110         14.0008         18.0000         16.0000          4.0000        328.9670
  111         14.0008         19.0000         16.0000          4.0000        329.0257
  112         14.0008         20.0000         16.0000          4.0000        329.3870
   98         14.0008         18.0000         16.0000          1.0000        322.5153
   99         14.0008         19.0000         16.0000          1.0000        322.5668
  100         14.0008         20.0000         16.0000          1.0000        323.4175
  102         14.0008         18.0000         16.0000          2.0000        324.7052
  103         14.0008         19.0000         16.0000          2.0000        324.7723
  104         14.0008         20.0000         16.0000          2.0000        325.4466
  106         14.0008         18.0000         16.0000          3.0000        326.8532
  107         14.0008         19.0000         16.0000          3.0000        326.9262
  108         14.0008         20.0000         16.0000          3.0000        327.4121
  110         14.0008         18.0000         16.0000          4.0000        328.9686
  111         14.0008         19.0000         16.0000          4.0000        329.0273
  112         14.0008         20.0000         16.0000          4.0000        329.3885
   98         15.0009         18.0000         16.0000          1.0000        324.0090
   99         15.0009         19.0000         16.0000          1.0000        324.0328
  100         15.0009         20.0000         16.0000          1.0000        324.7184
  102         15.0009         18.0000         16.0000          2.0000        325.9513
  103         15.0009         19.0000         16.0000          2.0000        326.0409
  104         15.0009         20.0000         16.0000          2.0000        326.5774
  106         15.0009         18.0000         16.0000          3.0000        327.6220
  107         15.0009         19.0000         16.0000          3.0000        327.7365
  108         15.0009         20.0000         16.0000          3.0000        328.1228
  110         15.0009         18.0000         16.0000          4.0000        329.2992
  111         15.0009         19.0000         16.0000          4.0000        329.4044
  112         15.0009         20.0000         16.0000          4.0000        329.6872
   98         15.0009         18.0000         16.0000          1.0000        323.9130
   99         15.0009         19.0000         16.0000          1.0000        323.9364
  100         15.0009         20.0000         16.0000          1.0000        324.6233
  102         15.0009         18.0000         16.0000          2.0000        325.8599
  103         15.0009         19.0000         16.0000          2.0000        325.9489
  104         15.0009         20.0000         16.0000          2.0000        326.4899
  106         15.0009         18.0000         16.0000          3.0000        327.5457
  107         15.0009         19.0000         16.0000          3.0000        327.6595
  108         15.0009         20.0000         16.0000          3.0000        328.0510
  110         15.0009         18.0000         16.0000          4.0000        329.2443
  111         15.0009         19.0000         16.0000          4.0000        329.3489
  112         15.0009         20.0000         16.0000          4.0000        329.6368
   98         15.0009         18.0000         16.0000          1.0000        323.9044
   99         15.0009         19.0000         16.0000          1.0000        323.9274
  100         15.0009         20.0000         16.0000          1.0000        324.6157
  102         15.0009         18.0000         16.0000          2.0000        325.8522
  103         15.0009         19.0000         16.0000          2.0000        325.9410
  104         15.0009         20.0000         16.0000          2.0000        326.4829
  106         15.0009         18.0000         16.0000          3.0000        327.5384
  107         15.0009         19.0000         16.0000          3.0000        327.6521
  108         15.0009         20.0000         16.0000          3.0000        328.0442
  110         15.0009         18.0000         16.0000          4.0000        329.2375
  111         15.0009         19.0000         16.0000          4.0000        329.3421
  112         15.0009         20.0000         16.0000          4.0000        329.6303
   98         15.0022         18.0000         16.0000          1.0000        323.8758
   99         15.0022         19.0000         16.0000          1.0000        323.8984
  100         15.0022         20.0000         16.0000          1.0000        324.5894
  102         15.0022         18.0000         16.0000          2.0000        325.8266
  103         15.0022         19.0000         16.0000          2.0000        325.9152
  104         15.0022         20.0000         16.0000          2.0000        326.4592
  106         15.0022         18.0000         16.0000          3.0000        327.5161
  107         15.0022         19.0000         16.0000          3.0000        327.6297
  108         15.0022         20.0000         16.0000          3.0000        328.0233
  110         15.0022         18.0000         16.0000          4.0000        329.2188
  111         15.0022         19.0000         16.0000          4.0000        329.3234
  112         15.0022         20.0000         16.0000          4.0000        329.6126
   98         15.0022         18.0000         16.0000          1.0000        323.8948
   99         15.0022         19.0000         16.0000          1.0000        323.9178
  100         15.0022         20.0000         16.0000          1.0000        324.6064
  102         15.0022         18.0000         16.0000          2.0000        325.8428
  103         15.0022         19.0000         16.0000          2.0000        325.9316
  104         15.0022         20.0000         16.0000          2.0000        326.4738
  106         15.0022         18.0000         16.0000          3.0000        327.5291
  107         15.0022         19.0000         16.0000          3.0000        327.6428
  108         15.0022         20.0000         16.0000          3.0000        328.0351
  110         15.0022         18.0000         16.0000          4.0000        329.2281
  111         15.0022         19.0000         16.0000          4.0000        329.3327
  112         15.0022         20.0000         16.0000          4.0000        329.6211
   98         15.0022         18.0000         16.0000          1.0000        323.8966
   99         15.0022         19.0000         16.0000          1.0000        323.9196
  100         15.0022         20.0000         16.0000          1.0000        324.6081
  102         15.0022         18.0000         16.0000          2.0000        325.8446
  103         15.0022         19.0000         16.0000          2.0000        325.9334
  104         15.0022         20.0000         16.0000          2.0000        326.4754
  106         15.0022         18.0000         16.0000          3.0000        327.5308
  107         15.0022         19.0000         16.0000          3.0000        327.6445
  108         15.0022         20.0000         16.0000          3.0000        328.0367
  110         15.0022         18.0000         16.0000          4.0000        329.2295
  111         15.0022         19.0000         16.0000          4.0000        329.3342
  112         15.0022         20.0000         16.0000          4.0000        329.6225
   98         16.0012         18.0000         16.0000          1.0000        321.8361
   99         16.0012         19.0000         16.0000          1.0000        321.7291
  100         16.0012         20.0000         16.0000          1.0000        322.2706
  102         16.0012         18.0000         16.0000          2.0000        323.3061
  103         16.0012         19.0000         16.0000          2.0000        323.4044
  104         16.0012         20.0000         16.0000          2.0000        323.8469
  106         16.0012         18.0000         16.0000          3.0000        324.6713
  107         16.0012         19.0000         16.0000          3.0000        324.8066
  108         16.0012         20.0000         16.0000          3.0000        325.1312
  110         16.0012         18.0000         16.0000          4.0000        325.9824
  111         16.0012         19.0000         16.0000          4.0000        326.1070
  112         16.0012         20.0000         16.0000          4.0000        326.3511
   98         16.0012         18.0000         16.0000          1.0000        321.8509
   99         16.0012         19.0000         16.0000          1.0000        321.7446
  100         16.0012         20.0000         16.0000          1.0000        322.2836
  102         16.0012         18.0000         16.0000          2.0000        323.3182
  103         16.0012         19.0000         16.0000          2.0000        323.4167
  104         16.0012         20.0000         16.0000          2.0000        323.8573
  106         16.0012         18.0000         16.0000          3.0000        324.6805
  107         16.0012         19.0000         16.0000          3.0000        324.8159
  108         16.0012         20.0000         16.0000          3.0000        325.1391
  110         16.0012         18.0000         16.0000          4.0000        325.9907
  111         16.0012         19.0000         16.0000          4.0000        326.1153
  112         16.0012         20.0000         16.0000          4.0000        326.3586
   98         16.0012         18.0000         16.0000          1.0000        321.8535
   99         16.0012         19.0000         16.0000          1.0000        321.7472
  100         16.0012         20.0000         16.0000          1.0000        322.2859
  102         16.0012         18.0000         16.0000          2.0000        323.3206
  103         16.0012         19.0000         16.0000          2.0000        323.4191
  104         16.0012         20.0000         16.0000          2.0000        323.8595
  106         16.0012         18.0000         16.0000          3.0000        324.6826
  107         16.0012         19.0000         16.0000          3.0000        324.8181
  108         16.0012         20.0000         16.0000          3.0000        325.1411
  110         16.0012         18.0000         16.0000          4.0000        325.9924
  111         16.0012         19.0000         16.0000          4.0000        326.1171
  112         16.0012         20.0000         16.0000          4.0000        326.3602
   98         17.0023         18.0000         16.0000          1.0000        317.7544
   99         17.0023         19.0000         16.0000          1.0000        317.7474
  100         17.0023         20.0000         16.0000          1.0000        318.2538
  102         17.0023         18.0000         16.0000          2.0000        319.0832
  103         17.0023         19.0000         16.0000          2.0000        319.1591
  104         17.0023         20.0000         16.0000          2.0000        319.5775
  106         17.0023         18.0000         16.0000          3.0000        320.4559
  107         17.0023         19.0000         16.0000          3.0000        320.5377
  108         17.0023         20.0000         16.0000          3.0000        320.8422
  110         17.0023         18.0000         16.0000          4.0000        321.8373
  111         17.0023         19.0000         16.0000          4.0000        321.9076
  112         17.0023         20.0000         16.0000          4.0000        322.1376
   98         17.0023         18.0000         16.0000          1.0000        317.8487
   99         17.0023         19.0000         16.0000          1.0000        317.8426
  100         17.0023         20.0000         16.0000          1.0000        318.3445
  102         17.0023         18.0000         16.0000          2.0000        319.1718
  103         17.0023         19.0000         16.0000          2.0000        319.2484
  104         17.0023         20.0000         16.0000          2.0000        319.6611
  106         17.0023         18.0000         16.0000          3.0000        320.5307
  107         17.0023         19.0000         16.0000          3.0000        320.6131
  108         17.0023         20.0000         16.0000          3.0000        320.9122
  110         17.0023         18.0000         16.0000          4.0000        321.8908
  111         17.0023         19.0000         16.0000          4.0000        321.9615
  112         17.0023         20.0000         16.0000          4.0000        322.1869
   98         17.0023         18.0000         16.0000          1.0000        317.8593
   99         17.0023         19.0000         16.0000          1.0000        317.8534
  100         17.0023         20.0000         16.0000          1.0000        318.3543
  102         17.0023         18.0000         16.0000          2.0000        319.1817
  103         17.0023         19.0000         16.0000          2.0000        319.2584
  104         17.0023         20.0000         16.0000          2.0000        319.6703
  106         17.0023         18.0000         16.0000          3.0000        320.5398
  107         17.0023         19.0000         16.0000          3.0000        320.6223
  108         17.0023         20.0000         16.0000          3.0000        320.9208
  110         17.0023         18.0000         16.0000          4.0000        321.8988
  111         17.0023         19.0000         16.0000          4.0000        321.9696
  112         17.0023         20.0000         16.0000          4.0000        322.1945
   98         17.0023         18.0000         16.0000          1.0000        317.8614
   99         17.0023         19.0000         16.0000          1.0000        317.8556
  100         17.0023         20.0000         16.0000          1.0000        318.3562
  102         17.0023         18.0000         16.0000          2.0000        319.1835
  103         17.0023         19.0000         16.0000          2.0000        319.2602
  104         17.0023         20.0000         16.0000          2.0000        319.6720
  106         17.0023         18.0000         16.0000          3.0000        320.5413
  107         17.0023         19.0000         16.0000          3.0000        320.6238
  108         17.0023         20.0000         16.0000          3.0000        320.9222
  110         17.0023         18.0000         16.0000          4.0000        321.9001
  111         17.0023         19.0000         16.0000          4.0000        321.9709
  112         17.0023         20.0000         16.0000          4.0000        322.1956
   98         18.0008         18.0000         16.0000          1.0000        312.8611
   99         18.0008         19.0000         16.0000          1.0000        312.8856
  100         18.0008         20.0000         16.0000          1.0000        313.1845
  102         18.0008         18.0000         16.0000          2.0000        313.7651
  103         18.0008         19.0000         16.0000          2.0000        313.8186
  104         18.0008         20.0000         16.0000          2.0000        314.0535
  106         18.0008         18.0000         16.0000          3.0000        314.5704
  107         18.0008         19.0000         16.0000          3.0000        314.6258
  108         18.0008         20.0000         16.0000          3.0000        314.7900
  110         18.0008         18.0000         16.0000          4.0000        315.2950
  111         18.0008         19.0000         16.0000          4.0000        315.3427
  112         18.0008         20.0000         16.0000          4.0000        315.4644
   98         18.0008         18.0000         16.0000          1.0000        312.8066
   99         18.0008         19.0000         16.0000          1.0000        312.8311
  100         18.0008         20.0000         16.0000          1.0000        313.1295
  102         18.0008         18.0000         16.0000          2.0000        313.7107
  103         18.0008         19.0000         16.0000          2.0000        313.7638
  104         18.0008         20.0000         16.0000          2.0000        314.0004
  106         18.0008         18.0000         16.0000          3.0000        314.5219
  107         18.0008         19.0000         16.0000          3.0000        314.5769
  108         18.0008         20.0000         16.0000          3.0000        314.7434
  110         18.0008         18.0000         16.0000          4.0000        315.2558
  111         18.0008         19.0000         16.0000          4.0000        315.3032
  112         18.0008         20.0000         16.0000          4.0000        315.4272
   98         18.0008         18.0000         16.0000          1.0000        312.7993
   99         18.0008         19.0000         16.0000          1.0000        312.8235
  100         18.0008         20.0000         16.0000          1.0000        313.1227
  102         18.0008         18.0000         16.0000          2.0000        313.7040
  103         18.0008         19.0000         16.0000          2.0000        313.7570
  104         18.0008         20.0000         16.0000          2.0000        313.9941
  106         18.0008         18.0000         16.0000          3.0000        314.5158
  107         18.0008         19.0000         16.0000          3.0000        314.5707
  108         18.0008         20.0000         16.0000          3.0000        314.7376
  110         18.0008         18.0000         16.0000          4.0000        315.2505
  111         18.0008         19.0000         16.0000          4.0000        315.2979
  112         18.0008         20.0000         16.0000          4.0000        315.4222
   98         19.0009         18.0000         16.0000          1.0000        307.3239
   99         19.0009         19.0000         16.0000          1.0000        307.3223
  100         19.0009         20.0000         16.0000          1.0000        307.3948
  102         19.0009         18.0000         16.0000          2.0000        307.5658
  103         19.0009         19.0000         16.0000          2.0000        307.5763
  104         19.0009         20.0000         16.0000          2.0000        307.6230
  106         19.0009         18.0000         16.0000          3.0000        307.7172
  107         19.0009         19.0000         16.0000          3.0000        307.7290
  108         19.0009         20.0000         16.0000          3.0000        307.7578
  110         19.0009         18.0000         16.0000          4.0000        307.7972
  111         19.0009         19.0000         16.0000          4.0000        307.8082
  112         19.0009         20.0000         16.0000          4.0000        307.8285
   98         19.0009         18.0000         16.0000          1.0000        307.3375
   99         19.0009         19.0000         16.0000          1.0000        307.3362
  100         19.0009         20.0000         16.0000          1.0000        307.4068
  102         19.0009         18.0000         16.0000          2.0000        307.5773
  103         19.0009         19.0000         16.0000          2.0000        307.5879
  104         19.0009         20.0000         16.0000          2.0000        307.6331
  106         19.0009         18.0000         16.0000          3.0000        307.7261
  107         19.0009         19.0000         16.0000          3.0000        307.7379
  108         19.0009         20.0000         16.0000          3.0000        307.7657
  110         19.0009         18.0000         16.0000          4.0000        307.8032
  111         19.0009         19.0000         16.0000          4.0000        307.8141
  112         19.0009         20.0000         16.0000          4.0000        307.8338
   98         19.0009         18.0000         16.0000          1.0000        307.3381
   99         19.0009         19.0000         16.0000          1.0000        307.3368
  100         19.0009         20.0000         16.0000          1.0000        307.4073
  102         19.0009         18.0000         16.0000          2.0000        307.5780
  103         19.0009         19.0000         16.0000          2.0000        307.5886
  104         19.0009         20.0000         16.0000          2.0000        307.6338
  106         19.0009         18.0000         16.0000          3.0000        307.7268
  107         19.0009         19.0000         16.0000          3.0000        307.7387
  108         19.0009         20.0000         16.0000          3.0000        307.7664
  110         19.0009         18.0000         16.0000          4.0000        307.8038
  111         19.0009         19.0000         16.0000          4.0000        307.8148
  112         19.0009         20.0000         16.0000          4.0000        307.8344
   98         20.0012         18.0000         16.0000          1.0000        304.0377
   99         20.0012         19.0000         16.0000          1.0000        304.0180
  100         20.0012         20.0000         16.0000          1.0000        303.9454
  102         20.0012         18.0000         16.0000          2.0000        303.8710
  103         20.0012         19.0000         16.0000          2.0000        303.8599
  104         20.0012         20.0000         16.0000          2.0000        303.7850
  106         20.0012         18.0000         16.0000          3.0000        303.5784
  107         20.0012         19.0000         16.0000          3.0000        303.5692
  108         20.0012         20.0000         16.0000          3.0000        303.5109
  110         20.0012         18.0000         16.0000          4.0000        303.2274
  111         20.0012         19.0000         16.0000          4.0000        303.2217
  112         20.0012         20.0000         16.0000          4.0000        303.1783
   98         20.0012         18.0000         16.0000          1.0000        304.0513
   99         20.0012         19.0000         16.0000          1.0000        304.0319
  100         20.0012         20.0000         16.0000          1.0000        303.9571
  102         20.0012         18.0000         16.0000          2.0000        303.8822
  103         20.0012         19.0000         16.0000          2.0000        303.8711
  104         20.0012         20.0000         16.0000          2.0000        303.7946
  106         20.0012         18.0000         16.0000          3.0000        303.5868
  107         20.0012         19.0000         16.0000          3.0000        303.5776
  108         20.0012         20.0000         16.0000          3.0000        303.5182
  110         20.0012         18.0000         16.0000          4.0000        303.2327
  111         20.0012         19.0000         16.0000          4.0000        303.2271
  112         20.0012         20.0000         16.0000          4.0000        303.1830
   98         20.0012         18.0000         16.0000          1.0000        304.0521
   99         20.0012         19.0000         16.0000          1.0000        304.0326
  100         20.0012         20.0000         16.0000          1.0000        303.9577
  102         20.0012         18.0000         16.0000          2.0000        303.8831
  103         20.0012         19.0000         16.0000          2.0000        303.8720
  104         20.0012         20.0000         16.0000          2.0000        303.7954
  106         20.0012         18.0000         16.0000          3.0000        303.5877
  107         20.0012         19.0000         16.0000          3.0000        303.5785
  108         20.0012         20.0000         16.0000          3.0000        303.5190
  110         20.0012         18.0000         16.0000          4.0000        303.2335
  111         20.0012         19.0000         16.0000          4.0000        303.2279
  112         20.0012         20.0000         16.0000          4.0000        303.1837
   98         21.0061         18.0000         16.0000          1.0000        302.6942
   99         21.0061         19.0000         16.0000          1.0000        302.6679
  100         21.0061         20.0000         16.0000          1.0000        302.5690
  102         21.0061         18.0000         16.0000          2.0000        302.4427
  103         21.0061         19.0000         16.0000          2.0000        302.4240
  104         21.0061         20.0000         16.0000          2.0000        302.3319
  106         21.0061         18.0000         16.0000          3.0000        302.0865
  107         21.0061         19.0000         16.0000          3.0000        302.0704
  108         21.0061         20.0000         16.0000          3.0000        302.0026
  110         21.0061         18.0000         16.0000          4.0000        301.6954
  111         21.0061         19.0000         16.0000          4.0000        301.6846
  112         21.0061         20.0000         16.0000          4.0000        301.6353
   98         21.0061         18.0000         16.0000          1.0000        302.7083
   99         21.0061         19.0000         16.0000          1.0000        302.6823
  100         21.0061         20.0000         16.0000          1.0000        302.5812
  102         21.0061         18.0000         16.0000          2.0000        302.4546
  103         21.0061         19.0000         16.0000          2.0000        302.4361
  104         21.0061         20.0000         16.0000          2.0000        302.3423
  106         21.0061         18.0000         16.0000          3.0000        302.0958
  107         21.0061         19.0000         16.0000          3.0000        302.0799
  108         21.0061         20.0000         16.0000          3.0000        302.0109
  110         21.0061         18.0000         16.0000          4.0000        301.7017
  111         21.0061         19.0000         16.0000          4.0000        301.6909
  112         21.0061         20.0000         16.0000          4.0000        301.6409
   98         21.0061         18.0000         16.0000          1.0000        302.7091
   99         21.0061         19.0000         16.0000          1.0000        302.6831
  100         21.0061         20.0000         16.0000          1.0000        302.5819
  102         21.0061         18.0000         16.0000          2.0000        302.4556
  103         21.0061         19.0000         16.0000          2.0000        302.4371
  104         21.0061         20.0000         16.0000          2.0000        302.3431
  106         21.0061         18.0000         16.0000          3.0000        302.0968
  107         21.0061         19.0000         16.0000          3.0000        302.0808
  108         21.0061         20.0000         16.0000          3.0000        302.0117
  110         21.0061         18.0000         16.0000          4.0000        301.7025
  111         21.0061         19.0000         16.0000          4.0000        301.6917
  112         21.0061         20.0000         16.0000          4.0000        301.6416
   98         22.0079         18.0000         16.0000          1.0000        301.8123
   99         22.0079         19.0000         16.0000          1.0000        301.7791
  100         22.0079         20.0000         16.0000          1.0000        301.6661
  102         22.0079         18.0000         16.0000          2.0000        301.5211
  103         22.0079         19.0000         16.0000          2.0000        301.4970
  104         22.0079         20.0000         16.0000          2.0000        301.3958
  106         22.0079         18.0000         16.0000          3.0000        301.1330
  107         22.0079         19.0000         16.0000          3.0000        301.1125
  108         22.0079         20.0000         16.0000          3.0000        301.0401
  110         22.0079         18.0000         16.0000          4.0000        300.7092
  111         22.0079         19.0000         16.0000          4.0000        300.6953
  112         22.0079         20.0000         16.0000          4.0000        300.6436
   98         22.0079         18.0000         16.0000          1.0000        301.8321
   99         22.0079         19.0000         16.0000          1.0000        301.7993
  100         22.0079         20.0000         16.0000          1.0000        301.6838
  102         22.0079         18.0000         16.0000          2.0000        301.5385
  103         22.0079         19.0000         16.0000          2.0000        301.5146
  104         22.0079         20.0000         16.0000          2.0000        301.4114
  106         22.0079         18.0000         16.0000          3.0000        301.1471
  107         22.0079         19.0000         16.0000          3.0000        301.1267
  108         22.0079         20.0000         16.0000          3.0000        301.0528
  110         22.0079         18.0000         16.0000          4.0000        300.7193
  111         22.0079         19.0000         16.0000          4.0000        300.7055
  112         22.0079         20.0000         16.0000          4.0000        300.6527
   98         22.0079         18.0000         16.0000          1.0000        301.8335
   99         22.0079         19.0000         16.0000          1.0000        301.8007
  100         22.0079         20.0000         16.0000          1.0000        301.6851
  102         22.0079         18.0000         16.0000          2.0000        301.5400
  103         22.0079         19.0000         16.0000          2.0000        301.5161
  104         22.0079         20.0000         16.0000          2.0000        301.4127
  106         22.0079         18.0000         16.0000          3.0000        301.1485
  107         22.0079         19.0000         16.0000          3.0000        301.1282
  108         22.0079         20.0000         16.0000          3.0000        301.0541
  110         22.0079         18.0000         16.0000          4.0000        300.7206
  111         22.0079         19.0000         16.0000          4.0000        300.7068
  112         22.0079         20.0000         16.0000          4.0000        300.6539
   98         23.0110         18.0000         16.0000          1.0000        301.3196
   99         23.0110         19.0000         16.0000          1.0000        301.2834
  100         23.0110         20.0000         16.0000          1.0000        301.1687
  102         23.0110         18.0000         16.0000          2.0000        301.0322
  103         23.0110         19.0000         16.0000          2.0000        301.0060
  104         23.0110         20.0000         16.0000          2.0000        300.9052
  106         23.0110         18.0000         16.0000          3.0000        300.6570
  107         23.0110         19.0000         16.0000          3.0000        300.6351
  108         23.0110         20.0000         16.0000          3.0000        300.5634
  110         23.0110         18.0000         16.0000          4.0000        300.2446
  111         23.0110         19.0000         16.0000          4.0000        300.2298
  112         23.0110         20.0000         16.0000          4.0000        300.1788
   98         23.0110         18.0000         16.0000          1.0000        301.3401
   99         23.0110         19.0000         16.0000          1.0000        301.3042
  100         23.0110         20.0000         16.0000          1.0000        301.1869
  102         23.0110         18.0000         16.0000          2.0000        301.0500
  103         23.0110         19.0000         16.0000          2.0000        301.0241
  104         23.0110         20.0000         16.0000          2.0000        300.9212
  106         23.0110         18.0000         16.0000          3.0000        300.6715
  107         23.0110         19.0000         16.0000          3.0000        300.6497
  108         23.0110         20.0000         16.0000          3.0000        300.5764
  110         23.0110         18.0000         16.0000          4.0000        300.2550
  111         23.0110         19.0000         16.0000          4.0000        300.2403
  112         23.0110         20.0000         16.0000          4.0000        300.1882
   98         23.0110         18.0000         16.0000          1.0000        301.3413
   99         23.0110         19.0000         16.0000          1.0000        301.3054
  100         23.0110         20.0000         16.0000          1.0000        301.1880
  102         23.0110         18.0000         16.0000          2.0000        301.0514
  103         23.0110         19.0000         16.0000          2.0000        301.0254
  104         23.0110         20.0000         16.0000          2.0000        300.9224
  106         23.0110         18.0000         16.0000          3.0000        300.6728
  107         23.0110         19.0000         16.0000          3.0000        300.6511
  108         23.0110         20.0000         16.0000          3.0000        300.5777
  110         23.0110         18.0000         16.0000          4.0000        300.2562
  111         23.0110         19.0000         16.0000          4.0000        300.2415
  112         23.0110         20.0000         16.0000          4.0000        300.1893
