   97          1.0142         17.0000         16.0000          1.0000          0.0000
  101          1.0142         17.0000         16.0000          2.0000          0.0000
  105          1.0142         17.0000         16.0000          3.0000          0.0000
  109          1.0142         17.0000         16.0000          4.0000          0.0000
   97          1.0142         17.0000         16.0000          1.0000          0.0000
  101          1.0142         17.0000         16.0000          2.0000          0.0000
  105          1.0142         17.0000         16.0000          3.0000          0.0000
  109          1.0142         17.0000         16.0000          4.0000          0.0000
   97          1.0142         17.0000         16.0000          1.0000          0.0000
  101          1.0142         17.0000         16.0000          2.0000          0.0000
  105          1.0142         17.0000         16.0000          3.0000          0.0000
  109          1.0142         17.0000         16.0000          4.0000          0.0000
   97          2.0138         17.0000         16.0000          1.0000          0.0000
  101          2.0138         17.0000         16.0000          2.0000          0.0000
  105          2.0138         17.0000         16.0000          3.0000          0.0000
  109          2.0138         17.0000         16.0000          4.0000          0.0000
   97          2.0138         17.0000         16.0000          1.0000          0.0000
  101          2.0138         17.0000         16.0000          2.0000          0.0000
  105          2.0138         17.0000         16.0000          3.0000          0.0000
  109          2.0138         17.0000         16.0000          4.0000          0.0000
   97          2.0138         17.0000         16.0000          1.0000          0.0000
  101          2.0138         17.0000         16.0000          2.0000          0.0000
  105          2.0138         17.0000         16.0000          3.0000          0.0000
  109          2.0138         17.0000         16.0000          4.0000          0.0000
   97          3.0126         17.0000         16.0000          1.0000          0.0000
  101          3.0126         17.0000         16.0000          2.0000          0.0000
  105          3.0126         17.0000         16.0000          3.0000          0.0000
  109          3.0126         17.0000         16.0000          4.0000          0.0000
   97          3.0126         17.0000         16.0000          1.0000          0.0000
  101          3.0126         17.0000         16.0000          2.0000          0.0000
  105          3.0126         17.0000         16.0000          3.0000          0.0000
  109          3.0126         17.0000         16.0000          4.0000          0.0000
   97          3.0126         17.0000         16.0000          1.0000          0.0000
  101          3.0126         17.0000         16.0000          2.0000          0.0000
  105          3.0126         17.0000         16.0000          3.0000          0.0000
  109          3.0126         17.0000         16.0000          4.0000          0.0000
   97          4.0028         17.0000         16.0000          1.0000          0.0000
  101          4.0028         17.0000         16.0000          2.0000          0.0000
  105          4.0028         17.0000         16.0000          3.0000          0.0000
  109          4.0028         17.0000         16.0000          4.0000          0.0000
   97          4.0028         17.0000         16.0000          1.0000          0.0000
  101          4.0028         17.0000         16.0000          2.0000          0.0000
  105          4.0028         17.0000         16.0000          3.0000          0.0000
  109          4.0028         17.0000         16.0000          4.0000          0.0000
   97          4.0028         17.0000         16.0000          1.0000          0.0000
  101          4.0028         17.0000         16.0000          2.0000          0.0000
  105          4.0028         17.0000         16.0000          3.0000          0.0000
  109          4.0028         17.0000         16.0000          4.0000          0.0000
   97          5.0004         17.0000         16.0000          1.0000          0.0000
  101          5.0004         17.0000         16.0000          2.0000          0.0000
  105          5.0004         17.0000         16.0000          3.0000          0.0000
  109          5.0004         17.0000         16.0000          4.0000          0.0000
   97          5.0004         17.0000         16.0000          1.0000          0.0000
  101          5.0004         17.0000         16.0000          2.0000          0.0000
  105          5.0004         17.0000         16.0000          3.0000          0.0000
  109          5.0004         17.0000         16.0000          4.0000          0.0000
   97          5.0004         17.0000         16.0000          1.0000          0.0000
  101          5.0004         17.0000         16.0000          2.0000          0.0000
  105          5.0004         17.0000         16.0000          3.0000          0.0000
  109          5.0004         17.0000         16.0000          4.0000          0.0000
   97          6.0017         17.0000         16.0000          1.0000          0.0000
  101          6.0017         17.0000         16.0000          2.0000          0.0000
  105          6.0017         17.0000         16.0000          3.0000          0.0000
  109          6.0017         17.0000         16.0000          4.0000          0.0000
   97          6.0017         17.0000         16.0000          1.0000          0.0000
  101          6.0017         17.0000         16.0000          2.0000          0.0000
  105          6.0017         17.0000         16.0000          3.0000          0.0000
  109          6.0017         17.0000         16.0000          4.0000          0.0000
   97          6.0017         17.0000         16.0000          1.0000          0.0000
  101          6.0017         17.0000         16.0000          2.0000          0.0000
  105          6.0017         17.0000         16.0000          3.0000          0.0000
  109          6.0017         17.0000         16.0000          4.0000          0.0000
   97          7.0101         17.0000         16.0000          1.0000          0.0085
  101          7.0101         17.0000         16.0000          2.0000          0.0101
  105          7.0101         17.0000         16.0000          3.0000          0.0121
  109          7.0101         17.0000         16.0000          4.0000          0.0146
   97          7.0101         17.0000         16.0000          1.0000          0.0085
  101          7.0101         17.0000         16.0000          2.0000          0.0101
  105          7.0101         17.0000         16.0000          3.0000          0.0121
  109          7.0101         17.0000         16.0000          4.0000          0.0146
   97          7.0101         17.0000         16.0000          1.0000          0.0084
  101          7.0101         17.0000         16.0000          2.0000          0.0100
  105          7.0101         17.0000         16.0000          3.0000          0.0121
  109          7.0101         17.0000         16.0000          4.0000          0.0146
   97          8.0019         17.0000         16.0000          1.0000          0.8450
  101          8.0019         17.0000         16.0000          2.0000          1.0044
  105          8.0019         17.0000         16.0000          3.0000          1.2052
  109          8.0019         17.0000         16.0000          4.0000          1.4516
   97          8.0019         17.0000         16.0000          1.0000          0.8445
  101          8.0019         17.0000         16.0000          2.0000          1.0040
  105          8.0019         17.0000         16.0000          3.0000          1.2049
  109          8.0019         17.0000         16.0000          4.0000          1.4513
   97          8.0019         17.0000         16.0000          1.0000          0.8441
  101          8.0019         17.0000         16.0000          2.0000          1.0036
  105          8.0019         17.0000         16.0000          3.0000          1.2046
  109          8.0019         17.0000         16.0000          4.0000          1.4511
   97          9.0076         17.0000         16.0000          1.0000          4.5181
  101          9.0076         17.0000         16.0000          2.0000          5.3797
  105          9.0076         17.0000         16.0000          3.0000          6.3920
  109          9.0076         17.0000         16.0000          4.0000          7.6067
   97          9.0076         17.0000         16.0000          1.0000          4.5148
  101          9.0076         17.0000         16.0000          2.0000          5.3768
  105          9.0076         17.0000         16.0000          3.0000          6.3896
  109          9.0076         17.0000         16.0000          4.0000          7.6050
   97          9.0076         17.0000         16.0000          1.0000          4.5115
  101          9.0076         17.0000         16.0000          2.0000          5.3738
  105          9.0076         17.0000         16.0000          3.0000          6.3873
  109          9.0076         17.0000         16.0000          4.0000          7.6032
   97         10.0019         17.0000         16.0000          1.0000          8.1237
  101         10.0019         17.0000         16.0000          2.0000          9.5348
  105         10.0019         17.0000         16.0000          3.0000         11.1980
  109         10.0019         17.0000         16.0000          4.0000         13.2166
   97         10.0019         17.0000         16.0000          1.0000          8.1168
  101         10.0019         17.0000         16.0000          2.0000          9.5288
  105         10.0019         17.0000         16.0000          3.0000         11.1931
  109         10.0019         17.0000         16.0000          4.0000         13.2130
   97         10.0019         17.0000         16.0000          1.0000          8.1099
  101         10.0019         17.0000         16.0000          2.0000          9.5227
  105         10.0019         17.0000         16.0000          3.0000         11.1882
  109         10.0019         17.0000         16.0000          4.0000         13.2093
   97         11.0003         17.0000         16.0000          1.0000         11.5086
  101         11.0003         17.0000         16.0000          2.0000         13.5567
  105         11.0003         17.0000         16.0000          3.0000         16.0089
  109         11.0003         17.0000         16.0000          4.0000         19.0042
   97         11.0003         17.0000         16.0000          1.0000         11.4997
  101         11.0003         17.0000         16.0000          2.0000         13.5490
  105         11.0003         17.0000         16.0000          3.0000         16.0025
  109         11.0003         17.0000         16.0000          4.0000         18.9995
   97         11.0003         17.0000         16.0000          1.0000         11.4909
  101         11.0003         17.0000         16.0000          2.0000         13.5413
  105         11.0003         17.0000         16.0000          3.0000         15.9962
  109         11.0003         17.0000         16.0000          4.0000         18.9948
   97         12.0013         17.0000         16.0000          1.0000         13.0169
  101         12.0013         17.0000         16.0000          2.0000         14.9664
  105         12.0013         17.0000         16.0000          3.0000         17.4631
  109         12.0013         17.0000         16.0000          4.0000         20.5574
   97         12.0013         17.0000         16.0000          1.0000         13.0055
  101         12.0013         17.0000         16.0000          2.0000         14.9566
  105         12.0013         17.0000         16.0000          3.0000         17.4551
  109         12.0013         17.0000         16.0000          4.0000         20.5515
   97         12.0013         17.0000         16.0000          1.0000         12.9941
  101         12.0013         17.0000         16.0000          2.0000         14.9468
  105         12.0013         17.0000         16.0000          3.0000         17.4471
  109         12.0013         17.0000         16.0000          4.0000         20.5456
   97         12.0013         17.0000         16.0000          1.0000         12.9827
  101         12.0013         17.0000         16.0000          2.0000         14.9369
  105         12.0013         17.0000         16.0000          3.0000         17.4391
  109         12.0013         17.0000         16.0000          4.0000         20.5396
   97         13.0030         17.0000         16.0000          1.0000         13.0683
  101         13.0030         17.0000         16.0000          2.0000         15.0927
  105         13.0030         17.0000         16.0000          3.0000         17.5266
  109         13.0030         17.0000         16.0000          4.0000         20.5281
   97         13.0030         17.0000         16.0000          1.0000         13.0560
  101         13.0030         17.0000         16.0000          2.0000         15.0821
  105         13.0030         17.0000         16.0000          3.0000         17.5179
  109         13.0030         17.0000         16.0000          4.0000         20.5217
   97         13.0030         17.0000         16.0000          1.0000         13.0437
  101         13.0030         17.0000         16.0000          2.0000         15.0714
  105         13.0030         17.0000         16.0000          3.0000         17.5093
  109         13.0030         17.0000         16.0000          4.0000         20.5153
   97         14.0008         17.0000         16.0000          1.0000         13.3021
  101         14.0008         17.0000         16.0000          2.0000         15.5617
  105         14.0008         17.0000         16.0000          3.0000         18.3429
  109         14.0008         17.0000         16.0000          4.0000         21.7657
   97         14.0008         17.0000         16.0000          1.0000         13.2920
  101         14.0008         17.0000         16.0000          2.0000         15.5529
  105         14.0008         17.0000         16.0000          3.0000         18.3357
  109         14.0008         17.0000         16.0000          4.0000         21.7604
   97         14.0008         17.0000         16.0000          1.0000         13.2819
  101         14.0008         17.0000         16.0000          2.0000         15.5441
  105         14.0008         17.0000         16.0000          3.0000         18.3286
  109         14.0008         17.0000         16.0000          4.0000         21.7551
   97         14.0008         17.0000         16.0000          1.0000         13.2718
  101         14.0008         17.0000         16.0000          2.0000         15.5354
  105         14.0008         17.0000         16.0000          3.0000         18.3214
  109         14.0008         17.0000         16.0000          4.0000         21.7498
   97         15.0009         17.0000         16.0000          1.0000         12.4593
  101         15.0009         17.0000         16.0000          2.0000         14.2177
  105         15.0009         17.0000         16.0000          3.0000         16.4762
  109         15.0009         17.0000         16.0000          4.0000         19.2802
   97         15.0009         17.0000         16.0000          1.0000         12.4474
  101         15.0009         17.0000         16.0000          2.0000         14.2075
  105         15.0009         17.0000         16.0000          3.0000         16.4678
  109         15.0009         17.0000         16.0000          4.0000         19.2740
   97         15.0009         17.0000         16.0000          1.0000         12.4354
  101         15.0009         17.0000         16.0000          2.0000         14.1972
  105         15.0009         17.0000         16.0000          3.0000         16.4594
  109         15.0009         17.0000         16.0000          4.0000         19.2678
   97         15.0022         17.0000         16.0000          1.0000         12.4572
  101         15.0022         17.0000         16.0000          2.0000         14.2153
  105         15.0022         17.0000         16.0000          3.0000         16.4734
  109         15.0022         17.0000         16.0000          4.0000         19.2769
   97         15.0022         17.0000         16.0000          1.0000         12.4452
  101         15.0022         17.0000         16.0000          2.0000         14.2050
  105         15.0022         17.0000         16.0000          3.0000         16.4650
  109         15.0022         17.0000         16.0000          4.0000         19.2707
   97         15.0022         17.0000         16.0000          1.0000         12.4333
  101         15.0022         17.0000         16.0000          2.0000         14.1948
  105         15.0022         17.0000         16.0000          3.0000         16.4566
  109         15.0022         17.0000         16.0000          4.0000         19.2645
   97         16.0012         17.0000         16.0000          1.0000         10.7170
  101         16.0012         17.0000         16.0000          2.0000         12.2320
  105         16.0012         17.0000         16.0000          3.0000         14.1881
  109         16.0012         17.0000         16.0000          4.0000         16.6193
   97         16.0012         17.0000         16.0000          1.0000         10.7066
  101         16.0012         17.0000         16.0000          2.0000         12.2231
  105         16.0012         17.0000         16.0000          3.0000         14.1809
  109         16.0012         17.0000         16.0000          4.0000         16.6139
   97         16.0012         17.0000         16.0000          1.0000         10.6963
  101         16.0012         17.0000         16.0000          2.0000         12.2142
  105         16.0012         17.0000         16.0000          3.0000         14.1736
  109         16.0012         17.0000         16.0000          4.0000         16.6086
   97         17.0023         17.0000         16.0000          1.0000          7.8404
  101         17.0023         17.0000         16.0000          2.0000          9.3364
  105         17.0023         17.0000         16.0000          3.0000         11.0999
  109         17.0023         17.0000         16.0000          4.0000         13.2478
   97         17.0023         17.0000         16.0000          1.0000          7.8349
  101         17.0023         17.0000         16.0000          2.0000          9.3316
  105         17.0023         17.0000         16.0000          3.0000         11.0960
  109         17.0023         17.0000         16.0000          4.0000         13.2449
   97         17.0023         17.0000         16.0000          1.0000          7.8294
  101         17.0023         17.0000         16.0000          2.0000          9.3268
  105         17.0023         17.0000         16.0000          3.0000         11.0920
  109         17.0023         17.0000         16.0000          4.0000         13.2419
   97         17.0023         17.0000         16.0000          1.0000          7.8239
  101         17.0023         17.0000         16.0000          2.0000          9.3220
  105         17.0023         17.0000         16.0000          3.0000         11.0881
  109         17.0023         17.0000         16.0000          4.0000         13.2390
   97         18.0008         17.0000         16.0000          1.0000          4.9333
  101         18.0008         17.0000         16.0000          2.0000          5.8799
  105         18.0008         17.0000         16.0000          3.0000          6.9779
  109         18.0008         17.0000         16.0000          4.0000          8.3036
   97         18.0008         17.0000         16.0000          1.0000          4.9296
  101         18.0008         17.0000         16.0000          2.0000          5.8767
  105         18.0008         17.0000         16.0000          3.0000          6.9753
  109         18.0008         17.0000         16.0000          4.0000          8.3016
   97         18.0008         17.0000         16.0000          1.0000          4.9259
  101         18.0008         17.0000         16.0000          2.0000          5.8735
  105         18.0008         17.0000         16.0000          3.0000          6.9727
  109         18.0008         17.0000         16.0000          4.0000          8.2997
   97         19.0009         17.0000         16.0000          1.0000          1.3437
  101         19.0009         17.0000         16.0000          2.0000          1.5966
  105         19.0009         17.0000         16.0000          3.0000          1.9125
  109         19.0009         17.0000         16.0000          4.0000          2.2982
   97         19.0009         17.0000         16.0000          1.0000          1.3429
  101         19.0009         17.0000         16.0000          2.0000          1.5959
  105         19.0009         17.0000         16.0000          3.0000          1.9119
  109         19.0009         17.0000         16.0000          4.0000          2.2978
   97         19.0009         17.0000         16.0000          1.0000          1.3421
  101         19.0009         17.0000         16.0000          2.0000          1.5952
  105         19.0009         17.0000         16.0000          3.0000          1.9114
  109         19.0009         17.0000         16.0000          4.0000          2.2974
   97         20.0012         17.0000         16.0000          1.0000          0.0000
  101         20.0012         17.0000         16.0000          2.0000          0.0000
  105         20.0012         17.0000         16.0000          3.0000          0.0000
  109         20.0012         17.0000         16.0000          4.0000          0.0000
   97         20.0012         17.0000         16.0000          1.0000          0.0000
  101         20.0012         17.0000         16.0000          2.0000          0.0000
  105         20.0012         17.0000         16.0000          3.0000          0.0000
  109         20.0012         17.0000         16.0000          4.0000          0.0000
   97         20.0012         17.0000         16.0000          1.0000          0.0000
  101         20.0012         17.0000         16.0000          2.0000          0.0000
  105         20.0012         17.0000         16.0000          3.0000          0.0000
  109         20.0012         17.0000         16.0000          4.0000          0.0000
   97         21.0061         17.0000         16.0000          1.0000          0.0000
  101         21.0061         17.0000         16.0000          2.0000          0.0000
  105         21.0061         17.0000         16.0000          3.0000          0.0000
  109         21.0061         17.0000         16.0000          4.0000          0.0000
   97         21.0061         17.0000         16.0000          1.0000          0.0000
  101         21.0061         17.0000         16.0000          2.0000          0.0000
  105         21.0061         17.0000         16.0000          3.0000          0.0000
  109         21.0061         17.0000         16.0000          4.0000          0.0000
   97         21.0061         17.0000         16.0000          1.0000          0.0000
  101         21.0061         17.0000         16.0000          2.0000          0.0000
  105         21.0061         17.0000         16.0000          3.0000          0.0000
  109         21.0061         17.0000         16.0000          4.0000          0.0000
   97         22.0079         17.0000         16.0000          1.0000          0.0000
  101         22.0079         17.0000         16.0000          2.0000          0.0000
  105         22.0079         17.0000         16.0000          3.0000          0.0000
  109         22.0079         17.0000         16.0000          4.0000          0.0000
   97         22.0079         17.0000         16.0000          1.0000          0.0000
  101         22.0079         17.0000         16.0000          2.0000          0.0000
  105         22.0079         17.0000         16.0000          3.0000          0.0000
  109         22.0079         17.0000         16.0000          4.0000          0.0000
   97         22.0079         17.0000         16.0000          1.0000          0.0000
  101         22.0079         17.0000         16.0000          2.0000          0.0000
  105         22.0079         17.0000         16.0000          3.0000          0.0000
  109         22.0079         17.0000         16.0000          4.0000          0.0000
   97         23.0110         17.0000         16.0000          1.0000          0.0000
  101         23.0110         17.0000         16.0000          2.0000          0.0000
  105         23.0110         17.0000         16.0000          3.0000          0.0000
  109         23.0110         17.0000         16.0000          4.0000          0.0000
   97         23.0110         17.0000         16.0000          1.0000          0.0000
  101         23.0110         17.0000         16.0000          2.0000          0.0000
  105         23.0110         17.0000         16.0000          3.0000          0.0000
  109         23.0110         17.0000         16.0000          4.0000          0.0000
   97         23.0110         17.0000         16.0000          1.0000          0.0000
  101         23.0110         17.0000         16.0000          2.0000          0.0000
  105         23.0110         17.0000         16.0000          3.0000          0.0000
  109         23.0110         17.0000         16.0000          4.0000          0.0000
