   81          1.0142         21.0000         17.0000          1.0000          0.0000
   85          1.0142         21.0000         17.0000          2.0000          0.0000
   89          1.0142         21.0000         17.0000          3.0000          0.0000
   93          1.0142         21.0000         17.0000          4.0000          0.0000
   81          1.0142         21.0000         17.0000          1.0000          0.0000
   85          1.0142         21.0000         17.0000          2.0000          0.0000
   89          1.0142         21.0000         17.0000          3.0000          0.0000
   93          1.0142         21.0000         17.0000          4.0000          0.0000
   81          1.0142         21.0000         17.0000          1.0000          0.0000
   85          1.0142         21.0000         17.0000          2.0000          0.0000
   89          1.0142         21.0000         17.0000          3.0000          0.0000
   93          1.0142         21.0000         17.0000          4.0000          0.0000
   81          2.0138         21.0000         17.0000          1.0000          0.0000
   85          2.0138         21.0000         17.0000          2.0000          0.0000
   89          2.0138         21.0000         17.0000          3.0000          0.0000
   93          2.0138         21.0000         17.0000          4.0000          0.0000
   81          2.0138         21.0000         17.0000          1.0000          0.0000
   85          2.0138         21.0000         17.0000          2.0000          0.0000
   89          2.0138         21.0000         17.0000          3.0000          0.0000
   93          2.0138         21.0000         17.0000          4.0000          0.0000
   81          2.0138         21.0000         17.0000          1.0000          0.0000
   85          2.0138         21.0000         17.0000          2.0000          0.0000
   89          2.0138         21.0000         17.0000          3.0000          0.0000
   93          2.0138         21.0000         17.0000          4.0000          0.0000
   81          3.0126         21.0000         17.0000          1.0000          0.0000
   85          3.0126         21.0000         17.0000          2.0000          0.0000
   89          3.0126         21.0000         17.0000          3.0000          0.0000
   93          3.0126         21.0000         17.0000          4.0000          0.0000
   81          3.0126         21.0000         17.0000          1.0000          0.0000
   85          3.0126         21.0000         17.0000          2.0000          0.0000
   89          3.0126         21.0000         17.0000          3.0000          0.0000
   93          3.0126         21.0000         17.0000          4.0000          0.0000
   81          3.0126         21.0000         17.0000          1.0000          0.0000
   85          3.0126         21.0000         17.0000          2.0000          0.0000
   89          3.0126         21.0000         17.0000          3.0000          0.0000
   93          3.0126         21.0000         17.0000          4.0000          0.0000
   81          4.0028         21.0000         17.0000          1.0000          0.0000
   85          4.0028         21.0000         17.0000          2.0000          0.0000
   89          4.0028         21.0000         17.0000          3.0000          0.0000
   93          4.0028         21.0000         17.0000          4.0000          0.0000
   81          4.0028         21.0000         17.0000          1.0000          0.0000
   85          4.0028         21.0000         17.0000          2.0000          0.0000
   89          4.0028         21.0000         17.0000          3.0000          0.0000
   93          4.0028         21.0000         17.0000          4.0000          0.0000
   81          4.0028         21.0000         17.0000          1.0000          0.0000
   85          4.0028         21.0000         17.0000          2.0000          0.0000
   89          4.0028         21.0000         17.0000          3.0000          0.0000
   93          4.0028         21.0000         17.0000          4.0000          0.0000
   81          5.0004         21.0000         17.0000          1.0000          0.0000
   85          5.0004         21.0000         17.0000          2.0000          0.0000
   89          5.0004         21.0000         17.0000          3.0000          0.0000
   93          5.0004         21.0000         17.0000          4.0000          0.0000
   81          5.0004         21.0000         17.0000          1.0000          0.0000
   85          5.0004         21.0000         17.0000          2.0000          0.0000
   89          5.0004         21.0000         17.0000          3.0000          0.0000
   93          5.0004         21.0000         17.0000          4.0000          0.0000
   81          5.0004         21.0000         17.0000          1.0000          0.0000
   85          5.0004         21.0000         17.0000          2.0000          0.0000
   89          5.0004         21.0000         17.0000          3.0000          0.0000
   93          5.0004         21.0000         17.0000          4.0000          0.0000
   81          6.0017         21.0000         17.0000          1.0000          0.0000
   85          6.0017         21.0000         17.0000          2.0000          0.0000
   89          6.0017         21.0000         17.0000          3.0000          0.0000
   93          6.0017         21.0000         17.0000          4.0000          0.0000
   81          6.0017         21.0000         17.0000          1.0000          0.0000
   85          6.0017         21.0000         17.0000          2.0000          0.0000
   89          6.0017         21.0000         17.0000          3.0000          0.0000
   93          6.0017         21.0000         17.0000          4.0000          0.0000
   81          6.0017         21.0000         17.0000          1.0000          0.0000
   85          6.0017         21.0000         17.0000          2.0000          0.0000
   89          6.0017         21.0000         17.0000          3.0000          0.0000
   93          6.0017         21.0000         17.0000          4.0000          0.0000
   81          7.0101         21.0000         17.0000          1.0000          0.0084
   85          7.0101         21.0000         17.0000          2.0000          0.0100
   89          7.0101         21.0000         17.0000          3.0000          0.0121
   93          7.0101         21.0000         17.0000          4.0000          0.0145
   81          7.0101         21.0000         17.0000          1.0000          0.0084
   85          7.0101         21.0000         17.0000          2.0000          0.0100
   89          7.0101         21.0000         17.0000          3.0000          0.0121
   93          7.0101         21.0000         17.0000          4.0000          0.0145
   81          7.0101         21.0000         17.0000          1.0000          0.0084
   85          7.0101         21.0000         17.0000          2.0000          0.0100
   89          7.0101         21.0000         17.0000          3.0000          0.0121
   93          7.0101         21.0000         17.0000          4.0000          0.0145
   81          8.0019         21.0000         17.0000          1.0000          0.8411
   85          8.0019         21.0000         17.0000          2.0000          1.0001
   89          8.0019         21.0000         17.0000          3.0000          1.2009
   93          8.0019         21.0000         17.0000          4.0000          1.4477
   81          8.0019         21.0000         17.0000          1.0000          0.8407
   85          8.0019         21.0000         17.0000          2.0000          0.9997
   89          8.0019         21.0000         17.0000          3.0000          1.2006
   93          8.0019         21.0000         17.0000          4.0000          1.4474
   81          8.0019         21.0000         17.0000          1.0000          0.8403
   85          8.0019         21.0000         17.0000          2.0000          0.9993
   89          8.0019         21.0000         17.0000          3.0000          1.2003
   93          8.0019         21.0000         17.0000          4.0000          1.4472
   81          9.0076         21.0000         17.0000          1.0000          4.3145
   85          9.0076         21.0000         17.0000          2.0000          5.1390
   89          9.0076         21.0000         17.0000          3.0000         11.0393
   93          9.0076         21.0000         17.0000          4.0000         17.1634
   81          9.0076         21.0000         17.0000          1.0000          4.3116
   85          9.0076         21.0000         17.0000          2.0000          5.1364
   89          9.0076         21.0000         17.0000          3.0000         11.0371
   93          9.0076         21.0000         17.0000          4.0000         17.1618
   81          9.0076         21.0000         17.0000          1.0000          4.3086
   85          9.0076         21.0000         17.0000          2.0000          5.1338
   89          9.0076         21.0000         17.0000          3.0000         11.0350
   93          9.0076         21.0000         17.0000          4.0000         17.1602
   81         10.0019         21.0000         17.0000          1.0000          7.4297
   85         10.0019         21.0000         17.0000          2.0000         25.7550
   89         10.0019         21.0000         17.0000          3.0000         27.5048
   93         10.0019         21.0000         17.0000          4.0000         29.6204
   81         10.0019         21.0000         17.0000          1.0000          7.4238
   85         10.0019         21.0000         17.0000          2.0000         25.7497
   89         10.0019         21.0000         17.0000          3.0000         27.5005
   93         10.0019         21.0000         17.0000          4.0000         29.6171
   81         10.0019         21.0000         17.0000          1.0000          7.4179
   85         10.0019         21.0000         17.0000          2.0000         25.7444
   89         10.0019         21.0000         17.0000          3.0000         27.4961
   93         10.0019         21.0000         17.0000          4.0000         29.6139
   81         11.0003         21.0000         17.0000          1.0000         22.8477
   85         11.0003         21.0000         17.0000          2.0000         24.6441
   89         11.0003         21.0000         17.0000          3.0000         27.1184
   93         11.0003         21.0000         17.0000          4.0000         30.1918
   81         11.0003         21.0000         17.0000          1.0000         22.8395
   85         11.0003         21.0000         17.0000          2.0000         24.6369
   89         11.0003         21.0000         17.0000          3.0000         27.1125
   93         11.0003         21.0000         17.0000          4.0000         30.1875
   81         11.0003         21.0000         17.0000          1.0000         22.8313
   85         11.0003         21.0000         17.0000          2.0000         24.6298
   89         11.0003         21.0000         17.0000          3.0000         27.1067
   93         11.0003         21.0000         17.0000          4.0000         30.1832
   81         12.0013         21.0000         17.0000          1.0000         12.5199
   85         12.0013         21.0000         17.0000          2.0000         15.0081
   89         12.0013         21.0000         17.0000          3.0000         17.7089
   93         12.0013         21.0000         17.0000          4.0000         20.8466
   81         12.0013         21.0000         17.0000          1.0000         12.5085
   85         12.0013         21.0000         17.0000          2.0000         14.9981
   89         12.0013         21.0000         17.0000          3.0000         17.7007
   93         12.0013         21.0000         17.0000          4.0000         20.8405
   81         12.0013         21.0000         17.0000          1.0000         12.4972
   85         12.0013         21.0000         17.0000          2.0000         14.9881
   89         12.0013         21.0000         17.0000          3.0000         17.6925
   93         12.0013         21.0000         17.0000          4.0000         20.8345
   81         12.0013         21.0000         17.0000          1.0000         12.4858
   85         12.0013         21.0000         17.0000          2.0000         14.9781
   89         12.0013         21.0000         17.0000          3.0000         17.6843
   93         12.0013         21.0000         17.0000          4.0000         20.8284
   81         13.0030         21.0000         17.0000          1.0000         12.5638
   85         13.0030         21.0000         17.0000          2.0000         15.1202
   89         13.0030         21.0000         17.0000          3.0000         17.6644
   93         13.0030         21.0000         17.0000          4.0000         20.6785
   81         13.0030         21.0000         17.0000          1.0000         12.5517
   85         13.0030         21.0000         17.0000          2.0000         15.1096
   89         13.0030         21.0000         17.0000          3.0000         17.6557
   93         13.0030         21.0000         17.0000          4.0000         20.6721
   81         13.0030         21.0000         17.0000          1.0000         12.5396
   85         13.0030         21.0000         17.0000          2.0000         15.0990
   89         13.0030         21.0000         17.0000          3.0000         17.6471
   93         13.0030         21.0000         17.0000          4.0000         20.6656
   81         14.0008         21.0000         17.0000          1.0000         13.2170
   85         14.0008         21.0000         17.0000          2.0000         15.5740
   89         14.0008         21.0000         17.0000          3.0000         18.3723
   93         14.0008         21.0000         17.0000          4.0000         21.7959
   81         14.0008         21.0000         17.0000          1.0000         13.2069
   85         14.0008         21.0000         17.0000          2.0000         15.5652
   89         14.0008         21.0000         17.0000          3.0000         18.3652
   93         14.0008         21.0000         17.0000          4.0000         21.7906
   81         14.0008         21.0000         17.0000          1.0000         13.1968
   85         14.0008         21.0000         17.0000          2.0000         15.5565
   89         14.0008         21.0000         17.0000          3.0000         18.3580
   93         14.0008         21.0000         17.0000          4.0000         21.7853
   81         14.0008         21.0000         17.0000          1.0000         13.1867
   85         14.0008         21.0000         17.0000          2.0000         15.5477
   89         14.0008         21.0000         17.0000          3.0000         18.3509
   93         14.0008         21.0000         17.0000          4.0000         21.7800
   81         15.0009         21.0000         17.0000          1.0000         11.9272
   85         15.0009         21.0000         17.0000          2.0000         14.3311
   89         15.0009         21.0000         17.0000          3.0000         16.7720
   93         15.0009         21.0000         17.0000          4.0000         19.5999
   81         15.0009         21.0000         17.0000          1.0000         11.9152
   85         15.0009         21.0000         17.0000          2.0000         14.3207
   89         15.0009         21.0000         17.0000          3.0000         16.7634
   93         15.0009         21.0000         17.0000          4.0000         19.5935
   81         15.0009         21.0000         17.0000          1.0000         11.9033
   85         15.0009         21.0000         17.0000          2.0000         14.3102
   89         15.0009         21.0000         17.0000          3.0000         16.7548
   93         15.0009         21.0000         17.0000          4.0000         19.5872
   81         15.0022         21.0000         17.0000          1.0000         11.9257
   85         15.0022         21.0000         17.0000          2.0000         14.3292
   89         15.0022         21.0000         17.0000          3.0000         16.7697
   93         15.0022         21.0000         17.0000          4.0000         19.5970
   81         15.0022         21.0000         17.0000          1.0000         11.9137
   85         15.0022         21.0000         17.0000          2.0000         14.3188
   89         15.0022         21.0000         17.0000          3.0000         16.7611
   93         15.0022         21.0000         17.0000          4.0000         19.5907
   81         15.0022         21.0000         17.0000          1.0000         11.9018
   85         15.0022         21.0000         17.0000          2.0000         14.3083
   89         15.0022         21.0000         17.0000          3.0000         16.7525
   93         15.0022         21.0000         17.0000          4.0000         19.5843
   81         16.0012         21.0000         17.0000          1.0000         10.4216
   85         16.0012         21.0000         17.0000          2.0000         12.4322
   89         16.0012         21.0000         17.0000          3.0000         14.6016
   93         16.0012         21.0000         17.0000          4.0000         17.0763
   81         16.0012         21.0000         17.0000          1.0000         10.4109
   85         16.0012         21.0000         17.0000          2.0000         12.4229
   89         16.0012         21.0000         17.0000          3.0000         14.5940
   93         16.0012         21.0000         17.0000          4.0000         17.0706
   81         16.0012         21.0000         17.0000          1.0000         10.4002
   85         16.0012         21.0000         17.0000          2.0000         12.4136
   89         16.0012         21.0000         17.0000          3.0000         14.5863
   93         16.0012         21.0000         17.0000          4.0000         17.0649
   81         17.0023         21.0000         17.0000          1.0000          7.9101
   85         17.0023         21.0000         17.0000          2.0000          9.4211
   89         17.0023         21.0000         17.0000          3.0000         11.2415
   93         17.0023         21.0000         17.0000          4.0000         13.4095
   81         17.0023         21.0000         17.0000          1.0000          7.9044
   85         17.0023         21.0000         17.0000          2.0000          9.4162
   89         17.0023         21.0000         17.0000          3.0000         11.2375
   93         17.0023         21.0000         17.0000          4.0000         13.4066
   81         17.0023         21.0000         17.0000          1.0000          7.8988
   85         17.0023         21.0000         17.0000          2.0000          9.4113
   89         17.0023         21.0000         17.0000          3.0000         11.2335
   93         17.0023         21.0000         17.0000          4.0000         13.4036
   81         17.0023         21.0000         17.0000          1.0000          7.8932
   85         17.0023         21.0000         17.0000          2.0000          9.4064
   89         17.0023         21.0000         17.0000          3.0000         11.2295
   93         17.0023         21.0000         17.0000          4.0000         13.4006
   81         18.0008         21.0000         17.0000          1.0000          4.9205
   85         18.0008         21.0000         17.0000          2.0000          5.8746
   89         18.0008         21.0000         17.0000          3.0000          7.0252
   93         18.0008         21.0000         17.0000          4.0000          8.3877
   81         18.0008         21.0000         17.0000          1.0000          4.9168
   85         18.0008         21.0000         17.0000          2.0000          5.8714
   89         18.0008         21.0000         17.0000          3.0000          7.0226
   93         18.0008         21.0000         17.0000          4.0000          8.3857
   81         18.0008         21.0000         17.0000          1.0000          4.9132
   85         18.0008         21.0000         17.0000          2.0000          5.8682
   89         18.0008         21.0000         17.0000          3.0000          7.0200
   93         18.0008         21.0000         17.0000          4.0000          8.3838
   81         19.0009         21.0000         17.0000          1.0000          1.3386
   85         19.0009         21.0000         17.0000          2.0000          1.5912
   89         19.0009         21.0000         17.0000          3.0000          1.9087
   93         19.0009         21.0000         17.0000          4.0000          2.2966
   81         19.0009         21.0000         17.0000          1.0000          1.3378
   85         19.0009         21.0000         17.0000          2.0000          1.5906
   89         19.0009         21.0000         17.0000          3.0000          1.9081
   93         19.0009         21.0000         17.0000          4.0000          2.2962
   81         19.0009         21.0000         17.0000          1.0000          1.3370
   85         19.0009         21.0000         17.0000          2.0000          1.5899
   89         19.0009         21.0000         17.0000          3.0000          1.9076
   93         19.0009         21.0000         17.0000          4.0000          2.2958
   81         20.0012         21.0000         17.0000          1.0000          0.0000
   85         20.0012         21.0000         17.0000          2.0000          0.0000
   89         20.0012         21.0000         17.0000          3.0000          0.0000
   93         20.0012         21.0000         17.0000          4.0000          0.0000
   81         20.0012         21.0000         17.0000          1.0000          0.0000
   85         20.0012         21.0000         17.0000          2.0000          0.0000
   89         20.0012         21.0000         17.0000          3.0000          0.0000
   93         20.0012         21.0000         17.0000          4.0000          0.0000
   81         20.0012         21.0000         17.0000          1.0000          0.0000
   85         20.0012         21.0000         17.0000          2.0000          0.0000
   89         20.0012         21.0000         17.0000          3.0000          0.0000
   93         20.0012         21.0000         17.0000          4.0000          0.0000
   81         21.0061         21.0000         17.0000          1.0000          0.0000
   85         21.0061         21.0000         17.0000          2.0000          0.0000
   89         21.0061         21.0000         17.0000          3.0000          0.0000
   93         21.0061         21.0000         17.0000          4.0000          0.0000
   81         21.0061         21.0000         17.0000          1.0000          0.0000
   85         21.0061         21.0000         17.0000          2.0000          0.0000
   89         21.0061         21.0000         17.0000          3.0000          0.0000
   93         21.0061         21.0000         17.0000          4.0000          0.0000
   81         21.0061         21.0000         17.0000          1.0000          0.0000
   85         21.0061         21.0000         17.0000          2.0000          0.0000
   89         21.0061         21.0000         17.0000          3.0000          0.0000
   93         21.0061         21.0000         17.0000          4.0000          0.0000
   81         22.0079         21.0000         17.0000          1.0000          0.0000
   85         22.0079         21.0000         17.0000          2.0000          0.0000
   89         22.0079         21.0000         17.0000          3.0000          0.0000
   93         22.0079         21.0000         17.0000          4.0000          0.0000
   81         22.0079         21.0000         17.0000          1.0000          0.0000
   85         22.0079         21.0000         17.0000          2.0000          0.0000
   89         22.0079         21.0000         17.0000          3.0000          0.0000
   93         22.0079         21.0000         17.0000          4.0000          0.0000
   81         22.0079         21.0000         17.0000          1.0000          0.0000
   85         22.0079         21.0000         17.0000          2.0000          0.0000
   89         22.0079         21.0000         17.0000          3.0000          0.0000
   93         22.0079         21.0000         17.0000          4.0000          0.0000
   81         23.0110         21.0000         17.0000          1.0000          0.0000
   85         23.0110         21.0000         17.0000          2.0000          0.0000
   89         23.0110         21.0000         17.0000          3.0000          0.0000
   93         23.0110         21.0000         17.0000          4.0000          0.0000
   81         23.0110         21.0000         17.0000          1.0000          0.0000
   85         23.0110         21.0000         17.0000          2.0000          0.0000
   89         23.0110         21.0000         17.0000          3.0000          0.0000
   93         23.0110         21.0000         17.0000          4.0000          0.0000
   81         23.0110         21.0000         17.0000          1.0000          0.0000
   85         23.0110         21.0000         17.0000          2.0000          0.0000
   89         23.0110         21.0000         17.0000          3.0000          0.0000
   93         23.0110         21.0000         17.0000          4.0000          0.0000
