   97          1.0142         17.0000         16.0000          1.0000        304.2980
  101          1.0142         17.0000         16.0000          2.0000        304.2925
  105          1.0142         17.0000         16.0000          3.0000        304.2338
  109          1.0142         17.0000         16.0000          4.0000        304.1240
   97          1.0142         17.0000         16.0000          1.0000        304.3010
  101          1.0142         17.0000         16.0000          2.0000        304.2953
  105          1.0142         17.0000         16.0000          3.0000        304.2360
  109          1.0142         17.0000         16.0000          4.0000        304.1255
   97          1.0142         17.0000         16.0000          1.0000        304.3016
  101          1.0142         17.0000         16.0000          2.0000        304.2959
  105          1.0142         17.0000         16.0000          3.0000        304.2366
  109          1.0142         17.0000         16.0000          4.0000        304.1261
   97          2.0138         17.0000         16.0000          1.0000        303.8385
  101          2.0138         17.0000         16.0000          2.0000        303.8185
  105          2.0138         17.0000         16.0000          3.0000        303.7486
  109          2.0138         17.0000         16.0000          4.0000        303.6264
   97          2.0138         17.0000         16.0000          1.0000        303.8418
  101          2.0138         17.0000         16.0000          2.0000        303.8215
  105          2.0138         17.0000         16.0000          3.0000        303.7510
  109          2.0138         17.0000         16.0000          4.0000        303.6280
   97          2.0138         17.0000         16.0000          1.0000        303.8424
  101          2.0138         17.0000         16.0000          2.0000        303.8221
  105          2.0138         17.0000         16.0000          3.0000        303.7516
  109          2.0138         17.0000         16.0000          4.0000        303.6286
   97          3.0126         17.0000         16.0000          1.0000        303.5493
  101          3.0126         17.0000         16.0000          2.0000        303.5171
  105          3.0126         17.0000         16.0000          3.0000        303.4377
  109          3.0126         17.0000         16.0000          4.0000        303.3083
   97          3.0126         17.0000         16.0000          1.0000        303.5526
  101          3.0126         17.0000         16.0000          2.0000        303.5201
  105          3.0126         17.0000         16.0000          3.0000        303.4401
  109          3.0126         17.0000         16.0000          4.0000        303.3100
   97          3.0126         17.0000         16.0000          1.0000        303.5533
  101          3.0126         17.0000         16.0000          2.0000        303.5208
  105          3.0126         17.0000         16.0000          3.0000        303.4408
  109          3.0126         17.0000         16.0000          4.0000        303.3106
   97          4.0028         17.0000         16.0000          1.0000        303.2252
  101          4.0028         17.0000         16.0000          2.0000        303.1814
  105          4.0028         17.0000         16.0000          3.0000        303.0928
  109          4.0028         17.0000         16.0000          4.0000        302.9549
   97          4.0028         17.0000         16.0000          1.0000        303.2285
  101          4.0028         17.0000         16.0000          2.0000        303.1843
  105          4.0028         17.0000         16.0000          3.0000        303.0952
  109          4.0028         17.0000         16.0000          4.0000        302.9566
   97          4.0028         17.0000         16.0000          1.0000        303.2291
  101          4.0028         17.0000         16.0000          2.0000        303.1850
  105          4.0028         17.0000         16.0000          3.0000        303.0959
  109          4.0028         17.0000         16.0000          4.0000        302.9572
   97          5.0004         17.0000         16.0000          1.0000        302.8875
  101          5.0004         17.0000         16.0000          2.0000        302.8315
  105          5.0004         17.0000         16.0000          3.0000        302.7331
  109          5.0004         17.0000         16.0000          4.0000        302.5853
   97          5.0004         17.0000         16.0000          1.0000        302.8905
  101          5.0004         17.0000         16.0000          2.0000        302.8343
  105          5.0004         17.0000         16.0000          3.0000        302.7353
  109          5.0004         17.0000         16.0000          4.0000        302.5868
   97          5.0004         17.0000         16.0000          1.0000        302.8912
  101          5.0004         17.0000         16.0000          2.0000        302.8349
  105          5.0004         17.0000         16.0000          3.0000        302.7359
  109          5.0004         17.0000         16.0000          4.0000        302.5874
   97          6.0017         17.0000         16.0000          1.0000        302.6564
  101          6.0017         17.0000         16.0000          2.0000        302.5945
  105          6.0017         17.0000         16.0000          3.0000        302.4921
  109          6.0017         17.0000         16.0000          4.0000        302.3410
   97          6.0017         17.0000         16.0000          1.0000        302.6600
  101          6.0017         17.0000         16.0000          2.0000        302.5977
  105          6.0017         17.0000         16.0000          3.0000        302.4948
  109          6.0017         17.0000         16.0000          4.0000        302.3429
   97          6.0017         17.0000         16.0000          1.0000        302.6607
  101          6.0017         17.0000         16.0000          2.0000        302.5985
  105          6.0017         17.0000         16.0000          3.0000        302.4955
  109          6.0017         17.0000         16.0000          4.0000        302.3436
   97          7.0101         17.0000         16.0000          1.0000        302.3959
  101          7.0101         17.0000         16.0000          2.0000        302.3263
  105          7.0101         17.0000         16.0000          3.0000        302.2179
  109          7.0101         17.0000         16.0000          4.0000        302.0608
   97          7.0101         17.0000         16.0000          1.0000        302.4002
  101          7.0101         17.0000         16.0000          2.0000        302.3302
  105          7.0101         17.0000         16.0000          3.0000        302.2212
  109          7.0101         17.0000         16.0000          4.0000        302.0633
   97          7.0101         17.0000         16.0000          1.0000        302.4010
  101          7.0101         17.0000         16.0000          2.0000        302.3310
  105          7.0101         17.0000         16.0000          3.0000        302.2220
  109          7.0101         17.0000         16.0000          4.0000        302.0640
   97          8.0019         17.0000         16.0000          1.0000        302.5429
  101          8.0019         17.0000         16.0000          2.0000        302.5197
  105          8.0019         17.0000         16.0000          3.0000        302.4665
  109          8.0019         17.0000         16.0000          4.0000        302.3749
   97          8.0019         17.0000         16.0000          1.0000        302.5507
  101          8.0019         17.0000         16.0000          2.0000        302.5272
  105          8.0019         17.0000         16.0000          3.0000        302.4733
  109          8.0019         17.0000         16.0000          4.0000        302.3804
   97          8.0019         17.0000         16.0000          1.0000        302.5520
  101          8.0019         17.0000         16.0000          2.0000        302.5286
  105          8.0019         17.0000         16.0000          3.0000        302.4745
  109          8.0019         17.0000         16.0000          4.0000        302.3815
   97          9.0076         17.0000         16.0000          1.0000        304.2378
  101          9.0076         17.0000         16.0000          2.0000        304.4713
  105          9.0076         17.0000         16.0000          3.0000        304.6596
  109          9.0076         17.0000         16.0000          4.0000        304.8286
   97          9.0076         17.0000         16.0000          1.0000        304.2485
  101          9.0076         17.0000         16.0000          2.0000        304.4820
  105          9.0076         17.0000         16.0000          3.0000        304.6691
  109          9.0076         17.0000         16.0000          4.0000        304.8363
   97          9.0076         17.0000         16.0000          1.0000        304.2501
  101          9.0076         17.0000         16.0000          2.0000        304.4835
  105          9.0076         17.0000         16.0000          3.0000        304.6705
  109          9.0076         17.0000         16.0000          4.0000        304.8376
   97         10.0019         17.0000         16.0000          1.0000        306.6495
  101         10.0019         17.0000         16.0000          2.0000        307.1090
  105         10.0019         17.0000         16.0000          3.0000        307.4977
  109         10.0019         17.0000         16.0000          4.0000        307.8776
   97         10.0019         17.0000         16.0000          1.0000        306.6578
  101         10.0019         17.0000         16.0000          2.0000        307.1167
  105         10.0019         17.0000         16.0000          3.0000        307.5042
  109         10.0019         17.0000         16.0000          4.0000        307.8824
   97         10.0019         17.0000         16.0000          1.0000        306.6605
  101         10.0019         17.0000         16.0000          2.0000        307.1193
  105         10.0019         17.0000         16.0000          3.0000        307.5066
  109         10.0019         17.0000         16.0000          4.0000        307.8845
   97         11.0003         17.0000         16.0000          1.0000        309.1649
  101         11.0003         17.0000         16.0000          2.0000        309.8673
  105         11.0003         17.0000         16.0000          3.0000        310.4914
  109         11.0003         17.0000         16.0000          4.0000        311.1200
   97         11.0003         17.0000         16.0000          1.0000        309.1719
  101         11.0003         17.0000         16.0000          2.0000        309.8737
  105         11.0003         17.0000         16.0000          3.0000        310.4969
  109         11.0003         17.0000         16.0000          4.0000        311.1242
   97         11.0003         17.0000         16.0000          1.0000        309.1732
  101         11.0003         17.0000         16.0000          2.0000        309.8750
  105         11.0003         17.0000         16.0000          3.0000        310.4981
  109         11.0003         17.0000         16.0000          4.0000        311.1252
   97         12.0013         17.0000         16.0000          1.0000        311.1667
  101         12.0013         17.0000         16.0000          2.0000        311.9284
  105         12.0013         17.0000         16.0000          3.0000        312.5970
  109         12.0013         17.0000         16.0000          4.0000        313.2620
   97         12.0013         17.0000         16.0000          1.0000        311.2825
  101         12.0013         17.0000         16.0000          2.0000        311.9429
  105         12.0013         17.0000         16.0000          3.0000        312.5917
  109         12.0013         17.0000         16.0000          4.0000        313.2522
   97         12.0013         17.0000         16.0000          1.0000        311.2809
  101         12.0013         17.0000         16.0000          2.0000        311.9446
  105         12.0013         17.0000         16.0000          3.0000        312.5941
  109         12.0013         17.0000         16.0000          4.0000        313.2546
   97         12.0013         17.0000         16.0000          1.0000        311.2814
  101         12.0013         17.0000         16.0000          2.0000        311.9447
  105         12.0013         17.0000         16.0000          3.0000        312.5941
  109         12.0013         17.0000         16.0000          4.0000        313.2545
   97         13.0030         17.0000         16.0000          1.0000        312.4008
  101         13.0030         17.0000         16.0000          2.0000        313.1818
  105         13.0030         17.0000         16.0000          3.0000        313.8235
  109         13.0030         17.0000         16.0000          4.0000        314.4358
   97         13.0030         17.0000         16.0000          1.0000        312.4035
  101         13.0030         17.0000         16.0000          2.0000        313.1840
  105         13.0030         17.0000         16.0000          3.0000        313.8252
  109         13.0030         17.0000         16.0000          4.0000        314.4367
   97         13.0030         17.0000         16.0000          1.0000        312.4044
  101         13.0030         17.0000         16.0000          2.0000        313.1849
  105         13.0030         17.0000         16.0000          3.0000        313.8260
  109         13.0030         17.0000         16.0000          4.0000        314.4374
   97         14.0008         17.0000         16.0000          1.0000        312.9064
  101         14.0008         17.0000         16.0000          2.0000        313.7749
  105         14.0008         17.0000         16.0000          3.0000        314.5744
  109         14.0008         17.0000         16.0000          4.0000        315.3668
   97         14.0008         17.0000         16.0000          1.0000        312.9665
  101         14.0008         17.0000         16.0000          2.0000        313.8335
  105         14.0008         17.0000         16.0000          3.0000        314.6278
  109         14.0008         17.0000         16.0000          4.0000        315.4124
   97         14.0008         17.0000         16.0000          1.0000        312.9738
  101         14.0008         17.0000         16.0000          2.0000        313.8407
  105         14.0008         17.0000         16.0000          3.0000        314.6345
  109         14.0008         17.0000         16.0000          4.0000        315.4181
   97         14.0008         17.0000         16.0000          1.0000        312.9751
  101         14.0008         17.0000         16.0000          2.0000        313.8419
  105         14.0008         17.0000         16.0000          3.0000        314.6355
  109         14.0008         17.0000         16.0000          4.0000        315.4190
   97         15.0009         17.0000         16.0000          1.0000        314.1182
  101         15.0009         17.0000         16.0000          2.0000        314.7858
  105         15.0009         17.0000         16.0000          3.0000        315.3979
  109         15.0009         17.0000         16.0000          4.0000        316.0093
   97         15.0009         17.0000         16.0000          1.0000        314.0551
  101         15.0009         17.0000         16.0000          2.0000        314.7242
  105         15.0009         17.0000         16.0000          3.0000        315.3418
  109         15.0009         17.0000         16.0000          4.0000        315.9613
   97         15.0009         17.0000         16.0000          1.0000        314.0497
  101         15.0009         17.0000         16.0000          2.0000        314.7189
  105         15.0009         17.0000         16.0000          3.0000        315.3368
  109         15.0009         17.0000         16.0000          4.0000        315.9570
   97         15.0022         17.0000         16.0000          1.0000        314.0447
  101         15.0022         17.0000         16.0000          2.0000        314.7144
  105         15.0022         17.0000         16.0000          3.0000        315.3330
  109         15.0022         17.0000         16.0000          4.0000        315.9540
   97         15.0022         17.0000         16.0000          1.0000        314.0481
  101         15.0022         17.0000         16.0000          2.0000        314.7172
  105         15.0022         17.0000         16.0000          3.0000        315.3352
  109         15.0022         17.0000         16.0000          4.0000        315.9554
   97         15.0022         17.0000         16.0000          1.0000        314.0491
  101         15.0022         17.0000         16.0000          2.0000        314.7183
  105         15.0022         17.0000         16.0000          3.0000        315.3361
  109         15.0022         17.0000         16.0000          4.0000        315.9562
   97         16.0012         17.0000         16.0000          1.0000        313.6785
  101         16.0012         17.0000         16.0000          2.0000        314.2304
  105         16.0012         17.0000         16.0000          3.0000        314.7529
  109         16.0012         17.0000         16.0000          4.0000        315.2525
   97         16.0012         17.0000         16.0000          1.0000        313.6815
  101         16.0012         17.0000         16.0000          2.0000        314.2330
  105         16.0012         17.0000         16.0000          3.0000        314.7550
  109         16.0012         17.0000         16.0000          4.0000        315.2539
   97         16.0012         17.0000         16.0000          1.0000        313.6827
  101         16.0012         17.0000         16.0000          2.0000        314.2342
  105         16.0012         17.0000         16.0000          3.0000        314.7560
  109         16.0012         17.0000         16.0000          4.0000        315.2548
   97         17.0023         17.0000         16.0000          1.0000        312.2478
  101         17.0023         17.0000         16.0000          2.0000        312.8909
  105         17.0023         17.0000         16.0000          3.0000        313.4588
  109         17.0023         17.0000         16.0000          4.0000        314.0105
   97         17.0023         17.0000         16.0000          1.0000        312.2938
  101         17.0023         17.0000         16.0000          2.0000        312.9354
  105         17.0023         17.0000         16.0000          3.0000        313.4993
  109         17.0023         17.0000         16.0000          4.0000        314.0447
   97         17.0023         17.0000         16.0000          1.0000        312.2996
  101         17.0023         17.0000         16.0000          2.0000        312.9411
  105         17.0023         17.0000         16.0000          3.0000        313.5045
  109         17.0023         17.0000         16.0000          4.0000        314.0493
   97         17.0023         17.0000         16.0000          1.0000        312.3006
  101         17.0023         17.0000         16.0000          2.0000        312.9420
  105         17.0023         17.0000         16.0000          3.0000        313.5053
  109         17.0023         17.0000         16.0000          4.0000        314.0499
   97         18.0008         17.0000         16.0000          1.0000        310.3415
  101         18.0008         17.0000         16.0000          2.0000        310.8329
  105         18.0008         17.0000         16.0000          3.0000        311.2131
  109         18.0008         17.0000         16.0000          4.0000        311.5287
   97         18.0008         17.0000         16.0000          1.0000        310.3075
  101         18.0008         17.0000         16.0000          2.0000        310.7994
  105         18.0008         17.0000         16.0000          3.0000        311.1820
  109         18.0008         17.0000         16.0000          4.0000        311.5014
   97         18.0008         17.0000         16.0000          1.0000        310.3038
  101         18.0008         17.0000         16.0000          2.0000        310.7957
  105         18.0008         17.0000         16.0000          3.0000        311.1786
  109         18.0008         17.0000         16.0000          4.0000        311.4985
   97         19.0009         17.0000         16.0000          1.0000        308.1892
  101         19.0009         17.0000         16.0000          2.0000        308.4702
  105         19.0009         17.0000         16.0000          3.0000        308.6615
  109         19.0009         17.0000         16.0000          4.0000        308.7794
   97         19.0009         17.0000         16.0000          1.0000        308.1908
  101         19.0009         17.0000         16.0000          2.0000        308.4715
  105         19.0009         17.0000         16.0000          3.0000        308.6622
  109         19.0009         17.0000         16.0000          4.0000        308.7796
   97         19.0009         17.0000         16.0000          1.0000        308.1911
  101         19.0009         17.0000         16.0000          2.0000        308.4718
  105         19.0009         17.0000         16.0000          3.0000        308.6626
  109         19.0009         17.0000         16.0000          4.0000        308.7799
   97         20.0012         17.0000         16.0000          1.0000        306.8659
  101         20.0012         17.0000         16.0000          2.0000        307.0107
  105         20.0012         17.0000         16.0000          3.0000        307.0698
  109         20.0012         17.0000         16.0000          4.0000        307.0594
   97         20.0012         17.0000         16.0000          1.0000        306.8672
  101         20.0012         17.0000         16.0000          2.0000        307.0116
  105         20.0012         17.0000         16.0000          3.0000        307.0703
  109         20.0012         17.0000         16.0000          4.0000        307.0594
   97         20.0012         17.0000         16.0000          1.0000        306.8675
  101         20.0012         17.0000         16.0000          2.0000        307.0120
  105         20.0012         17.0000         16.0000          3.0000        307.0707
  109         20.0012         17.0000         16.0000          4.0000        307.0597
   97         21.0061         17.0000         16.0000          1.0000        306.0667
  101         21.0061         17.0000         16.0000          2.0000        306.1563
  105         21.0061         17.0000         16.0000          3.0000        306.1690
  109         21.0061         17.0000         16.0000          4.0000        306.1157
   97         21.0061         17.0000         16.0000          1.0000        306.0681
  101         21.0061         17.0000         16.0000          2.0000        306.1574
  105         21.0061         17.0000         16.0000          3.0000        306.1697
  109         21.0061         17.0000         16.0000          4.0000        306.1160
   97         21.0061         17.0000         16.0000          1.0000        306.0685
  101         21.0061         17.0000         16.0000          2.0000        306.1578
  105         21.0061         17.0000         16.0000          3.0000        306.1701
  109         21.0061         17.0000         16.0000          4.0000        306.1163
   97         22.0079         17.0000         16.0000          1.0000        305.5616
  101         22.0079         17.0000         16.0000          2.0000        305.6178
  105         22.0079         17.0000         16.0000          3.0000        305.6026
  109         22.0079         17.0000         16.0000          4.0000        305.5301
   97         22.0079         17.0000         16.0000          1.0000        305.5648
  101         22.0079         17.0000         16.0000          2.0000        305.6206
  105         22.0079         17.0000         16.0000          3.0000        305.6049
  109         22.0079         17.0000         16.0000          4.0000        305.5317
   97         22.0079         17.0000         16.0000          1.0000        305.5654
  101         22.0079         17.0000         16.0000          2.0000        305.6213
  105         22.0079         17.0000         16.0000          3.0000        305.6055
  109         22.0079         17.0000         16.0000          4.0000        305.5322
   97         23.0110         17.0000         16.0000          1.0000        305.1333
  101         23.0110         17.0000         16.0000          2.0000        305.1662
  105         23.0110         17.0000         16.0000          3.0000        305.1330
  109         23.0110         17.0000         16.0000          4.0000        305.0471
   97         23.0110         17.0000         16.0000          1.0000        305.1366
  101         23.0110         17.0000         16.0000          2.0000        305.1691
  105         23.0110         17.0000         16.0000          3.0000        305.1354
  109         23.0110         17.0000         16.0000          4.0000        305.0488
   97         23.0110         17.0000         16.0000          1.0000        305.1372
  101         23.0110         17.0000         16.0000          2.0000        305.1698
  105         23.0110         17.0000         16.0000          3.0000        305.1360
  109         23.0110         17.0000         16.0000          4.0000        305.0494
