   65          1.0142         17.0000         21.0000          1.0000          5.3435
   69          1.0142         17.0000         21.0000          2.0000          5.1055
   73          1.0142         17.0000         21.0000          3.0000          4.9087
   77          1.0142         17.0000         21.0000          4.0000          4.6782
   65          1.0142         17.0000         21.0000          1.0000          5.3432
   69          1.0142         17.0000         21.0000          2.0000          5.1048
   73          1.0142         17.0000         21.0000          3.0000          4.9072
   77          1.0142         17.0000         21.0000          4.0000          4.6757
   65          1.0142         17.0000         21.0000          1.0000          5.3460
   69          1.0142         17.0000         21.0000          2.0000          5.1075
   73          1.0142         17.0000         21.0000          3.0000          4.9096
   77          1.0142         17.0000         21.0000          4.0000          4.6776
   65          2.0138         17.0000         21.0000          1.0000          5.9434
   69          2.0138         17.0000         21.0000          2.0000          5.6698
   73          2.0138         17.0000         21.0000          3.0000          5.4419
   77          2.0138         17.0000         21.0000          4.0000          5.2360
   65          2.0138         17.0000         21.0000          1.0000          5.9462
   69          2.0138         17.0000         21.0000          2.0000          5.6720
   73          2.0138         17.0000         21.0000          3.0000          5.4432
   77          2.0138         17.0000         21.0000          4.0000          5.2364
   65          2.0138         17.0000         21.0000          1.0000          5.9491
   69          2.0138         17.0000         21.0000          2.0000          5.6748
   73          2.0138         17.0000         21.0000          3.0000          5.4457
   77          2.0138         17.0000         21.0000          4.0000          5.2383
   65          3.0126         17.0000         21.0000          1.0000          3.7252
   69          3.0126         17.0000         21.0000          2.0000          3.4802
   73          3.0126         17.0000         21.0000          3.0000          3.2604
   77          3.0126         17.0000         21.0000          4.0000          2.9747
   65          3.0126         17.0000         21.0000          1.0000          3.7254
   69          3.0126         17.0000         21.0000          2.0000          3.4800
   73          3.0126         17.0000         21.0000          3.0000          3.2595
   77          3.0126         17.0000         21.0000          4.0000          2.9729
   65          3.0126         17.0000         21.0000          1.0000          3.7284
   69          3.0126         17.0000         21.0000          2.0000          3.4828
   73          3.0126         17.0000         21.0000          3.0000          3.2619
   77          3.0126         17.0000         21.0000          4.0000          2.9748
   65          4.0028         17.0000         21.0000          1.0000          3.3668
   69          4.0028         17.0000         21.0000          2.0000          3.1148
   73          4.0028         17.0000         21.0000          3.0000          2.8851
   77          4.0028         17.0000         21.0000          4.0000          2.5914
   65          4.0028         17.0000         21.0000          1.0000          3.3668
   69          4.0028         17.0000         21.0000          2.0000          3.1143
   73          4.0028         17.0000         21.0000          3.0000          2.8839
   77          4.0028         17.0000         21.0000          4.0000          2.5895
   65          4.0028         17.0000         21.0000          1.0000          3.3696
   69          4.0028         17.0000         21.0000          2.0000          3.1169
   73          4.0028         17.0000         21.0000          3.0000          2.8862
   77          4.0028         17.0000         21.0000          4.0000          2.5912
   65          5.0004         17.0000         21.0000          1.0000          3.2395
   69          5.0004         17.0000         21.0000          2.0000          2.9754
   73          5.0004         17.0000         21.0000          3.0000          2.7306
   77          5.0004         17.0000         21.0000          4.0000          2.4218
   65          5.0004         17.0000         21.0000          1.0000          3.2381
   69          5.0004         17.0000         21.0000          2.0000          2.9736
   73          5.0004         17.0000         21.0000          3.0000          2.7282
   77          5.0004         17.0000         21.0000          4.0000          2.4187
   65          5.0004         17.0000         21.0000          1.0000          3.2407
   69          5.0004         17.0000         21.0000          2.0000          2.9760
   73          5.0004         17.0000         21.0000          3.0000          2.7303
   77          5.0004         17.0000         21.0000          4.0000          2.4203
   65          6.0017         17.0000         21.0000          1.0000          2.0175
   69          6.0017         17.0000         21.0000          2.0000          1.7807
   73          6.0017         17.0000         21.0000          3.0000          1.5612
   77          6.0017         17.0000         21.0000          4.0000          1.2880
   65          6.0017         17.0000         21.0000          1.0000          2.0181
   69          6.0017         17.0000         21.0000          2.0000          1.7808
   73          6.0017         17.0000         21.0000          3.0000          1.5608
   77          6.0017         17.0000         21.0000          4.0000          1.2870
   65          6.0017         17.0000         21.0000          1.0000          2.0207
   69          6.0017         17.0000         21.0000          2.0000          1.7833
   73          6.0017         17.0000         21.0000          3.0000          1.5629
   77          6.0017         17.0000         21.0000          4.0000          1.2886
   65          7.0101         17.0000         21.0000          1.0000          1.8024
   69          7.0101         17.0000         21.0000          2.0000          1.5660
   73          7.0101         17.0000         21.0000          3.0000          1.3450
   77          7.0101         17.0000         21.0000          4.0000          1.0725
   65          7.0101         17.0000         21.0000          1.0000          1.8042
   69          7.0101         17.0000         21.0000          2.0000          1.5676
   73          7.0101         17.0000         21.0000          3.0000          1.3462
   77          7.0101         17.0000         21.0000          4.0000          1.0732
   65          7.0101         17.0000         21.0000          1.0000          1.8072
   69          7.0101         17.0000         21.0000          2.0000          1.5705
   73          7.0101         17.0000         21.0000          3.0000          1.3486
   77          7.0101         17.0000         21.0000          4.0000          1.0750
   65          8.0019         17.0000         21.0000          1.0000          2.3354
   69          8.0019         17.0000         21.0000          2.0000          2.1817
   73          8.0019         17.0000         21.0000          3.0000          2.0499
   77          8.0019         17.0000         21.0000          4.0000          1.8709
   65          8.0019         17.0000         21.0000          1.0000          2.3508
   69          8.0019         17.0000         21.0000          2.0000          2.1972
   73          8.0019         17.0000         21.0000          3.0000          2.0652
   77          8.0019         17.0000         21.0000          4.0000          1.8858
   65          8.0019         17.0000         21.0000          1.0000          2.3565
   69          8.0019         17.0000         21.0000          2.0000          2.2026
   73          8.0019         17.0000         21.0000          3.0000          2.0700
   77          8.0019         17.0000         21.0000          4.0000          1.8897
   65          9.0076         17.0000         21.0000          1.0000          7.4683
   69          9.0076         17.0000         21.0000          2.0000          7.7561
   73          9.0076         17.0000         21.0000          3.0000          8.1964
   77          9.0076         17.0000         21.0000          4.0000          8.7469
   65          9.0076         17.0000         21.0000          1.0000          7.5041
   69          9.0076         17.0000         21.0000          2.0000          7.7912
   73          9.0076         17.0000         21.0000          3.0000          8.2308
   77          9.0076         17.0000         21.0000          4.0000          8.7807
   65          9.0076         17.0000         21.0000          1.0000          7.5139
   69          9.0076         17.0000         21.0000          2.0000          7.8006
   73          9.0076         17.0000         21.0000          3.0000          8.2393
   77          9.0076         17.0000         21.0000          4.0000          8.7877
   65         10.0019         17.0000         21.0000          1.0000         17.9884
   69         10.0019         17.0000         21.0000          2.0000         19.0131
   73         10.0019         17.0000         21.0000          3.0000         20.4848
   77         10.0019         17.0000         21.0000          4.0000         22.8562
   65         10.0019         17.0000         21.0000          1.0000         18.0565
   69         10.0019         17.0000         21.0000          2.0000         19.0835
   73         10.0019         17.0000         21.0000          3.0000         20.5532
   77         10.0019         17.0000         21.0000          4.0000         22.9189
   65         10.0019         17.0000         21.0000          1.0000         18.0680
   69         10.0019         17.0000         21.0000          2.0000         19.0950
   73         10.0019         17.0000         21.0000          3.0000         20.5639
   77         10.0019         17.0000         21.0000          4.0000         22.9280
   65         11.0003         17.0000         21.0000          1.0000         27.6521
   69         11.0003         17.0000         21.0000          2.0000         29.9746
   73         11.0003         17.0000         21.0000          3.0000         33.0560
   77         11.0003         17.0000         21.0000          4.0000         37.9097
   65         11.0003         17.0000         21.0000          1.0000         27.6870
   69         11.0003         17.0000         21.0000          2.0000         30.0071
   73         11.0003         17.0000         21.0000          3.0000         33.0847
   77         11.0003         17.0000         21.0000          4.0000         37.9341
   65         11.0003         17.0000         21.0000          1.0000         27.6950
   69         11.0003         17.0000         21.0000          2.0000         30.0150
   73         11.0003         17.0000         21.0000          3.0000         33.0920
   77         11.0003         17.0000         21.0000          4.0000         37.9405
   65         12.0013         17.0000         21.0000          1.0000         40.1834
   69         12.0013         17.0000         21.0000          2.0000         42.9109
   73         12.0013         17.0000         21.0000          3.0000         46.6181
   77         12.0013         17.0000         21.0000          4.0000         52.3088
   65         12.0013         17.0000         21.0000          1.0000         40.1252
   69         12.0013         17.0000         21.0000          2.0000         42.8827
   73         12.0013         17.0000         21.0000          3.0000         46.5887
   77         12.0013         17.0000         21.0000          4.0000         52.2715
   65         12.0013         17.0000         21.0000          1.0000         40.1243
   69         12.0013         17.0000         21.0000          2.0000         42.8872
   73         12.0013         17.0000         21.0000          3.0000         46.5944
   77         12.0013         17.0000         21.0000          4.0000         52.2770
   65         12.0013         17.0000         21.0000          1.0000         40.1269
   69         12.0013         17.0000         21.0000          2.0000         42.8892
   73         12.0013         17.0000         21.0000          3.0000         46.5959
   77         12.0013         17.0000         21.0000          4.0000         52.2779
   65         13.0030         17.0000         21.0000          1.0000         49.0083
   69         13.0030         17.0000         21.0000          2.0000         51.6221
   73         13.0030         17.0000         21.0000          3.0000         55.3822
   77         13.0030         17.0000         21.0000          4.0000         61.5998
   65         13.0030         17.0000         21.0000          1.0000         49.0214
   69         13.0030         17.0000         21.0000          2.0000         51.6323
   73         13.0030         17.0000         21.0000          3.0000         55.3886
   77         13.0030         17.0000         21.0000          4.0000         61.6020
   65         13.0030         17.0000         21.0000          1.0000         49.0273
   69         13.0030         17.0000         21.0000          2.0000         51.6379
   73         13.0030         17.0000         21.0000          3.0000         55.3937
   77         13.0030         17.0000         21.0000          4.0000         61.6063
   65         14.0008         17.0000         21.0000          1.0000         58.8833
   69         14.0008         17.0000         21.0000          2.0000         63.2950
   73         14.0008         17.0000         21.0000          3.0000         69.1301
   77         14.0008         17.0000         21.0000          4.0000         78.4017
   65         14.0008         17.0000         21.0000          1.0000         59.3534
   69         14.0008         17.0000         21.0000          2.0000         63.7647
   73         14.0008         17.0000         21.0000          3.0000         69.5791
   77         14.0008         17.0000         21.0000          4.0000         78.8182
   65         14.0008         17.0000         21.0000          1.0000         59.4152
   69         14.0008         17.0000         21.0000          2.0000         63.8263
   73         14.0008         17.0000         21.0000          3.0000         69.6369
   77         14.0008         17.0000         21.0000          4.0000         78.8694
   65         14.0008         17.0000         21.0000          1.0000         59.4254
   69         14.0008         17.0000         21.0000          2.0000         63.8360
   73         14.0008         17.0000         21.0000          3.0000         69.6457
   77         14.0008         17.0000         21.0000          4.0000         78.8770
   65         15.0009         17.0000         21.0000          1.0000         39.2769
   69         15.0009         17.0000         21.0000          2.0000         41.3472
   73         15.0009         17.0000         21.0000          3.0000         44.3231
   77         15.0009         17.0000         21.0000          4.0000         49.3448
   65         15.0009         17.0000         21.0000          1.0000         38.8796
   69         15.0009         17.0000         21.0000          2.0000         40.9266
   73         15.0009         17.0000         21.0000          3.0000         43.8868
   77         15.0009         17.0000         21.0000          4.0000         48.9005
   65         15.0009         17.0000         21.0000          1.0000         38.8252
   69         15.0009         17.0000         21.0000          2.0000         40.8723
   73         15.0009         17.0000         21.0000          3.0000         43.8358
   77         15.0009         17.0000         21.0000          4.0000         48.8562
   65         15.0022         17.0000         21.0000          1.0000         38.7812
   69         15.0022         17.0000         21.0000          2.0000         40.8288
   73         15.0022         17.0000         21.0000          3.0000         43.7944
   77         15.0022         17.0000         21.0000          4.0000         48.8213
   65         15.0022         17.0000         21.0000          1.0000         38.7923
   69         15.0022         17.0000         21.0000          2.0000         40.8381
   73         15.0022         17.0000         21.0000          3.0000         43.8012
   77         15.0022         17.0000         21.0000          4.0000         48.8253
   65         15.0022         17.0000         21.0000          1.0000         38.7984
   69         15.0022         17.0000         21.0000          2.0000         40.8440
   73         15.0022         17.0000         21.0000          3.0000         43.8065
   77         15.0022         17.0000         21.0000          4.0000         48.8297
   65         16.0012         17.0000         21.0000          1.0000         49.8495
   69         16.0012         17.0000         21.0000          2.0000         51.9908
   73         16.0012         17.0000         21.0000          3.0000         55.2040
   77         16.0012         17.0000         21.0000          4.0000         61.1691
   65         16.0012         17.0000         21.0000          1.0000         49.8772
   69         16.0012         17.0000         21.0000          2.0000         52.0176
   73         16.0012         17.0000         21.0000          3.0000         55.2270
   77         16.0012         17.0000         21.0000          4.0000         61.1869
   65         16.0012         17.0000         21.0000          1.0000         49.8838
   69         16.0012         17.0000         21.0000          2.0000         52.0241
   73         16.0012         17.0000         21.0000          3.0000         55.2329
   77         16.0012         17.0000         21.0000          4.0000         61.1919
   65         17.0023         17.0000         21.0000          1.0000         45.7209
   69         17.0023         17.0000         21.0000          2.0000         48.3654
   73         17.0023         17.0000         21.0000          3.0000         52.0229
   77         17.0023         17.0000         21.0000          4.0000         58.3399
   65         17.0023         17.0000         21.0000          1.0000         46.0487
   69         17.0023         17.0000         21.0000          2.0000         48.6964
   73         17.0023         17.0000         21.0000          3.0000         52.3433
   77         17.0023         17.0000         21.0000          4.0000         58.6403
   65         17.0023         17.0000         21.0000          1.0000         46.0932
   69         17.0023         17.0000         21.0000          2.0000         48.7408
   73         17.0023         17.0000         21.0000          3.0000         52.3849
   77         17.0023         17.0000         21.0000          4.0000         58.6771
   65         17.0023         17.0000         21.0000          1.0000         46.1002
   69         17.0023         17.0000         21.0000          2.0000         48.7476
   73         17.0023         17.0000         21.0000          3.0000         52.3911
   77         17.0023         17.0000         21.0000          4.0000         58.6825
   65         18.0008         17.0000         21.0000          1.0000         37.8179
   69         18.0008         17.0000         21.0000          2.0000         39.4437
   73         18.0008         17.0000         21.0000          3.0000         41.8273
   77         18.0008         17.0000         21.0000          4.0000         46.4576
   65         18.0008         17.0000         21.0000          1.0000         37.5850
   69         18.0008         17.0000         21.0000          2.0000         39.2069
   73         18.0008         17.0000         21.0000          3.0000         41.5947
   77         18.0008         17.0000         21.0000          4.0000         46.2352
   65         18.0008         17.0000         21.0000          1.0000         37.5564
   69         18.0008         17.0000         21.0000          2.0000         39.1785
   73         18.0008         17.0000         21.0000          3.0000         41.5681
   77         18.0008         17.0000         21.0000          4.0000         46.2116
   65         19.0009         17.0000         21.0000          1.0000         26.9627
   69         19.0009         17.0000         21.0000          2.0000         27.6356
   73         19.0009         17.0000         21.0000          3.0000         28.7308
   77         19.0009         17.0000         21.0000          4.0000         31.1438
   65         19.0009         17.0000         21.0000          1.0000         26.9680
   69         19.0009         17.0000         21.0000          2.0000         27.6396
   73         19.0009         17.0000         21.0000          3.0000         28.7327
   77         19.0009         17.0000         21.0000          4.0000         31.1432
   65         19.0009         17.0000         21.0000          1.0000         26.9701
   69         19.0009         17.0000         21.0000          2.0000         27.6418
   73         19.0009         17.0000         21.0000          3.0000         28.7347
   77         19.0009         17.0000         21.0000          4.0000         31.1450
   65         20.0012         17.0000         21.0000          1.0000         13.7815
   69         20.0012         17.0000         21.0000          2.0000         13.7962
   73         20.0012         17.0000         21.0000          3.0000         13.9618
   77         20.0012         17.0000         21.0000          4.0000         14.4805
   65         20.0012         17.0000         21.0000          1.0000         13.7810
   69         20.0012         17.0000         21.0000          2.0000         13.7945
   73         20.0012         17.0000         21.0000          3.0000         13.9585
   77         20.0012         17.0000         21.0000          4.0000         14.4757
   65         20.0012         17.0000         21.0000          1.0000         13.7825
   69         20.0012         17.0000         21.0000          2.0000         13.7960
   73         20.0012         17.0000         21.0000          3.0000         13.9598
   77         20.0012         17.0000         21.0000          4.0000         14.4768
   65         21.0061         17.0000         21.0000          1.0000         11.6747
   69         21.0061         17.0000         21.0000          2.0000         11.5489
   73         21.0061         17.0000         21.0000          3.0000         11.5563
   77         21.0061         17.0000         21.0000          4.0000         11.8836
   65         21.0061         17.0000         21.0000          1.0000         11.6746
   69         21.0061         17.0000         21.0000          2.0000         11.5477
   73         21.0061         17.0000         21.0000          3.0000         11.5536
   77         21.0061         17.0000         21.0000          4.0000         11.8794
   65         21.0061         17.0000         21.0000          1.0000         11.6763
   69         21.0061         17.0000         21.0000          2.0000         11.5493
   73         21.0061         17.0000         21.0000          3.0000         11.5551
   77         21.0061         17.0000         21.0000          4.0000         11.8806
   65         22.0079         17.0000         21.0000          1.0000          7.6070
   69         22.0079         17.0000         21.0000          2.0000          7.4324
   73         22.0079         17.0000         21.0000          3.0000          7.3127
   77         22.0079         17.0000         21.0000          4.0000          7.1526
   65         22.0079         17.0000         21.0000          1.0000          7.6085
   69         22.0079         17.0000         21.0000          2.0000          7.4333
   73         22.0079         17.0000         21.0000          3.0000          7.3128
   77         22.0079         17.0000         21.0000          4.0000          7.1516
   65         22.0079         17.0000         21.0000          1.0000          7.6118
   69         22.0079         17.0000         21.0000          2.0000          7.4364
   73         22.0079         17.0000         21.0000          3.0000          7.3155
   77         22.0079         17.0000         21.0000          4.0000          7.1538
   65         23.0110         17.0000         21.0000          1.0000          6.1988
   69         23.0110         17.0000         21.0000          2.0000          5.9956
   73         23.0110         17.0000         21.0000          3.0000          5.8366
   77         23.0110         17.0000         21.0000          4.0000          5.6095
   65         23.0110         17.0000         21.0000          1.0000          6.1994
   69         23.0110         17.0000         21.0000          2.0000          5.9957
   73         23.0110         17.0000         21.0000          3.0000          5.8359
   77         23.0110         17.0000         21.0000          4.0000          5.6078
   65         23.0110         17.0000         21.0000          1.0000          6.2027
   69         23.0110         17.0000         21.0000          2.0000          5.9988
   73         23.0110         17.0000         21.0000          3.0000          5.8386
   77         23.0110         17.0000         21.0000          4.0000          5.6099
