   97          1.0142         17.0000         16.0000          1.0000          4.7092
  101          1.0142         17.0000         16.0000          2.0000          4.6974
  105          1.0142         17.0000         16.0000          3.0000          4.5601
  109          1.0142         17.0000         16.0000          4.0000          4.3722
   97          1.0142         17.0000         16.0000          1.0000          4.7110
  101          1.0142         17.0000         16.0000          2.0000          4.6985
  105          1.0142         17.0000         16.0000          3.0000          4.5603
  109          1.0142         17.0000         16.0000          4.0000          4.3714
   97          1.0142         17.0000         16.0000          1.0000          4.7136
  101          1.0142         17.0000         16.0000          2.0000          4.7011
  105          1.0142         17.0000         16.0000          3.0000          4.5626
  109          1.0142         17.0000         16.0000          4.0000          4.3732
   97          2.0138         17.0000         16.0000          1.0000          5.6867
  101          2.0138         17.0000         16.0000          2.0000          5.6296
  105          2.0138         17.0000         16.0000          3.0000          5.4422
  109          2.0138         17.0000         16.0000          4.0000          5.2323
   97          2.0138         17.0000         16.0000          1.0000          5.6924
  101          2.0138         17.0000         16.0000          2.0000          5.6345
  105          2.0138         17.0000         16.0000          3.0000          5.4459
  109          2.0138         17.0000         16.0000          4.0000          5.2346
   97          2.0138         17.0000         16.0000          1.0000          5.6951
  101          2.0138         17.0000         16.0000          2.0000          5.6372
  105          2.0138         17.0000         16.0000          3.0000          5.4483
  109          2.0138         17.0000         16.0000          4.0000          5.2366
   97          3.0126         17.0000         16.0000          1.0000          2.9363
  101          3.0126         17.0000         16.0000          2.0000          2.8656
  105          3.0126         17.0000         16.0000          3.0000          2.6944
  109          3.0126         17.0000         16.0000          4.0000          2.4365
   97          3.0126         17.0000         16.0000          1.0000          2.9377
  101          3.0126         17.0000         16.0000          2.0000          2.8664
  105          3.0126         17.0000         16.0000          3.0000          2.6946
  109          3.0126         17.0000         16.0000          4.0000          2.4358
   97          3.0126         17.0000         16.0000          1.0000          2.9404
  101          3.0126         17.0000         16.0000          2.0000          2.8690
  105          3.0126         17.0000         16.0000          3.0000          2.6968
  109          3.0126         17.0000         16.0000          4.0000          2.4375
   97          4.0028         17.0000         16.0000          1.0000          2.6561
  101          4.0028         17.0000         16.0000          2.0000          2.5620
  105          4.0028         17.0000         16.0000          3.0000          2.3759
  109          4.0028         17.0000         16.0000          4.0000          2.1072
   97          4.0028         17.0000         16.0000          1.0000          2.6573
  101          4.0028         17.0000         16.0000          2.0000          2.5627
  105          4.0028         17.0000         16.0000          3.0000          2.3759
  109          4.0028         17.0000         16.0000          4.0000          2.1064
   97          4.0028         17.0000         16.0000          1.0000          2.6599
  101          4.0028         17.0000         16.0000          2.0000          2.5651
  105          4.0028         17.0000         16.0000          3.0000          2.3780
  109          4.0028         17.0000         16.0000          4.0000          2.1080
   97          5.0004         17.0000         16.0000          1.0000          2.5889
  101          5.0004         17.0000         16.0000          2.0000          2.4697
  105          5.0004         17.0000         16.0000          3.0000          2.2646
  109          5.0004         17.0000         16.0000          4.0000          1.9786
   97          5.0004         17.0000         16.0000          1.0000          2.5890
  101          5.0004         17.0000         16.0000          2.0000          2.4693
  105          5.0004         17.0000         16.0000          3.0000          2.2635
  109          5.0004         17.0000         16.0000          4.0000          1.9768
   97          5.0004         17.0000         16.0000          1.0000          2.5914
  101          5.0004         17.0000         16.0000          2.0000          2.4716
  105          5.0004         17.0000         16.0000          3.0000          2.2654
  109          5.0004         17.0000         16.0000          4.0000          1.9783
   97          6.0017         17.0000         16.0000          1.0000          1.4510
  101          6.0017         17.0000         16.0000          2.0000          1.3356
  105          6.0017         17.0000         16.0000          3.0000          1.1506
  109          6.0017         17.0000         16.0000          4.0000          0.8977
   97          6.0017         17.0000         16.0000          1.0000          1.4530
  101          6.0017         17.0000         16.0000          2.0000          1.3371
  105          6.0017         17.0000         16.0000          3.0000          1.1515
  109          6.0017         17.0000         16.0000          4.0000          0.8979
   97          6.0017         17.0000         16.0000          1.0000          1.4553
  101          6.0017         17.0000         16.0000          2.0000          1.3393
  105          6.0017         17.0000         16.0000          3.0000          1.1534
  109          6.0017         17.0000         16.0000          4.0000          0.8993
   97          7.0101         17.0000         16.0000          1.0000          1.2852
  101          7.0101         17.0000         16.0000          2.0000          1.1588
  105          7.0101         17.0000         16.0000          3.0000          0.9691
  109          7.0101         17.0000         16.0000          4.0000          0.7157
   97          7.0101         17.0000         16.0000          1.0000          1.2885
  101          7.0101         17.0000         16.0000          2.0000          1.1618
  105          7.0101         17.0000         16.0000          3.0000          0.9716
  109          7.0101         17.0000         16.0000          4.0000          0.7174
   97          7.0101         17.0000         16.0000          1.0000          1.2911
  101          7.0101         17.0000         16.0000          2.0000          1.1643
  105          7.0101         17.0000         16.0000          3.0000          0.9737
  109          7.0101         17.0000         16.0000          4.0000          0.7190
   97          8.0019         17.0000         16.0000          1.0000          1.8364
  101          8.0019         17.0000         16.0000          2.0000          1.7899
  105          8.0019         17.0000         16.0000          3.0000          1.6864
  109          8.0019         17.0000         16.0000          4.0000          1.5236
   97          8.0019         17.0000         16.0000          1.0000          1.8490
  101          8.0019         17.0000         16.0000          2.0000          1.8028
  105          8.0019         17.0000         16.0000          3.0000          1.6989
  109          8.0019         17.0000         16.0000          4.0000          1.5354
   97          8.0019         17.0000         16.0000          1.0000          1.8542
  101          8.0019         17.0000         16.0000          2.0000          1.8079
  105          8.0019         17.0000         16.0000          3.0000          1.7035
  109          8.0019         17.0000         16.0000          4.0000          1.5391
   97          9.0076         17.0000         16.0000          1.0000          6.4761
  101          9.0076         17.0000         16.0000          2.0000          7.1647
  105          9.0076         17.0000         16.0000          3.0000          7.7395
  109          9.0076         17.0000         16.0000          4.0000          8.3415
   97          9.0076         17.0000         16.0000          1.0000          6.5075
  101          9.0076         17.0000         16.0000          2.0000          7.1982
  105          9.0076         17.0000         16.0000          3.0000          7.7723
  109          9.0076         17.0000         16.0000          4.0000          8.3726
   97          9.0076         17.0000         16.0000          1.0000          6.5159
  101          9.0076         17.0000         16.0000          2.0000          7.2067
  105          9.0076         17.0000         16.0000          3.0000          7.7803
  109          9.0076         17.0000         16.0000          4.0000          8.3794
   97         10.0019         17.0000         16.0000          1.0000         13.2724
  101         10.0019         17.0000         16.0000          2.0000         15.0957
  105         10.0019         17.0000         16.0000          3.0000         16.7353
  109         10.0019         17.0000         16.0000          4.0000         18.9542
   97         10.0019         17.0000         16.0000          1.0000         13.3281
  101         10.0019         17.0000         16.0000          2.0000         15.1551
  105         10.0019         17.0000         16.0000          3.0000         16.7954
  109         10.0019         17.0000         16.0000          4.0000         19.0118
   97         10.0019         17.0000         16.0000          1.0000         13.3406
  101         10.0019         17.0000         16.0000          2.0000         15.1674
  105         10.0019         17.0000         16.0000          3.0000         16.8068
  109         10.0019         17.0000         16.0000          4.0000         19.0216
   97         11.0003         17.0000         16.0000          1.0000         21.5064
  101         11.0003         17.0000         16.0000          2.0000         25.0372
  105         11.0003         17.0000         16.0000          3.0000         28.3664
  109         11.0003         17.0000         16.0000          4.0000         33.0089
   97         11.0003         17.0000         16.0000          1.0000         21.5403
  101         11.0003         17.0000         16.0000          2.0000         25.0693
  105         11.0003         17.0000         16.0000          3.0000         28.3950
  109         11.0003         17.0000         16.0000          4.0000         33.0332
   97         11.0003         17.0000         16.0000          1.0000         21.5481
  101         11.0003         17.0000         16.0000          2.0000         25.0772
  105         11.0003         17.0000         16.0000          3.0000         28.4024
  109         11.0003         17.0000         16.0000          4.0000         33.0396
   97         12.0013         17.0000         16.0000          1.0000         29.7864
  101         12.0013         17.0000         16.0000          2.0000         34.0905
  105         12.0013         17.0000         16.0000          3.0000         38.1078
  109         12.0013         17.0000         16.0000          4.0000         43.8721
   97         12.0013         17.0000         16.0000          1.0000         30.4187
  101         12.0013         17.0000         16.0000          2.0000         34.1672
  105         12.0013         17.0000         16.0000          3.0000         38.0747
  109         12.0013         17.0000         16.0000          4.0000         43.8117
   97         12.0013         17.0000         16.0000          1.0000         30.4379
  101         12.0013         17.0000         16.0000          2.0000         34.1800
  105         12.0013         17.0000         16.0000          3.0000         38.0863
  109         12.0013         17.0000         16.0000          4.0000         43.8226
   97         12.0013         17.0000         16.0000          1.0000         30.4403
  101         12.0013         17.0000         16.0000          2.0000         34.1813
  105         12.0013         17.0000         16.0000          3.0000         38.0871
  109         12.0013         17.0000         16.0000          4.0000         43.8230
   97         13.0030         17.0000         16.0000          1.0000         36.7416
  101         13.0030         17.0000         16.0000          2.0000         41.4582
  105         13.0030         17.0000         16.0000          3.0000         45.6942
  109         13.0030         17.0000         16.0000          4.0000         52.1737
   97         13.0030         17.0000         16.0000          1.0000         36.7550
  101         13.0030         17.0000         16.0000          2.0000         41.4685
  105         13.0030         17.0000         16.0000          3.0000         45.7006
  109         13.0030         17.0000         16.0000          4.0000         52.1762
   97         13.0030         17.0000         16.0000          1.0000         36.7608
  101         13.0030         17.0000         16.0000          2.0000         41.4741
  105         13.0030         17.0000         16.0000          3.0000         45.7058
  109         13.0030         17.0000         16.0000          4.0000         52.1805
   97         14.0008         17.0000         16.0000          1.0000         48.3535
  101         14.0008         17.0000         16.0000          2.0000         54.8641
  105         14.0008         17.0000         16.0000          3.0000         61.1653
  109         14.0008         17.0000         16.0000          4.0000         70.0970
   97         14.0008         17.0000         16.0000          1.0000         48.8205
  101         14.0008         17.0000         16.0000          2.0000         55.3329
  105         14.0008         17.0000         16.0000          3.0000         61.6131
  109         14.0008         17.0000         16.0000          4.0000         70.5115
   97         14.0008         17.0000         16.0000          1.0000         48.8810
  101         14.0008         17.0000         16.0000          2.0000         55.3937
  105         14.0008         17.0000         16.0000          3.0000         61.6706
  109         14.0008         17.0000         16.0000          4.0000         70.5626
   97         14.0008         17.0000         16.0000          1.0000         48.8911
  101         14.0008         17.0000         16.0000          2.0000         55.4034
  105         14.0008         17.0000         16.0000          3.0000         61.6795
  109         14.0008         17.0000         16.0000          4.0000         70.5703
   97         15.0009         17.0000         16.0000          1.0000         33.6096
  101         15.0009         17.0000         16.0000          2.0000         37.0913
  105         15.0009         17.0000         16.0000          3.0000         40.5035
  109         15.0009         17.0000         16.0000          4.0000         45.1702
   97         15.0009         17.0000         16.0000          1.0000         33.2180
  101         15.0009         17.0000         16.0000          2.0000         36.6788
  105         15.0009         17.0000         16.0000          3.0000         40.0826
  109         15.0009         17.0000         16.0000          4.0000         44.7496
   97         15.0009         17.0000         16.0000          1.0000         33.1695
  101         15.0009         17.0000         16.0000          2.0000         36.6293
  105         15.0009         17.0000         16.0000          3.0000         40.0355
  109         15.0009         17.0000         16.0000          4.0000         44.7080
   97         15.0022         17.0000         16.0000          1.0000         33.1319
  101         15.0022         17.0000         16.0000          2.0000         36.5919
  105         15.0022         17.0000         16.0000          3.0000         40.0004
  109         15.0022         17.0000         16.0000          4.0000         44.6795
   97         15.0022         17.0000         16.0000          1.0000         33.1452
  101         15.0022         17.0000         16.0000          2.0000         36.6030
  105         15.0022         17.0000         16.0000          3.0000         40.0086
  109         15.0022         17.0000         16.0000          4.0000         44.6843
   97         15.0022         17.0000         16.0000          1.0000         33.1515
  101         15.0022         17.0000         16.0000          2.0000         36.6092
  105         15.0022         17.0000         16.0000          3.0000         40.0142
  109         15.0022         17.0000         16.0000          4.0000         44.6891
   97         16.0012         17.0000         16.0000          1.0000         38.8599
  101         16.0012         17.0000         16.0000          2.0000         42.2855
  105         16.0012         17.0000         16.0000          3.0000         45.8125
  109         16.0012         17.0000         16.0000          4.0000         51.3463
   97         16.0012         17.0000         16.0000          1.0000         38.8817
  101         16.0012         17.0000         16.0000          2.0000         42.3057
  105         16.0012         17.0000         16.0000          3.0000         45.8294
  109         16.0012         17.0000         16.0000          4.0000         51.3551
   97         16.0012         17.0000         16.0000          1.0000         38.8896
  101         16.0012         17.0000         16.0000          2.0000         42.3132
  105         16.0012         17.0000         16.0000          3.0000         45.8363
  109         16.0012         17.0000         16.0000          4.0000         51.3610
   97         17.0023         17.0000         16.0000          1.0000         36.9329
  101         17.0023         17.0000         16.0000          2.0000         41.1482
  105         17.0023         17.0000         16.0000          3.0000         45.0827
  109         17.0023         17.0000         16.0000          4.0000         50.4783
   97         17.0023         17.0000         16.0000          1.0000         37.2524
  101         17.0023         17.0000         16.0000          2.0000         41.4692
  105         17.0023         17.0000         16.0000          3.0000         45.3921
  109         17.0023         17.0000         16.0000          4.0000         50.7703
   97         17.0023         17.0000         16.0000          1.0000         37.2963
  101         17.0023         17.0000         16.0000          2.0000         41.5134
  105         17.0023         17.0000         16.0000          3.0000         45.4338
  109         17.0023         17.0000         16.0000          4.0000         50.8073
   97         17.0023         17.0000         16.0000          1.0000         37.3032
  101         17.0023         17.0000         16.0000          2.0000         41.5200
  105         17.0023         17.0000         16.0000          3.0000         45.4400
  109         17.0023         17.0000         16.0000          4.0000         50.8126
   97         18.0008         17.0000         16.0000          1.0000         30.5295
  101         18.0008         17.0000         16.0000          2.0000         33.6330
  105         18.0008         17.0000         16.0000          3.0000         36.2769
  109         18.0008         17.0000         16.0000          4.0000         40.0286
   97         18.0008         17.0000         16.0000          1.0000         30.3001
  101         18.0008         17.0000         16.0000          2.0000         33.3979
  105         18.0008         17.0000         16.0000          3.0000         36.0466
  109         18.0008         17.0000         16.0000          4.0000         39.8094
   97         18.0008         17.0000         16.0000          1.0000         30.2726
  101         18.0008         17.0000         16.0000          2.0000         33.3704
  105         18.0008         17.0000         16.0000          3.0000         36.0205
  109         18.0008         17.0000         16.0000          4.0000         39.7862
   97         19.0009         17.0000         16.0000          1.0000         23.0063
  101         19.0009         17.0000         16.0000          2.0000         24.6582
  105         19.0009         17.0000         16.0000          3.0000         25.9537
  109         19.0009         17.0000         16.0000          4.0000         27.8842
   97         19.0009         17.0000         16.0000          1.0000         23.0136
  101         19.0009         17.0000         16.0000          2.0000         24.6631
  105         19.0009         17.0000         16.0000          3.0000         25.9559
  109         19.0009         17.0000         16.0000          4.0000         27.8836
   97         19.0009         17.0000         16.0000          1.0000         23.0158
  101         19.0009         17.0000         16.0000          2.0000         24.6654
  105         19.0009         17.0000         16.0000          3.0000         25.9581
  109         19.0009         17.0000         16.0000          4.0000         27.8855
   97         20.0012         17.0000         16.0000          1.0000         12.7309
  101         20.0012         17.0000         16.0000          2.0000         13.3526
  105         20.0012         17.0000         16.0000          3.0000         13.6769
  109         20.0012         17.0000         16.0000          4.0000         14.1401
   97         20.0012         17.0000         16.0000          1.0000         12.7329
  101         20.0012         17.0000         16.0000          2.0000         13.3528
  105         20.0012         17.0000         16.0000          3.0000         13.6752
  109         20.0012         17.0000         16.0000          4.0000         14.1366
   97         20.0012         17.0000         16.0000          1.0000         12.7345
  101         20.0012         17.0000         16.0000          2.0000         13.3544
  105         20.0012         17.0000         16.0000          3.0000         13.6767
  109         20.0012         17.0000         16.0000          4.0000         14.1378
   97         21.0061         17.0000         16.0000          1.0000         10.7482
  101         21.0061         17.0000         16.0000          2.0000         11.1250
  105         21.0061         17.0000         16.0000          3.0000         11.2491
  109         21.0061         17.0000         16.0000          4.0000         11.4945
   97         21.0061         17.0000         16.0000          1.0000         10.7506
  101         21.0061         17.0000         16.0000          2.0000         11.1259
  105         21.0061         17.0000         16.0000          3.0000         11.2483
  109         21.0061         17.0000         16.0000          4.0000         11.4920
   97         21.0061         17.0000         16.0000          1.0000         10.7523
  101         21.0061         17.0000         16.0000          2.0000         11.1277
  105         21.0061         17.0000         16.0000          3.0000         11.2500
  109         21.0061         17.0000         16.0000          4.0000         11.4934
   97         22.0079         17.0000         16.0000          1.0000          6.6711
  101         22.0079         17.0000         16.0000          2.0000          6.8323
  105         22.0079         17.0000         16.0000          3.0000          6.8065
  109         22.0079         17.0000         16.0000          4.0000          6.7128
   97         22.0079         17.0000         16.0000          1.0000          6.6746
  101         22.0079         17.0000         16.0000          2.0000          6.8351
  105         22.0079         17.0000         16.0000          3.0000          6.8082
  109         22.0079         17.0000         16.0000          4.0000          6.7132
   97         22.0079         17.0000         16.0000          1.0000          6.6776
  101         22.0079         17.0000         16.0000          2.0000          6.8380
  105         22.0079         17.0000         16.0000          3.0000          6.8108
  109         22.0079         17.0000         16.0000          4.0000          6.7154
   97         23.0110         17.0000         16.0000          1.0000          4.9677
  101         23.0110         17.0000         16.0000          2.0000          5.0504
  105         23.0110         17.0000         16.0000          3.0000          4.9703
  109         23.0110         17.0000         16.0000          4.0000          4.7849
   97         23.0110         17.0000         16.0000          1.0000          4.9694
  101         23.0110         17.0000         16.0000          2.0000          5.0515
  105         23.0110         17.0000         16.0000          3.0000          4.9706
  109         23.0110         17.0000         16.0000          4.0000          4.7841
   97         23.0110         17.0000         16.0000          1.0000          4.9724
  101         23.0110         17.0000         16.0000          2.0000          5.0544
  105         23.0110         17.0000         16.0000          3.0000          4.9732
  109         23.0110         17.0000         16.0000          4.0000          4.7862
