  114          1.0142         16.0000         18.0000          1.0000          0.0000
  115          1.0142         16.0000         19.0000          1.0000          0.0000
  116          1.0142         16.0000         20.0000          1.0000          0.0000
  118          1.0142         16.0000         18.0000          2.0000          0.0000
  119          1.0142         16.0000         19.0000          2.0000          0.0000
  120          1.0142         16.0000         20.0000          2.0000          0.0000
  122          1.0142         16.0000         18.0000          3.0000          0.0000
  123          1.0142         16.0000         19.0000          3.0000          0.0000
  124          1.0142         16.0000         20.0000          3.0000          0.0000
  126          1.0142         16.0000         18.0000          4.0000          0.0000
  127          1.0142         16.0000         19.0000          4.0000          0.0000
  128          1.0142         16.0000         20.0000          4.0000          0.0000
  114          1.0142         16.0000         18.0000          1.0000          0.0000
  115          1.0142         16.0000         19.0000          1.0000          0.0000
  116          1.0142         16.0000         20.0000          1.0000          0.0000
  118          1.0142         16.0000         18.0000          2.0000          0.0000
  119          1.0142         16.0000         19.0000          2.0000          0.0000
  120          1.0142         16.0000         20.0000          2.0000          0.0000
  122          1.0142         16.0000         18.0000          3.0000          0.0000
  123          1.0142         16.0000         19.0000          3.0000          0.0000
  124          1.0142         16.0000         20.0000          3.0000          0.0000
  126          1.0142         16.0000         18.0000          4.0000          0.0000
  127          1.0142         16.0000         19.0000          4.0000          0.0000
  128          1.0142         16.0000         20.0000          4.0000          0.0000
  114          1.0142         16.0000         18.0000          1.0000          0.0000
  115          1.0142         16.0000         19.0000          1.0000          0.0000
  116          1.0142         16.0000         20.0000          1.0000          0.0000
  118          1.0142         16.0000         18.0000          2.0000          0.0000
  119          1.0142         16.0000         19.0000          2.0000          0.0000
  120          1.0142         16.0000         20.0000          2.0000          0.0000
  122          1.0142         16.0000         18.0000          3.0000          0.0000
  123          1.0142         16.0000         19.0000          3.0000          0.0000
  124          1.0142         16.0000         20.0000          3.0000          0.0000
  126          1.0142         16.0000         18.0000          4.0000          0.0000
  127          1.0142         16.0000         19.0000          4.0000          0.0000
  128          1.0142         16.0000         20.0000          4.0000          0.0000
  114          2.0138         16.0000         18.0000          1.0000          0.0000
  115          2.0138         16.0000         19.0000          1.0000          0.0000
  116          2.0138         16.0000         20.0000          1.0000          0.0000
  118          2.0138         16.0000         18.0000          2.0000          0.0000
  119          2.0138         16.0000         19.0000          2.0000          0.0000
  120          2.0138         16.0000         20.0000          2.0000          0.0000
  122          2.0138         16.0000         18.0000          3.0000          0.0000
  123          2.0138         16.0000         19.0000          3.0000          0.0000
  124          2.0138         16.0000         20.0000          3.0000          0.0000
  126          2.0138         16.0000         18.0000          4.0000          0.0000
  127          2.0138         16.0000         19.0000          4.0000          0.0000
  128          2.0138         16.0000         20.0000          4.0000          0.0000
  114          2.0138         16.0000         18.0000          1.0000          0.0000
  115          2.0138         16.0000         19.0000          1.0000          0.0000
  116          2.0138         16.0000         20.0000          1.0000          0.0000
  118          2.0138         16.0000         18.0000          2.0000          0.0000
  119          2.0138         16.0000         19.0000          2.0000          0.0000
  120          2.0138         16.0000         20.0000          2.0000          0.0000
  122          2.0138         16.0000         18.0000          3.0000          0.0000
  123          2.0138         16.0000         19.0000          3.0000          0.0000
  124          2.0138         16.0000         20.0000          3.0000          0.0000
  126          2.0138         16.0000         18.0000          4.0000          0.0000
  127          2.0138         16.0000         19.0000          4.0000          0.0000
  128          2.0138         16.0000         20.0000          4.0000          0.0000
  114          2.0138         16.0000         18.0000          1.0000          0.0000
  115          2.0138         16.0000         19.0000          1.0000          0.0000
  116          2.0138         16.0000         20.0000          1.0000          0.0000
  118          2.0138         16.0000         18.0000          2.0000          0.0000
  119          2.0138         16.0000         19.0000          2.0000          0.0000
  120          2.0138         16.0000         20.0000          2.0000          0.0000
  122          2.0138         16.0000         18.0000          3.0000          0.0000
  123          2.0138         16.0000         19.0000          3.0000          0.0000
  124          2.0138         16.0000         20.0000          3.0000          0.0000
  126          2.0138         16.0000         18.0000          4.0000          0.0000
  127          2.0138         16.0000         19.0000          4.0000          0.0000
  128          2.0138         16.0000         20.0000          4.0000          0.0000
  114          3.0126         16.0000         18.0000          1.0000          0.0000
  115          3.0126         16.0000         19.0000          1.0000          0.0000
  116          3.0126         16.0000         20.0000          1.0000          0.0000
  118          3.0126         16.0000         18.0000          2.0000          0.0000
  119          3.0126         16.0000         19.0000          2.0000          0.0000
  120          3.0126         16.0000         20.0000          2.0000          0.0000
  122          3.0126         16.0000         18.0000          3.0000          0.0000
  123          3.0126         16.0000         19.0000          3.0000          0.0000
  124          3.0126         16.0000         20.0000          3.0000          0.0000
  126          3.0126         16.0000         18.0000          4.0000          0.0000
  127          3.0126         16.0000         19.0000          4.0000          0.0000
  128          3.0126         16.0000         20.0000          4.0000          0.0000
  114          3.0126         16.0000         18.0000          1.0000          0.0000
  115          3.0126         16.0000         19.0000          1.0000          0.0000
  116          3.0126         16.0000         20.0000          1.0000          0.0000
  118          3.0126         16.0000         18.0000          2.0000          0.0000
  119          3.0126         16.0000         19.0000          2.0000          0.0000
  120          3.0126         16.0000         20.0000          2.0000          0.0000
  122          3.0126         16.0000         18.0000          3.0000          0.0000
  123          3.0126         16.0000         19.0000          3.0000          0.0000
  124          3.0126         16.0000         20.0000          3.0000          0.0000
  126          3.0126         16.0000         18.0000          4.0000          0.0000
  127          3.0126         16.0000         19.0000          4.0000          0.0000
  128          3.0126         16.0000         20.0000          4.0000          0.0000
  114          3.0126         16.0000         18.0000          1.0000          0.0000
  115          3.0126         16.0000         19.0000          1.0000          0.0000
  116          3.0126         16.0000         20.0000          1.0000          0.0000
  118          3.0126         16.0000         18.0000          2.0000          0.0000
  119          3.0126         16.0000         19.0000          2.0000          0.0000
  120          3.0126         16.0000         20.0000          2.0000          0.0000
  122          3.0126         16.0000         18.0000          3.0000          0.0000
  123          3.0126         16.0000         19.0000          3.0000          0.0000
  124          3.0126         16.0000         20.0000          3.0000          0.0000
  126          3.0126         16.0000         18.0000          4.0000          0.0000
  127          3.0126         16.0000         19.0000          4.0000          0.0000
  128          3.0126         16.0000         20.0000          4.0000          0.0000
  114          4.0028         16.0000         18.0000          1.0000          0.0000
  115          4.0028         16.0000         19.0000          1.0000          0.0000
  116          4.0028         16.0000         20.0000          1.0000          0.0000
  118          4.0028         16.0000         18.0000          2.0000          0.0000
  119          4.0028         16.0000         19.0000          2.0000          0.0000
  120          4.0028         16.0000         20.0000          2.0000          0.0000
  122          4.0028         16.0000         18.0000          3.0000          0.0000
  123          4.0028         16.0000         19.0000          3.0000          0.0000
  124          4.0028         16.0000         20.0000          3.0000          0.0000
  126          4.0028         16.0000         18.0000          4.0000          0.0000
  127          4.0028         16.0000         19.0000          4.0000          0.0000
  128          4.0028         16.0000         20.0000          4.0000          0.0000
  114          4.0028         16.0000         18.0000          1.0000          0.0000
  115          4.0028         16.0000         19.0000          1.0000          0.0000
  116          4.0028         16.0000         20.0000          1.0000          0.0000
  118          4.0028         16.0000         18.0000          2.0000          0.0000
  119          4.0028         16.0000         19.0000          2.0000          0.0000
  120          4.0028         16.0000         20.0000          2.0000          0.0000
  122          4.0028         16.0000         18.0000          3.0000          0.0000
  123          4.0028         16.0000         19.0000          3.0000          0.0000
  124          4.0028         16.0000         20.0000          3.0000          0.0000
  126          4.0028         16.0000         18.0000          4.0000          0.0000
  127          4.0028         16.0000         19.0000          4.0000          0.0000
  128          4.0028         16.0000         20.0000          4.0000          0.0000
  114          4.0028         16.0000         18.0000          1.0000          0.0000
  115          4.0028         16.0000         19.0000          1.0000          0.0000
  116          4.0028         16.0000         20.0000          1.0000          0.0000
  118          4.0028         16.0000         18.0000          2.0000          0.0000
  119          4.0028         16.0000         19.0000          2.0000          0.0000
  120          4.0028         16.0000         20.0000          2.0000          0.0000
  122          4.0028         16.0000         18.0000          3.0000          0.0000
  123          4.0028         16.0000         19.0000          3.0000          0.0000
  124          4.0028         16.0000         20.0000          3.0000          0.0000
  126          4.0028         16.0000         18.0000          4.0000          0.0000
  127          4.0028         16.0000         19.0000          4.0000          0.0000
  128          4.0028         16.0000         20.0000          4.0000          0.0000
  114          5.0004         16.0000         18.0000          1.0000          0.0000
  115          5.0004         16.0000         19.0000          1.0000          0.0000
  116          5.0004         16.0000         20.0000          1.0000          0.0000
  118          5.0004         16.0000         18.0000          2.0000          0.0000
  119          5.0004         16.0000         19.0000          2.0000          0.0000
  120          5.0004         16.0000         20.0000          2.0000          0.0000
  122          5.0004         16.0000         18.0000          3.0000          0.0000
  123          5.0004         16.0000         19.0000          3.0000          0.0000
  124          5.0004         16.0000         20.0000          3.0000          0.0000
  126          5.0004         16.0000         18.0000          4.0000          0.0000
  127          5.0004         16.0000         19.0000          4.0000          0.0000
  128          5.0004         16.0000         20.0000          4.0000          0.0000
  114          5.0004         16.0000         18.0000          1.0000          0.0000
  115          5.0004         16.0000         19.0000          1.0000          0.0000
  116          5.0004         16.0000         20.0000          1.0000          0.0000
  118          5.0004         16.0000         18.0000          2.0000          0.0000
  119          5.0004         16.0000         19.0000          2.0000          0.0000
  120          5.0004         16.0000         20.0000          2.0000          0.0000
  122          5.0004         16.0000         18.0000          3.0000          0.0000
  123          5.0004         16.0000         19.0000          3.0000          0.0000
  124          5.0004         16.0000         20.0000          3.0000          0.0000
  126          5.0004         16.0000         18.0000          4.0000          0.0000
  127          5.0004         16.0000         19.0000          4.0000          0.0000
  128          5.0004         16.0000         20.0000          4.0000          0.0000
  114          5.0004         16.0000         18.0000          1.0000          0.0000
  115          5.0004         16.0000         19.0000          1.0000          0.0000
  116          5.0004         16.0000         20.0000          1.0000          0.0000
  118          5.0004         16.0000         18.0000          2.0000          0.0000
  119          5.0004         16.0000         19.0000          2.0000          0.0000
  120          5.0004         16.0000         20.0000          2.0000          0.0000
  122          5.0004         16.0000         18.0000          3.0000          0.0000
  123          5.0004         16.0000         19.0000          3.0000          0.0000
  124          5.0004         16.0000         20.0000          3.0000          0.0000
  126          5.0004         16.0000         18.0000          4.0000          0.0000
  127          5.0004         16.0000         19.0000          4.0000          0.0000
  128          5.0004         16.0000         20.0000          4.0000          0.0000
  114          6.0017         16.0000         18.0000          1.0000          0.0000
  115          6.0017         16.0000         19.0000          1.0000          0.0000
  116          6.0017         16.0000         20.0000          1.0000          0.0000
  118          6.0017         16.0000         18.0000          2.0000          0.0000
  119          6.0017         16.0000         19.0000          2.0000          0.0000
  120          6.0017         16.0000         20.0000          2.0000          0.0000
  122          6.0017         16.0000         18.0000          3.0000          0.0000
  123          6.0017         16.0000         19.0000          3.0000          0.0000
  124          6.0017         16.0000         20.0000          3.0000          0.0000
  126          6.0017         16.0000         18.0000          4.0000          0.0000
  127          6.0017         16.0000         19.0000          4.0000          0.0000
  128          6.0017         16.0000         20.0000          4.0000          0.0000
  114          6.0017         16.0000         18.0000          1.0000          0.0000
  115          6.0017         16.0000         19.0000          1.0000          0.0000
  116          6.0017         16.0000         20.0000          1.0000          0.0000
  118          6.0017         16.0000         18.0000          2.0000          0.0000
  119          6.0017         16.0000         19.0000          2.0000          0.0000
  120          6.0017         16.0000         20.0000          2.0000          0.0000
  122          6.0017         16.0000         18.0000          3.0000          0.0000
  123          6.0017         16.0000         19.0000          3.0000          0.0000
  124          6.0017         16.0000         20.0000          3.0000          0.0000
  126          6.0017         16.0000         18.0000          4.0000          0.0000
  127          6.0017         16.0000         19.0000          4.0000          0.0000
  128          6.0017         16.0000         20.0000          4.0000          0.0000
  114          6.0017         16.0000         18.0000          1.0000          0.0000
  115          6.0017         16.0000         19.0000          1.0000          0.0000
  116          6.0017         16.0000         20.0000          1.0000          0.0000
  118          6.0017         16.0000         18.0000          2.0000          0.0000
  119          6.0017         16.0000         19.0000          2.0000          0.0000
  120          6.0017         16.0000         20.0000          2.0000          0.0000
  122          6.0017         16.0000         18.0000          3.0000          0.0000
  123          6.0017         16.0000         19.0000          3.0000          0.0000
  124          6.0017         16.0000         20.0000          3.0000          0.0000
  126          6.0017         16.0000         18.0000          4.0000          0.0000
  127          6.0017         16.0000         19.0000          4.0000          0.0000
  128          6.0017         16.0000         20.0000          4.0000          0.0000
  114          7.0101         16.0000         18.0000          1.0000          0.0122
  115          7.0101         16.0000         19.0000          1.0000          0.0123
  116          7.0101         16.0000         20.0000          1.0000          0.0135
  118          7.0101         16.0000         18.0000          2.0000          0.0149
  119          7.0101         16.0000         19.0000          2.0000          0.0149
  120          7.0101         16.0000         20.0000          2.0000          0.0160
  122          7.0101         16.0000         18.0000          3.0000          0.0183
  123          7.0101         16.0000         19.0000          3.0000          0.0184
  124          7.0101         16.0000         20.0000          3.0000          0.0192
  126          7.0101         16.0000         18.0000          4.0000          0.0225
  127          7.0101         16.0000         19.0000          4.0000          0.0225
  128          7.0101         16.0000         20.0000          4.0000          0.0232
  114          7.0101         16.0000         18.0000          1.0000          0.0122
  115          7.0101         16.0000         19.0000          1.0000          0.0122
  116          7.0101         16.0000         20.0000          1.0000          0.0135
  118          7.0101         16.0000         18.0000          2.0000          0.0149
  119          7.0101         16.0000         19.0000          2.0000          0.0149
  120          7.0101         16.0000         20.0000          2.0000          0.0160
  122          7.0101         16.0000         18.0000          3.0000          0.0183
  123          7.0101         16.0000         19.0000          3.0000          0.0184
  124          7.0101         16.0000         20.0000          3.0000          0.0192
  126          7.0101         16.0000         18.0000          4.0000          0.0225
  127          7.0101         16.0000         19.0000          4.0000          0.0225
  128          7.0101         16.0000         20.0000          4.0000          0.0232
  114          7.0101         16.0000         18.0000          1.0000          0.0122
  115          7.0101         16.0000         19.0000          1.0000          0.0122
  116          7.0101         16.0000         20.0000          1.0000          0.0135
  118          7.0101         16.0000         18.0000          2.0000          0.0149
  119          7.0101         16.0000         19.0000          2.0000          0.0149
  120          7.0101         16.0000         20.0000          2.0000          0.0160
  122          7.0101         16.0000         18.0000          3.0000          0.0183
  123          7.0101         16.0000         19.0000          3.0000          0.0183
  124          7.0101         16.0000         20.0000          3.0000          0.0192
  126          7.0101         16.0000         18.0000          4.0000          0.0225
  127          7.0101         16.0000         19.0000          4.0000          0.0225
  128          7.0101         16.0000         20.0000          4.0000          0.0232
  114          8.0019         16.0000         18.0000          1.0000          1.2219
  115          8.0019         16.0000         19.0000          1.0000          1.2225
  116          8.0019         16.0000         20.0000          1.0000          1.3433
  118          8.0019         16.0000         18.0000          2.0000          1.4864
  119          8.0019         16.0000         19.0000          2.0000          1.4872
  120          8.0019         16.0000         20.0000          2.0000          1.5969
  122          8.0019         16.0000         18.0000          3.0000          1.8292
  123          8.0019         16.0000         19.0000          3.0000          1.8300
  124          8.0019         16.0000         20.0000          3.0000          1.9163
  126          8.0019         16.0000         18.0000          4.0000          2.2377
  127          8.0019         16.0000         19.0000          4.0000          2.2383
  128          8.0019         16.0000         20.0000          4.0000          2.3077
  114          8.0019         16.0000         18.0000          1.0000          1.2211
  115          8.0019         16.0000         19.0000          1.0000          1.2216
  116          8.0019         16.0000         20.0000          1.0000          1.3425
  118          8.0019         16.0000         18.0000          2.0000          1.4857
  119          8.0019         16.0000         19.0000          2.0000          1.4865
  120          8.0019         16.0000         20.0000          2.0000          1.5962
  122          8.0019         16.0000         18.0000          3.0000          1.8286
  123          8.0019         16.0000         19.0000          3.0000          1.8295
  124          8.0019         16.0000         20.0000          3.0000          1.9157
  126          8.0019         16.0000         18.0000          4.0000          2.2373
  127          8.0019         16.0000         19.0000          4.0000          2.2379
  128          8.0019         16.0000         20.0000          4.0000          2.3073
  114          8.0019         16.0000         18.0000          1.0000          1.2202
  115          8.0019         16.0000         19.0000          1.0000          1.2207
  116          8.0019         16.0000         20.0000          1.0000          1.3417
  118          8.0019         16.0000         18.0000          2.0000          1.4850
  119          8.0019         16.0000         19.0000          2.0000          1.4858
  120          8.0019         16.0000         20.0000          2.0000          1.5956
  122          8.0019         16.0000         18.0000          3.0000          1.8281
  123          8.0019         16.0000         19.0000          3.0000          1.8289
  124          8.0019         16.0000         20.0000          3.0000          1.9152
  126          8.0019         16.0000         18.0000          4.0000          2.2369
  127          8.0019         16.0000         19.0000          4.0000          2.2374
  128          8.0019         16.0000         20.0000          4.0000          2.3069
  114          9.0076         16.0000         18.0000          1.0000          6.5908
  115          9.0076         16.0000         19.0000          1.0000          6.5972
  116          9.0076         16.0000         20.0000          1.0000          7.2205
  118          9.0076         16.0000         18.0000          2.0000          8.0443
  119          9.0076         16.0000         19.0000          2.0000          8.0593
  120          9.0076         16.0000         20.0000          2.0000          8.6117
  122          9.0076         16.0000         18.0000          3.0000          9.8475
  123          9.0076         16.0000         19.0000          3.0000          9.8591
  124          9.0076         16.0000         20.0000          3.0000         10.2687
  126          9.0076         16.0000         18.0000          4.0000         11.9098
  127          9.0076         16.0000         19.0000          4.0000         11.9123
  128          9.0076         16.0000         20.0000          4.0000         12.2247
  114          9.0076         16.0000         18.0000          1.0000          6.5845
  115          9.0076         16.0000         19.0000          1.0000          6.5908
  116          9.0076         16.0000         20.0000          1.0000          7.2147
  118          9.0076         16.0000         18.0000          2.0000          8.0390
  119          9.0076         16.0000         19.0000          2.0000          8.0539
  120          9.0076         16.0000         20.0000          2.0000          8.6069
  122          9.0076         16.0000         18.0000          3.0000          9.8433
  123          9.0076         16.0000         19.0000          3.0000          9.8549
  124          9.0076         16.0000         20.0000          3.0000         10.2648
  126          9.0076         16.0000         18.0000          4.0000         11.9067
  127          9.0076         16.0000         19.0000          4.0000         11.9091
  128          9.0076         16.0000         20.0000          4.0000         12.2219
  114          9.0076         16.0000         18.0000          1.0000          6.5782
  115          9.0076         16.0000         19.0000          1.0000          6.5843
  116          9.0076         16.0000         20.0000          1.0000          7.2090
  118          9.0076         16.0000         18.0000          2.0000          8.0338
  119          9.0076         16.0000         19.0000          2.0000          8.0486
  120          9.0076         16.0000         20.0000          2.0000          8.6020
  122          9.0076         16.0000         18.0000          3.0000          9.8390
  123          9.0076         16.0000         19.0000          3.0000          9.8506
  124          9.0076         16.0000         20.0000          3.0000         10.2609
  126          9.0076         16.0000         18.0000          4.0000         11.9036
  127          9.0076         16.0000         19.0000          4.0000         11.9060
  128          9.0076         16.0000         20.0000          4.0000         12.2190
  114         10.0019         16.0000         18.0000          1.0000         11.9137
  115         10.0019         16.0000         19.0000          1.0000         11.9373
  116         10.0019         16.0000         20.0000          1.0000         12.9860
  118         10.0019         16.0000         18.0000          2.0000         14.5328
  119         10.0019         16.0000         19.0000          2.0000         14.5771
  120         10.0019         16.0000         20.0000          2.0000         15.4817
  122         10.0019         16.0000         18.0000          3.0000         17.6049
  123         10.0019         16.0000         19.0000          3.0000         17.6349
  124         10.0019         16.0000         20.0000          3.0000         18.2754
  126         10.0019         16.0000         18.0000          4.0000         21.0103
  127         10.0019         16.0000         19.0000          4.0000         21.0177
  128         10.0019         16.0000         20.0000          4.0000         21.4959
  114         10.0019         16.0000         18.0000          1.0000         11.9001
  115         10.0019         16.0000         19.0000          1.0000         11.9234
  116         10.0019         16.0000         20.0000          1.0000         12.9737
  118         10.0019         16.0000         18.0000          2.0000         14.5216
  119         10.0019         16.0000         19.0000          2.0000         14.5657
  120         10.0019         16.0000         20.0000          2.0000         15.4714
  122         10.0019         16.0000         18.0000          3.0000         17.5959
  123         10.0019         16.0000         19.0000          3.0000         17.6258
  124         10.0019         16.0000         20.0000          3.0000         18.2671
  126         10.0019         16.0000         18.0000          4.0000         21.0036
  127         10.0019         16.0000         19.0000          4.0000         21.0111
  128         10.0019         16.0000         20.0000          4.0000         21.4898
  114         10.0019         16.0000         18.0000          1.0000         11.8866
  115         10.0019         16.0000         19.0000          1.0000         11.9095
  116         10.0019         16.0000         20.0000          1.0000         12.9614
  118         10.0019         16.0000         18.0000          2.0000         14.5103
  119         10.0019         16.0000         19.0000          2.0000         14.5543
  120         10.0019         16.0000         20.0000          2.0000         15.4612
  122         10.0019         16.0000         18.0000          3.0000         17.5869
  123         10.0019         16.0000         19.0000          3.0000         17.6167
  124         10.0019         16.0000         20.0000          3.0000         18.2588
  126         10.0019         16.0000         18.0000          4.0000         20.9970
  127         10.0019         16.0000         19.0000          4.0000         21.0044
  128         10.0019         16.0000         20.0000          4.0000         21.4836
  114         11.0003         16.0000         18.0000          1.0000         16.8418
  115         11.0003         16.0000         19.0000          1.0000         16.8711
  116         11.0003         16.0000         20.0000          1.0000         18.4126
  118         11.0003         16.0000         18.0000          2.0000         20.5016
  119         11.0003         16.0000         19.0000          2.0000         20.5450
  120         11.0003         16.0000         20.0000          2.0000         21.8995
  122         11.0003         16.0000         18.0000          3.0000         24.8691
  123         11.0003         16.0000         19.0000          3.0000         24.8950
  124         11.0003         16.0000         20.0000          3.0000         25.8956
  126         11.0003         16.0000         18.0000          4.0000         29.8575
  127         11.0003         16.0000         19.0000          4.0000         29.8637
  128         11.0003         16.0000         20.0000          4.0000         30.6398
  114         11.0003         16.0000         18.0000          1.0000         16.8243
  115         11.0003         16.0000         19.0000          1.0000         16.8532
  116         11.0003         16.0000         20.0000          1.0000         18.3968
  118         11.0003         16.0000         18.0000          2.0000         20.4871
  119         11.0003         16.0000         19.0000          2.0000         20.5303
  120         11.0003         16.0000         20.0000          2.0000         21.8863
  122         11.0003         16.0000         18.0000          3.0000         24.8575
  123         11.0003         16.0000         19.0000          3.0000         24.8834
  124         11.0003         16.0000         20.0000          3.0000         25.8849
  126         11.0003         16.0000         18.0000          4.0000         29.8490
  127         11.0003         16.0000         19.0000          4.0000         29.8551
  128         11.0003         16.0000         20.0000          4.0000         30.6320
  114         11.0003         16.0000         18.0000          1.0000         16.8069
  115         11.0003         16.0000         19.0000          1.0000         16.8353
  116         11.0003         16.0000         20.0000          1.0000         18.3810
  118         11.0003         16.0000         18.0000          2.0000         20.4726
  119         11.0003         16.0000         19.0000          2.0000         20.5156
  120         11.0003         16.0000         20.0000          2.0000         21.8731
  122         11.0003         16.0000         18.0000          3.0000         24.8459
  123         11.0003         16.0000         19.0000          3.0000         24.8717
  124         11.0003         16.0000         20.0000          3.0000         25.8742
  126         11.0003         16.0000         18.0000          4.0000         29.8405
  127         11.0003         16.0000         19.0000          4.0000         29.8466
  128         11.0003         16.0000         20.0000          4.0000         30.6241
  114         12.0013         16.0000         18.0000          1.0000         62.2502
  115         12.0013         16.0000         19.0000          1.0000         62.2375
  116         12.0013         16.0000         20.0000          1.0000         63.8558
  118         12.0013         16.0000         18.0000          2.0000         65.1695
  119         12.0013         16.0000         19.0000          2.0000         65.1572
  120         12.0013         16.0000         20.0000          2.0000         66.6850
  122         12.0013         16.0000         18.0000          3.0000         69.4227
  123         12.0013         16.0000         19.0000          3.0000         69.4013
  124         12.0013         16.0000         20.0000          3.0000         70.6222
  126         12.0013         16.0000         18.0000          4.0000         74.7022
  127         12.0013         16.0000         19.0000          4.0000         74.6713
  128         12.0013         16.0000         20.0000          4.0000         75.6506
  114         12.0013         16.0000         18.0000          1.0000         62.2303
  115         12.0013         16.0000         19.0000          1.0000         62.2171
  116         12.0013         16.0000         20.0000          1.0000         63.8376
  118         12.0013         16.0000         18.0000          2.0000         65.1530
  119         12.0013         16.0000         19.0000          2.0000         65.1405
  120         12.0013         16.0000         20.0000          2.0000         66.6699
  122         12.0013         16.0000         18.0000          3.0000         69.4095
  123         12.0013         16.0000         19.0000          3.0000         69.3881
  124         12.0013         16.0000         20.0000          3.0000         70.6100
  126         12.0013         16.0000         18.0000          4.0000         74.6925
  127         12.0013         16.0000         19.0000          4.0000         74.6617
  128         12.0013         16.0000         20.0000          4.0000         75.6416
  114         12.0013         16.0000         18.0000          1.0000         62.2103
  115         12.0013         16.0000         19.0000          1.0000         62.1966
  116         12.0013         16.0000         20.0000          1.0000         63.8194
  118         12.0013         16.0000         18.0000          2.0000         65.1366
  119         12.0013         16.0000         19.0000          2.0000         65.1239
  120         12.0013         16.0000         20.0000          2.0000         66.6547
  122         12.0013         16.0000         18.0000          3.0000         69.3964
  123         12.0013         16.0000         19.0000          3.0000         69.3749
  124         12.0013         16.0000         20.0000          3.0000         70.5977
  126         12.0013         16.0000         18.0000          4.0000         74.6828
  127         12.0013         16.0000         19.0000          4.0000         74.6520
  128         12.0013         16.0000         20.0000          4.0000         75.6326
  114         12.0013         16.0000         18.0000          1.0000         62.1904
  115         12.0013         16.0000         19.0000          1.0000         62.1762
  116         12.0013         16.0000         20.0000          1.0000         63.8012
  118         12.0013         16.0000         18.0000          2.0000         65.1201
  119         12.0013         16.0000         19.0000          2.0000         65.1072
  120         12.0013         16.0000         20.0000          2.0000         66.6396
  122         12.0013         16.0000         18.0000          3.0000         69.3832
  123         12.0013         16.0000         19.0000          3.0000         69.3616
  124         12.0013         16.0000         20.0000          3.0000         70.5855
  126         12.0013         16.0000         18.0000          4.0000         74.6732
  127         12.0013         16.0000         19.0000          4.0000         74.6423
  128         12.0013         16.0000         20.0000          4.0000         75.6236
  114         13.0030         16.0000         18.0000          1.0000         55.9431
  115         13.0030         16.0000         19.0000          1.0000         55.9136
  116         13.0030         16.0000         20.0000          1.0000         57.4837
  118         13.0030         16.0000         18.0000          2.0000         58.7976
  119         13.0030         16.0000         19.0000          2.0000         58.7622
  120         13.0030         16.0000         20.0000          2.0000         60.2324
  122         13.0030         16.0000         18.0000          3.0000         62.8572
  123         13.0030         16.0000         19.0000          3.0000         62.8185
  124         13.0030         16.0000         20.0000          3.0000         64.0076
  126         13.0030         16.0000         18.0000          4.0000         67.9341
  127         13.0030         16.0000         19.0000          4.0000         67.8914
  128         13.0030         16.0000         20.0000          4.0000         68.8503
  114         13.0030         16.0000         18.0000          1.0000         55.9212
  115         13.0030         16.0000         19.0000          1.0000         55.8912
  116         13.0030         16.0000         20.0000          1.0000         57.4638
  118         13.0030         16.0000         18.0000          2.0000         58.7797
  119         13.0030         16.0000         19.0000          2.0000         58.7440
  120         13.0030         16.0000         20.0000          2.0000         60.2160
  122         13.0030         16.0000         18.0000          3.0000         62.8429
  123         13.0030         16.0000         19.0000          3.0000         62.8041
  124         13.0030         16.0000         20.0000          3.0000         63.9944
  126         13.0030         16.0000         18.0000          4.0000         67.9237
  127         13.0030         16.0000         19.0000          4.0000         67.8809
  128         13.0030         16.0000         20.0000          4.0000         68.8405
  114         13.0030         16.0000         18.0000          1.0000         55.8993
  115         13.0030         16.0000         19.0000          1.0000         55.8688
  116         13.0030         16.0000         20.0000          1.0000         57.4439
  118         13.0030         16.0000         18.0000          2.0000         58.7617
  119         13.0030         16.0000         19.0000          2.0000         58.7258
  120         13.0030         16.0000         20.0000          2.0000         60.1995
  122         13.0030         16.0000         18.0000          3.0000         62.8286
  123         13.0030         16.0000         19.0000          3.0000         62.7897
  124         13.0030         16.0000         20.0000          3.0000         63.9811
  126         13.0030         16.0000         18.0000          4.0000         67.9132
  127         13.0030         16.0000         19.0000          4.0000         67.8704
  128         13.0030         16.0000         20.0000          4.0000         68.8308
  114         14.0008         16.0000         18.0000          1.0000         37.2274
  115         14.0008         16.0000         19.0000          1.0000         37.2129
  116         14.0008         16.0000         20.0000          1.0000         38.9430
  118         14.0008         16.0000         18.0000          2.0000         40.7101
  119         14.0008         16.0000         19.0000          2.0000         40.6927
  120         14.0008         16.0000         20.0000          2.0000         42.2852
  122         14.0008         16.0000         18.0000          3.0000         45.4047
  123         14.0008         16.0000         19.0000          3.0000         45.3861
  124         14.0008         16.0000         20.0000          3.0000         46.6562
  126         14.0008         16.0000         18.0000          4.0000         51.1273
  127         14.0008         16.0000         19.0000          4.0000         51.1061
  128         14.0008         16.0000         20.0000          4.0000         52.1306
  114         14.0008         16.0000         18.0000          1.0000         37.2090
  115         14.0008         16.0000         19.0000          1.0000         37.1940
  116         14.0008         16.0000         20.0000          1.0000         38.9262
  118         14.0008         16.0000         18.0000          2.0000         40.6950
  119         14.0008         16.0000         19.0000          2.0000         40.6774
  120         14.0008         16.0000         20.0000          2.0000         42.2713
  122         14.0008         16.0000         18.0000          3.0000         45.3926
  123         14.0008         16.0000         19.0000          3.0000         45.3740
  124         14.0008         16.0000         20.0000          3.0000         46.6450
  126         14.0008         16.0000         18.0000          4.0000         51.1184
  127         14.0008         16.0000         19.0000          4.0000         51.0972
  128         14.0008         16.0000         20.0000          4.0000         52.1223
  114         14.0008         16.0000         18.0000          1.0000         37.1905
  115         14.0008         16.0000         19.0000          1.0000         37.1752
  116         14.0008         16.0000         20.0000          1.0000         38.9095
  118         14.0008         16.0000         18.0000          2.0000         40.6798
  119         14.0008         16.0000         19.0000          2.0000         40.6620
  120         14.0008         16.0000         20.0000          2.0000         42.2574
  122         14.0008         16.0000         18.0000          3.0000         45.3805
  123         14.0008         16.0000         19.0000          3.0000         45.3618
  124         14.0008         16.0000         20.0000          3.0000         46.6338
  126         14.0008         16.0000         18.0000          4.0000         51.1096
  127         14.0008         16.0000         19.0000          4.0000         51.0883
  128         14.0008         16.0000         20.0000          4.0000         52.1141
  114         14.0008         16.0000         18.0000          1.0000         37.1721
  115         14.0008         16.0000         19.0000          1.0000         37.1563
  116         14.0008         16.0000         20.0000          1.0000         38.8927
  118         14.0008         16.0000         18.0000          2.0000         40.6647
  119         14.0008         16.0000         19.0000          2.0000         40.6467
  120         14.0008         16.0000         20.0000          2.0000         42.2435
  122         14.0008         16.0000         18.0000          3.0000         45.3685
  123         14.0008         16.0000         19.0000          3.0000         45.3496
  124         14.0008         16.0000         20.0000          3.0000         46.6226
  126         14.0008         16.0000         18.0000          4.0000         51.1007
  127         14.0008         16.0000         19.0000          4.0000         51.0794
  128         14.0008         16.0000         20.0000          4.0000         52.1058
  114         15.0009         16.0000         18.0000          1.0000         65.7960
  115         15.0009         16.0000         19.0000          1.0000         65.7727
  116         15.0009         16.0000         20.0000          1.0000         67.2526
  118         15.0009         16.0000         18.0000          2.0000         68.3968
  119         15.0009         16.0000         19.0000          2.0000         68.3699
  120         15.0009         16.0000         20.0000          2.0000         69.7695
  122         15.0009         16.0000         18.0000          3.0000         72.2175
  123         15.0009         16.0000         19.0000          3.0000         72.1836
  124         15.0009         16.0000         20.0000          3.0000         73.3114
  126         15.0009         16.0000         18.0000          4.0000         77.0074
  127         15.0009         16.0000         19.0000          4.0000         76.9667
  128         15.0009         16.0000         20.0000          4.0000         77.8735
  114         15.0009         16.0000         18.0000          1.0000         65.7751
  115         15.0009         16.0000         19.0000          1.0000         65.7514
  116         15.0009         16.0000         20.0000          1.0000         67.2336
  118         15.0009         16.0000         18.0000          2.0000         68.3796
  119         15.0009         16.0000         19.0000          2.0000         68.3525
  120         15.0009         16.0000         20.0000          2.0000         69.7537
  122         15.0009         16.0000         18.0000          3.0000         72.2038
  123         15.0009         16.0000         19.0000          3.0000         72.1698
  124         15.0009         16.0000         20.0000          3.0000         73.2986
  126         15.0009         16.0000         18.0000          4.0000         76.9974
  127         15.0009         16.0000         19.0000          4.0000         76.9567
  128         15.0009         16.0000         20.0000          4.0000         77.8641
  114         15.0009         16.0000         18.0000          1.0000         65.7543
  115         15.0009         16.0000         19.0000          1.0000         65.7301
  116         15.0009         16.0000         20.0000          1.0000         67.2147
  118         15.0009         16.0000         18.0000          2.0000         68.3625
  119         15.0009         16.0000         19.0000          2.0000         68.3351
  120         15.0009         16.0000         20.0000          2.0000         69.7379
  122         15.0009         16.0000         18.0000          3.0000         72.1901
  123         15.0009         16.0000         19.0000          3.0000         72.1560
  124         15.0009         16.0000         20.0000          3.0000         73.2859
  126         15.0009         16.0000         18.0000          4.0000         76.9873
  127         15.0009         16.0000         19.0000          4.0000         76.9466
  128         15.0009         16.0000         20.0000          4.0000         77.8548
  114         15.0022         16.0000         18.0000          1.0000         65.8150
  115         15.0022         16.0000         19.0000          1.0000         65.7918
  116         15.0022         16.0000         20.0000          1.0000         67.2714
  118         15.0022         16.0000         18.0000          2.0000         68.4155
  119         15.0022         16.0000         19.0000          2.0000         68.3885
  120         15.0022         16.0000         20.0000          2.0000         69.7878
  122         15.0022         16.0000         18.0000          3.0000         72.2355
  123         15.0022         16.0000         19.0000          3.0000         72.2016
  124         15.0022         16.0000         20.0000          3.0000         73.3292
  126         15.0022         16.0000         18.0000          4.0000         77.0246
  127         15.0022         16.0000         19.0000          4.0000         76.9839
  128         15.0022         16.0000         20.0000          4.0000         77.8905
  114         15.0022         16.0000         18.0000          1.0000         65.7942
  115         15.0022         16.0000         19.0000          1.0000         65.7704
  116         15.0022         16.0000         20.0000          1.0000         67.2524
  118         15.0022         16.0000         18.0000          2.0000         68.3983
  119         15.0022         16.0000         19.0000          2.0000         68.3711
  120         15.0022         16.0000         20.0000          2.0000         69.7721
  122         15.0022         16.0000         18.0000          3.0000         72.2218
  123         15.0022         16.0000         19.0000          3.0000         72.1878
  124         15.0022         16.0000         20.0000          3.0000         73.3164
  126         15.0022         16.0000         18.0000          4.0000         77.0146
  127         15.0022         16.0000         19.0000          4.0000         76.9739
  128         15.0022         16.0000         20.0000          4.0000         77.8812
  114         15.0022         16.0000         18.0000          1.0000         65.7733
  115         15.0022         16.0000         19.0000          1.0000         65.7491
  116         15.0022         16.0000         20.0000          1.0000         67.2334
  118         15.0022         16.0000         18.0000          2.0000         68.3811
  119         15.0022         16.0000         19.0000          2.0000         68.3537
  120         15.0022         16.0000         20.0000          2.0000         69.7563
  122         15.0022         16.0000         18.0000          3.0000         72.2081
  123         15.0022         16.0000         19.0000          3.0000         72.1740
  124         15.0022         16.0000         20.0000          3.0000         73.3037
  126         15.0022         16.0000         18.0000          4.0000         77.0045
  127         15.0022         16.0000         19.0000          4.0000         76.9638
  128         15.0022         16.0000         20.0000          4.0000         77.8718
  114         16.0012         16.0000         18.0000          1.0000         72.2399
  115         16.0012         16.0000         19.0000          1.0000         72.2580
  116         16.0012         16.0000         20.0000          1.0000         73.6362
  118         16.0012         16.0000         18.0000          2.0000         74.4264
  119         16.0012         16.0000         19.0000          2.0000         74.4456
  120         16.0012         16.0000         20.0000          2.0000         75.7618
  122         16.0012         16.0000         18.0000          3.0000         77.9295
  123         16.0012         16.0000         19.0000          3.0000         77.9193
  124         16.0012         16.0000         20.0000          3.0000         78.9368
  126         16.0012         16.0000         18.0000          4.0000         82.2031
  127         16.0012         16.0000         19.0000          4.0000         82.1743
  128         16.0012         16.0000         20.0000          4.0000         82.9721
  114         16.0012         16.0000         18.0000          1.0000         72.2227
  115         16.0012         16.0000         19.0000          1.0000         72.2404
  116         16.0012         16.0000         20.0000          1.0000         73.6204
  118         16.0012         16.0000         18.0000          2.0000         74.4120
  119         16.0012         16.0000         19.0000          2.0000         74.4310
  120         16.0012         16.0000         20.0000          2.0000         75.7485
  122         16.0012         16.0000         18.0000          3.0000         77.9179
  123         16.0012         16.0000         19.0000          3.0000         77.9076
  124         16.0012         16.0000         20.0000          3.0000         78.9260
  126         16.0012         16.0000         18.0000          4.0000         82.1946
  127         16.0012         16.0000         19.0000          4.0000         82.1658
  128         16.0012         16.0000         20.0000          4.0000         82.9642
  114         16.0012         16.0000         18.0000          1.0000         72.2055
  115         16.0012         16.0000         19.0000          1.0000         72.2228
  116         16.0012         16.0000         20.0000          1.0000         73.6046
  118         16.0012         16.0000         18.0000          2.0000         74.3975
  119         16.0012         16.0000         19.0000          2.0000         74.4164
  120         16.0012         16.0000         20.0000          2.0000         75.7352
  122         16.0012         16.0000         18.0000          3.0000         77.9063
  123         16.0012         16.0000         19.0000          3.0000         77.8959
  124         16.0012         16.0000         20.0000          3.0000         78.9153
  126         16.0012         16.0000         18.0000          4.0000         82.1861
  127         16.0012         16.0000         19.0000          4.0000         82.1572
  128         16.0012         16.0000         20.0000          4.0000         82.9562
  114         17.0023         16.0000         18.0000          1.0000         11.0198
  115         17.0023         16.0000         19.0000          1.0000         11.0501
  116         17.0023         16.0000         20.0000          1.0000         24.4069
  118         17.0023         16.0000         18.0000          2.0000         37.6816
  119         17.0023         16.0000         19.0000          2.0000         37.7019
  120         17.0023         16.0000         20.0000          2.0000         38.7421
  122         17.0023         16.0000         18.0000          3.0000         40.7535
  123         17.0023         16.0000         19.0000          3.0000         40.7570
  124         17.0023         16.0000         20.0000          3.0000         41.5549
  126         17.0023         16.0000         18.0000          4.0000         44.3926
  127         17.0023         16.0000         19.0000          4.0000         44.3866
  128         17.0023         16.0000         20.0000          4.0000         45.0190
  114         17.0023         16.0000         18.0000          1.0000         11.0104
  115         17.0023         16.0000         19.0000          1.0000         11.0405
  116         17.0023         16.0000         20.0000          1.0000         24.3982
  118         17.0023         16.0000         18.0000          2.0000         37.6736
  119         17.0023         16.0000         19.0000          2.0000         37.6937
  120         17.0023         16.0000         20.0000          2.0000         38.7347
  122         17.0023         16.0000         18.0000          3.0000         40.7470
  123         17.0023         16.0000         19.0000          3.0000         40.7505
  124         17.0023         16.0000         20.0000          3.0000         41.5489
  126         17.0023         16.0000         18.0000          4.0000         44.3878
  127         17.0023         16.0000         19.0000          4.0000         44.3818
  128         17.0023         16.0000         20.0000          4.0000         45.0145
  114         17.0023         16.0000         18.0000          1.0000         11.0010
  115         17.0023         16.0000         19.0000          1.0000         11.0308
  116         17.0023         16.0000         20.0000          1.0000         24.3895
  118         17.0023         16.0000         18.0000          2.0000         37.6656
  119         17.0023         16.0000         19.0000          2.0000         37.6856
  120         17.0023         16.0000         20.0000          2.0000         38.7273
  122         17.0023         16.0000         18.0000          3.0000         40.7406
  123         17.0023         16.0000         19.0000          3.0000         40.7440
  124         17.0023         16.0000         20.0000          3.0000         41.5429
  126         17.0023         16.0000         18.0000          4.0000         44.3831
  127         17.0023         16.0000         19.0000          4.0000         44.3770
  128         17.0023         16.0000         20.0000          4.0000         45.0101
  114         17.0023         16.0000         18.0000          1.0000         10.9915
  115         17.0023         16.0000         19.0000          1.0000         11.0211
  116         17.0023         16.0000         20.0000          1.0000         24.3808
  118         17.0023         16.0000         18.0000          2.0000         37.6575
  119         17.0023         16.0000         19.0000          2.0000         37.6775
  120         17.0023         16.0000         20.0000          2.0000         38.7199
  122         17.0023         16.0000         18.0000          3.0000         40.7341
  123         17.0023         16.0000         19.0000          3.0000         40.7375
  124         17.0023         16.0000         20.0000          3.0000         41.5369
  126         17.0023         16.0000         18.0000          4.0000         44.3783
  127         17.0023         16.0000         19.0000          4.0000         44.3723
  128         17.0023         16.0000         20.0000          4.0000         45.0057
  114         18.0008         16.0000         18.0000          1.0000          6.8678
  115         18.0008         16.0000         19.0000          1.0000          6.8826
  116         18.0008         16.0000         20.0000          1.0000         22.0959
  118         18.0008         16.0000         18.0000          2.0000          8.3706
  119         18.0008         16.0000         19.0000          2.0000          8.3763
  120         18.0008         16.0000         20.0000          2.0000         23.4615
  122         18.0008         16.0000         18.0000          3.0000         24.7182
  123         18.0008         16.0000         19.0000          3.0000         24.7126
  124         18.0008         16.0000         20.0000          3.0000         32.4254
  126         18.0008         16.0000         18.0000          4.0000         41.4160
  127         18.0008         16.0000         19.0000          4.0000         41.4045
  128         18.0008         16.0000         20.0000          4.0000         41.7941
  114         18.0008         16.0000         18.0000          1.0000          6.8617
  115         18.0008         16.0000         19.0000          1.0000          6.8763
  116         18.0008         16.0000         20.0000          1.0000         22.0903
  118         18.0008         16.0000         18.0000          2.0000          8.3654
  119         18.0008         16.0000         19.0000          2.0000          8.3710
  120         18.0008         16.0000         20.0000          2.0000         23.4567
  122         18.0008         16.0000         18.0000          3.0000         24.7140
  123         18.0008         16.0000         19.0000          3.0000         24.7084
  124         18.0008         16.0000         20.0000          3.0000         32.4215
  126         18.0008         16.0000         18.0000          4.0000         41.4129
  127         18.0008         16.0000         19.0000          4.0000         41.4015
  128         18.0008         16.0000         20.0000          4.0000         41.7912
  114         18.0008         16.0000         18.0000          1.0000          6.8556
  115         18.0008         16.0000         19.0000          1.0000          6.8701
  116         18.0008         16.0000         20.0000          1.0000         22.0846
  118         18.0008         16.0000         18.0000          2.0000          8.3602
  119         18.0008         16.0000         19.0000          2.0000          8.3658
  120         18.0008         16.0000         20.0000          2.0000         23.4520
  122         18.0008         16.0000         18.0000          3.0000         24.7098
  123         18.0008         16.0000         19.0000          3.0000         24.7042
  124         18.0008         16.0000         20.0000          3.0000         32.4177
  126         18.0008         16.0000         18.0000          4.0000         41.4098
  127         18.0008         16.0000         19.0000          4.0000         41.3984
  128         18.0008         16.0000         20.0000          4.0000         41.7884
  114         19.0009         16.0000         18.0000          1.0000          1.9246
  115         19.0009         16.0000         19.0000          1.0000          1.9247
  116         19.0009         16.0000         20.0000          1.0000          3.7835
  118         19.0009         16.0000         18.0000          2.0000          2.3408
  119         19.0009         16.0000         19.0000          2.0000          2.3407
  120         19.0009         16.0000         20.0000          2.0000          4.1798
  122         19.0009         16.0000         18.0000          3.0000          2.8799
  123         19.0009         16.0000         19.0000          3.0000          2.8795
  124         19.0009         16.0000         20.0000          3.0000          4.6812
  126         19.0009         16.0000         18.0000          4.0000          5.1895
  127         19.0009         16.0000         19.0000          4.0000          5.1887
  128         19.0009         16.0000         20.0000          4.0000          6.1304
  114         19.0009         16.0000         18.0000          1.0000          1.9231
  115         19.0009         16.0000         19.0000          1.0000          1.9233
  116         19.0009         16.0000         20.0000          1.0000          3.7823
  118         19.0009         16.0000         18.0000          2.0000          2.3396
  119         19.0009         16.0000         19.0000          2.0000          2.3395
  120         19.0009         16.0000         20.0000          2.0000          4.1787
  122         19.0009         16.0000         18.0000          3.0000          2.8789
  123         19.0009         16.0000         19.0000          3.0000          2.8785
  124         19.0009         16.0000         20.0000          3.0000          4.6804
  126         19.0009         16.0000         18.0000          4.0000          5.1888
  127         19.0009         16.0000         19.0000          4.0000          5.1880
  128         19.0009         16.0000         20.0000          4.0000          6.1297
  114         19.0009         16.0000         18.0000          1.0000          1.9217
  115         19.0009         16.0000         19.0000          1.0000          1.9218
  116         19.0009         16.0000         20.0000          1.0000          3.7810
  118         19.0009         16.0000         18.0000          2.0000          2.3384
  119         19.0009         16.0000         19.0000          2.0000          2.3383
  120         19.0009         16.0000         20.0000          2.0000          4.1777
  122         19.0009         16.0000         18.0000          3.0000          2.8780
  123         19.0009         16.0000         19.0000          3.0000          2.8776
  124         19.0009         16.0000         20.0000          3.0000          4.6795
  126         19.0009         16.0000         18.0000          4.0000          5.1881
  127         19.0009         16.0000         19.0000          4.0000          5.1873
  128         19.0009         16.0000         20.0000          4.0000          6.1291
  114         20.0012         16.0000         18.0000          1.0000          0.0000
  115         20.0012         16.0000         19.0000          1.0000          0.0000
  116         20.0012         16.0000         20.0000          1.0000          0.0000
  118         20.0012         16.0000         18.0000          2.0000          0.0000
  119         20.0012         16.0000         19.0000          2.0000          0.0000
  120         20.0012         16.0000         20.0000          2.0000          0.0000
  122         20.0012         16.0000         18.0000          3.0000          0.0000
  123         20.0012         16.0000         19.0000          3.0000          0.0000
  124         20.0012         16.0000         20.0000          3.0000          0.0000
  126         20.0012         16.0000         18.0000          4.0000          0.0000
  127         20.0012         16.0000         19.0000          4.0000          0.0000
  128         20.0012         16.0000         20.0000          4.0000          0.0000
  114         20.0012         16.0000         18.0000          1.0000          0.0000
  115         20.0012         16.0000         19.0000          1.0000          0.0000
  116         20.0012         16.0000         20.0000          1.0000          0.0000
  118         20.0012         16.0000         18.0000          2.0000          0.0000
  119         20.0012         16.0000         19.0000          2.0000          0.0000
  120         20.0012         16.0000         20.0000          2.0000          0.0000
  122         20.0012         16.0000         18.0000          3.0000          0.0000
  123         20.0012         16.0000         19.0000          3.0000          0.0000
  124         20.0012         16.0000         20.0000          3.0000          0.0000
  126         20.0012         16.0000         18.0000          4.0000          0.0000
  127         20.0012         16.0000         19.0000          4.0000          0.0000
  128         20.0012         16.0000         20.0000          4.0000          0.0000
  114         20.0012         16.0000         18.0000          1.0000          0.0000
  115         20.0012         16.0000         19.0000          1.0000          0.0000
  116         20.0012         16.0000         20.0000          1.0000          0.0000
  118         20.0012         16.0000         18.0000          2.0000          0.0000
  119         20.0012         16.0000         19.0000          2.0000          0.0000
  120         20.0012         16.0000         20.0000          2.0000          0.0000
  122         20.0012         16.0000         18.0000          3.0000          0.0000
  123         20.0012         16.0000         19.0000          3.0000          0.0000
  124         20.0012         16.0000         20.0000          3.0000          0.0000
  126         20.0012         16.0000         18.0000          4.0000          0.0000
  127         20.0012         16.0000         19.0000          4.0000          0.0000
  128         20.0012         16.0000         20.0000          4.0000          0.0000
  114         21.0061         16.0000         18.0000          1.0000          0.0000
  115         21.0061         16.0000         19.0000          1.0000          0.0000
  116         21.0061         16.0000         20.0000          1.0000          0.0000
  118         21.0061         16.0000         18.0000          2.0000          0.0000
  119         21.0061         16.0000         19.0000          2.0000          0.0000
  120         21.0061         16.0000         20.0000          2.0000          0.0000
  122         21.0061         16.0000         18.0000          3.0000          0.0000
  123         21.0061         16.0000         19.0000          3.0000          0.0000
  124         21.0061         16.0000         20.0000          3.0000          0.0000
  126         21.0061         16.0000         18.0000          4.0000          0.0000
  127         21.0061         16.0000         19.0000          4.0000          0.0000
  128         21.0061         16.0000         20.0000          4.0000          0.0000
  114         21.0061         16.0000         18.0000          1.0000          0.0000
  115         21.0061         16.0000         19.0000          1.0000          0.0000
  116         21.0061         16.0000         20.0000          1.0000          0.0000
  118         21.0061         16.0000         18.0000          2.0000          0.0000
  119         21.0061         16.0000         19.0000          2.0000          0.0000
  120         21.0061         16.0000         20.0000          2.0000          0.0000
  122         21.0061         16.0000         18.0000          3.0000          0.0000
  123         21.0061         16.0000         19.0000          3.0000          0.0000
  124         21.0061         16.0000         20.0000          3.0000          0.0000
  126         21.0061         16.0000         18.0000          4.0000          0.0000
  127         21.0061         16.0000         19.0000          4.0000          0.0000
  128         21.0061         16.0000         20.0000          4.0000          0.0000
  114         21.0061         16.0000         18.0000          1.0000          0.0000
  115         21.0061         16.0000         19.0000          1.0000          0.0000
  116         21.0061         16.0000         20.0000          1.0000          0.0000
  118         21.0061         16.0000         18.0000          2.0000          0.0000
  119         21.0061         16.0000         19.0000          2.0000          0.0000
  120         21.0061         16.0000         20.0000          2.0000          0.0000
  122         21.0061         16.0000         18.0000          3.0000          0.0000
  123         21.0061         16.0000         19.0000          3.0000          0.0000
  124         21.0061         16.0000         20.0000          3.0000          0.0000
  126         21.0061         16.0000         18.0000          4.0000          0.0000
  127         21.0061         16.0000         19.0000          4.0000          0.0000
  128         21.0061         16.0000         20.0000          4.0000          0.0000
  114         22.0079         16.0000         18.0000          1.0000          0.0000
  115         22.0079         16.0000         19.0000          1.0000          0.0000
  116         22.0079         16.0000         20.0000          1.0000          0.0000
  118         22.0079         16.0000         18.0000          2.0000          0.0000
  119         22.0079         16.0000         19.0000          2.0000          0.0000
  120         22.0079         16.0000         20.0000          2.0000          0.0000
  122         22.0079         16.0000         18.0000          3.0000          0.0000
  123         22.0079         16.0000         19.0000          3.0000          0.0000
  124         22.0079         16.0000         20.0000          3.0000          0.0000
  126         22.0079         16.0000         18.0000          4.0000          0.0000
  127         22.0079         16.0000         19.0000          4.0000          0.0000
  128         22.0079         16.0000         20.0000          4.0000          0.0000
  114         22.0079         16.0000         18.0000          1.0000          0.0000
  115         22.0079         16.0000         19.0000          1.0000          0.0000
  116         22.0079         16.0000         20.0000          1.0000          0.0000
  118         22.0079         16.0000         18.0000          2.0000          0.0000
  119         22.0079         16.0000         19.0000          2.0000          0.0000
  120         22.0079         16.0000         20.0000          2.0000          0.0000
  122         22.0079         16.0000         18.0000          3.0000          0.0000
  123         22.0079         16.0000         19.0000          3.0000          0.0000
  124         22.0079         16.0000         20.0000          3.0000          0.0000
  126         22.0079         16.0000         18.0000          4.0000          0.0000
  127         22.0079         16.0000         19.0000          4.0000          0.0000
  128         22.0079         16.0000         20.0000          4.0000          0.0000
  114         22.0079         16.0000         18.0000          1.0000          0.0000
  115         22.0079         16.0000         19.0000          1.0000          0.0000
  116         22.0079         16.0000         20.0000          1.0000          0.0000
  118         22.0079         16.0000         18.0000          2.0000          0.0000
  119         22.0079         16.0000         19.0000          2.0000          0.0000
  120         22.0079         16.0000         20.0000          2.0000          0.0000
  122         22.0079         16.0000         18.0000          3.0000          0.0000
  123         22.0079         16.0000         19.0000          3.0000          0.0000
  124         22.0079         16.0000         20.0000          3.0000          0.0000
  126         22.0079         16.0000         18.0000          4.0000          0.0000
  127         22.0079         16.0000         19.0000          4.0000          0.0000
  128         22.0079         16.0000         20.0000          4.0000          0.0000
  114         23.0110         16.0000         18.0000          1.0000          0.0000
  115         23.0110         16.0000         19.0000          1.0000          0.0000
  116         23.0110         16.0000         20.0000          1.0000          0.0000
  118         23.0110         16.0000         18.0000          2.0000          0.0000
  119         23.0110         16.0000         19.0000          2.0000          0.0000
  120         23.0110         16.0000         20.0000          2.0000          0.0000
  122         23.0110         16.0000         18.0000          3.0000          0.0000
  123         23.0110         16.0000         19.0000          3.0000          0.0000
  124         23.0110         16.0000         20.0000          3.0000          0.0000
  126         23.0110         16.0000         18.0000          4.0000          0.0000
  127         23.0110         16.0000         19.0000          4.0000          0.0000
  128         23.0110         16.0000         20.0000          4.0000          0.0000
  114         23.0110         16.0000         18.0000          1.0000          0.0000
  115         23.0110         16.0000         19.0000          1.0000          0.0000
  116         23.0110         16.0000         20.0000          1.0000          0.0000
  118         23.0110         16.0000         18.0000          2.0000          0.0000
  119         23.0110         16.0000         19.0000          2.0000          0.0000
  120         23.0110         16.0000         20.0000          2.0000          0.0000
  122         23.0110         16.0000         18.0000          3.0000          0.0000
  123         23.0110         16.0000         19.0000          3.0000          0.0000
  124         23.0110         16.0000         20.0000          3.0000          0.0000
  126         23.0110         16.0000         18.0000          4.0000          0.0000
  127         23.0110         16.0000         19.0000          4.0000          0.0000
  128         23.0110         16.0000         20.0000          4.0000          0.0000
  114         23.0110         16.0000         18.0000          1.0000          0.0000
  115         23.0110         16.0000         19.0000          1.0000          0.0000
  116         23.0110         16.0000         20.0000          1.0000          0.0000
  118         23.0110         16.0000         18.0000          2.0000          0.0000
  119         23.0110         16.0000         19.0000          2.0000          0.0000
  120         23.0110         16.0000         20.0000          2.0000          0.0000
  122         23.0110         16.0000         18.0000          3.0000          0.0000
  123         23.0110         16.0000         19.0000          3.0000          0.0000
  124         23.0110         16.0000         20.0000          3.0000          0.0000
  126         23.0110         16.0000         18.0000          4.0000          0.0000
  127         23.0110         16.0000         19.0000          4.0000          0.0000
  128         23.0110         16.0000         20.0000          4.0000          0.0000
