   98          1.0142         18.0000         16.0000          1.0000         -2.5909
   99          1.0142         19.0000         16.0000          1.0000         -2.6775
  100          1.0142         20.0000         16.0000          1.0000         -2.9335
  102          1.0142         18.0000         16.0000          2.0000         -3.1743
  103          1.0142         19.0000         16.0000          2.0000         -3.2355
  104          1.0142         20.0000         16.0000          2.0000         -3.4648
  106          1.0142         18.0000         16.0000          3.0000         -3.9640
  107          1.0142         19.0000         16.0000          3.0000         -4.0157
  108          1.0142         20.0000         16.0000          3.0000         -4.1881
  110          1.0142         18.0000         16.0000          4.0000         -4.9387
  111          1.0142         19.0000         16.0000          4.0000         -4.9753
  112          1.0142         20.0000         16.0000          4.0000         -5.1048
   98          1.0142         18.0000         16.0000          1.0000         -2.5663
   99          1.0142         19.0000         16.0000          1.0000         -2.6523
  100          1.0142         20.0000         16.0000          1.0000         -2.9116
  102          1.0142         18.0000         16.0000          2.0000         -3.1527
  103          1.0142         19.0000         16.0000          2.0000         -3.2136
  104          1.0142         20.0000         16.0000          2.0000         -3.4456
  106          1.0142         18.0000         16.0000          3.0000         -3.9465
  107          1.0142         19.0000         16.0000          3.0000         -3.9980
  108          1.0142         20.0000         16.0000          3.0000         -4.1725
  110          1.0142         18.0000         16.0000          4.0000         -4.9263
  111          1.0142         19.0000         16.0000          4.0000         -4.9628
  112          1.0142         20.0000         16.0000          4.0000         -5.0938
   98          1.0142         18.0000         16.0000          1.0000         -2.5567
   99          1.0142         19.0000         16.0000          1.0000         -2.6423
  100          1.0142         20.0000         16.0000          1.0000         -2.9026
  102          1.0142         18.0000         16.0000          2.0000         -3.1432
  103          1.0142         19.0000         16.0000          2.0000         -3.2039
  104          1.0142         20.0000         16.0000          2.0000         -3.4367
  106          1.0142         18.0000         16.0000          3.0000         -3.9377
  107          1.0142         19.0000         16.0000          3.0000         -3.9891
  108          1.0142         20.0000         16.0000          3.0000         -4.1644
  110          1.0142         18.0000         16.0000          4.0000         -4.9192
  111          1.0142         19.0000         16.0000          4.0000         -4.9555
  112          1.0142         20.0000         16.0000          4.0000         -5.0872
   98          2.0138         18.0000         16.0000          1.0000         -2.9473
   99          2.0138         19.0000         16.0000          1.0000         -3.0379
  100          2.0138         20.0000         16.0000          1.0000         -3.3176
  102          2.0138         18.0000         16.0000          2.0000         -3.5681
  103          2.0138         19.0000         16.0000          2.0000         -3.6330
  104          2.0138         20.0000         16.0000          2.0000         -3.8796
  106          2.0138         18.0000         16.0000          3.0000         -4.3921
  107          2.0138         19.0000         16.0000          3.0000         -4.4464
  108          2.0138         20.0000         16.0000          3.0000         -4.6310
  110          2.0138         18.0000         16.0000          4.0000         -5.4309
  111          2.0138         19.0000         16.0000          4.0000         -5.4692
  112          2.0138         20.0000         16.0000          4.0000         -5.6077
   98          2.0138         18.0000         16.0000          1.0000         -2.9130
   99          2.0138         19.0000         16.0000          1.0000         -3.0028
  100          2.0138         20.0000         16.0000          1.0000         -3.2868
  102          2.0138         18.0000         16.0000          2.0000         -3.5378
  103          2.0138         19.0000         16.0000          2.0000         -3.6023
  104          2.0138         20.0000         16.0000          2.0000         -3.8524
  106          2.0138         18.0000         16.0000          3.0000         -4.3673
  107          2.0138         19.0000         16.0000          3.0000         -4.4214
  108          2.0138         20.0000         16.0000          3.0000         -4.6086
  110          2.0138         18.0000         16.0000          4.0000         -5.4128
  111          2.0138         19.0000         16.0000          4.0000         -5.4510
  112          2.0138         20.0000         16.0000          4.0000         -5.5915
   98          2.0138         18.0000         16.0000          1.0000         -2.9042
   99          2.0138         19.0000         16.0000          1.0000         -2.9938
  100          2.0138         20.0000         16.0000          1.0000         -3.2786
  102          2.0138         18.0000         16.0000          2.0000         -3.5290
  103          2.0138         19.0000         16.0000          2.0000         -3.5932
  104          2.0138         20.0000         16.0000          2.0000         -3.8441
  106          2.0138         18.0000         16.0000          3.0000         -4.3590
  107          2.0138         19.0000         16.0000          3.0000         -4.4130
  108          2.0138         20.0000         16.0000          3.0000         -4.6009
  110          2.0138         18.0000         16.0000          4.0000         -5.4059
  111          2.0138         19.0000         16.0000          4.0000         -5.4441
  112          2.0138         20.0000         16.0000          4.0000         -5.5851
   98          3.0126         18.0000         16.0000          1.0000         -2.9407
   99          3.0126         19.0000         16.0000          1.0000         -3.0200
  100          3.0126         20.0000         16.0000          1.0000         -3.2669
  102          3.0126         18.0000         16.0000          2.0000         -3.4659
  103          3.0126         19.0000         16.0000          2.0000         -3.5226
  104          3.0126         20.0000         16.0000          2.0000         -3.7396
  106          3.0126         18.0000         16.0000          3.0000         -4.1551
  107          3.0126         19.0000         16.0000          3.0000         -4.2023
  108          3.0126         20.0000         16.0000          3.0000         -4.3658
  110          3.0126         18.0000         16.0000          4.0000         -4.9780
  111          3.0126         19.0000         16.0000          4.0000         -5.0110
  112          3.0126         20.0000         16.0000          4.0000         -5.1331
   98          3.0126         18.0000         16.0000          1.0000         -2.9177
   99          3.0126         19.0000         16.0000          1.0000         -2.9964
  100          3.0126         20.0000         16.0000          1.0000         -3.2461
  102          3.0126         18.0000         16.0000          2.0000         -3.4453
  103          3.0126         19.0000         16.0000          2.0000         -3.5017
  104          3.0126         20.0000         16.0000          2.0000         -3.7210
  106          3.0126         18.0000         16.0000          3.0000         -4.1379
  107          3.0126         19.0000         16.0000          3.0000         -4.1850
  108          3.0126         20.0000         16.0000          3.0000         -4.3502
  110          3.0126         18.0000         16.0000          4.0000         -4.9655
  111          3.0126         19.0000         16.0000          4.0000         -4.9983
  112          3.0126         20.0000         16.0000          4.0000         -5.1218
   98          3.0126         18.0000         16.0000          1.0000         -2.9061
   99          3.0126         19.0000         16.0000          1.0000         -2.9845
  100          3.0126         20.0000         16.0000          1.0000         -3.2354
  102          3.0126         18.0000         16.0000          2.0000         -3.4342
  103          3.0126         19.0000         16.0000          2.0000         -3.4903
  104          3.0126         20.0000         16.0000          2.0000         -3.7107
  106          3.0126         18.0000         16.0000          3.0000         -4.1279
  107          3.0126         19.0000         16.0000          3.0000         -4.1748
  108          3.0126         20.0000         16.0000          3.0000         -4.3410
  110          3.0126         18.0000         16.0000          4.0000         -4.9574
  111          3.0126         19.0000         16.0000          4.0000         -4.9902
  112          3.0126         20.0000         16.0000          4.0000         -5.1144
   98          4.0028         18.0000         16.0000          1.0000         -3.0138
   99          4.0028         19.0000         16.0000          1.0000         -3.0920
  100          4.0028         20.0000         16.0000          1.0000         -3.3403
  102          4.0028         18.0000         16.0000          2.0000         -3.5258
  103          4.0028         19.0000         16.0000          2.0000         -3.5815
  104          4.0028         20.0000         16.0000          2.0000         -3.7980
  106          4.0028         18.0000         16.0000          3.0000         -4.1918
  107          4.0028         19.0000         16.0000          3.0000         -4.2378
  108          4.0028         20.0000         16.0000          3.0000         -4.4010
  110          4.0028         18.0000         16.0000          4.0000         -4.9933
  111          4.0028         19.0000         16.0000          4.0000         -5.0251
  112          4.0028         20.0000         16.0000          4.0000         -5.1473
   98          4.0028         18.0000         16.0000          1.0000         -2.9919
   99          4.0028         19.0000         16.0000          1.0000         -3.0696
  100          4.0028         20.0000         16.0000          1.0000         -3.3206
  102          4.0028         18.0000         16.0000          2.0000         -3.5064
  103          4.0028         19.0000         16.0000          2.0000         -3.5618
  104          4.0028         20.0000         16.0000          2.0000         -3.7806
  106          4.0028         18.0000         16.0000          3.0000         -4.1760
  107          4.0028         19.0000         16.0000          3.0000         -4.2218
  108          4.0028         20.0000         16.0000          3.0000         -4.3868
  110          4.0028         18.0000         16.0000          4.0000         -4.9821
  111          4.0028         19.0000         16.0000          4.0000         -5.0139
  112          4.0028         20.0000         16.0000          4.0000         -5.1374
   98          4.0028         18.0000         16.0000          1.0000         -2.9805
   99          4.0028         19.0000         16.0000          1.0000         -3.0578
  100          4.0028         20.0000         16.0000          1.0000         -3.3101
  102          4.0028         18.0000         16.0000          2.0000         -3.4954
  103          4.0028         19.0000         16.0000          2.0000         -3.5505
  104          4.0028         20.0000         16.0000          2.0000         -3.7705
  106          4.0028         18.0000         16.0000          3.0000         -4.1661
  107          4.0028         19.0000         16.0000          3.0000         -4.2117
  108          4.0028         20.0000         16.0000          3.0000         -4.3777
  110          4.0028         18.0000         16.0000          4.0000         -4.9742
  111          4.0028         19.0000         16.0000          4.0000         -5.0059
  112          4.0028         20.0000         16.0000          4.0000         -5.1301
   98          5.0004         18.0000         16.0000          1.0000         -2.9229
   99          5.0004         19.0000         16.0000          1.0000         -2.9989
  100          5.0004         20.0000         16.0000          1.0000         -3.2476
  102          5.0004         18.0000         16.0000          2.0000         -3.4267
  103          5.0004         19.0000         16.0000          2.0000         -3.4808
  104          5.0004         20.0000         16.0000          2.0000         -3.6966
  106          5.0004         18.0000         16.0000          3.0000         -4.0764
  107          5.0004         19.0000         16.0000          3.0000         -4.1210
  108          5.0004         20.0000         16.0000          3.0000         -4.2839
  110          5.0004         18.0000         16.0000          4.0000         -4.8615
  111          5.0004         19.0000         16.0000          4.0000         -4.8923
  112          5.0004         20.0000         16.0000          4.0000         -5.0145
   98          5.0004         18.0000         16.0000          1.0000         -2.9027
   99          5.0004         19.0000         16.0000          1.0000         -2.9781
  100          5.0004         20.0000         16.0000          1.0000         -3.2296
  102          5.0004         18.0000         16.0000          2.0000         -3.4090
  103          5.0004         19.0000         16.0000          2.0000         -3.4628
  104          5.0004         20.0000         16.0000          2.0000         -3.6809
  106          5.0004         18.0000         16.0000          3.0000         -4.0623
  107          5.0004         19.0000         16.0000          3.0000         -4.1066
  108          5.0004         20.0000         16.0000          3.0000         -4.2713
  110          5.0004         18.0000         16.0000          4.0000         -4.8520
  111          5.0004         19.0000         16.0000          4.0000         -4.8827
  112          5.0004         20.0000         16.0000          4.0000         -5.0062
   98          5.0004         18.0000         16.0000          1.0000         -2.8917
   99          5.0004         19.0000         16.0000          1.0000         -2.9668
  100          5.0004         20.0000         16.0000          1.0000         -3.2195
  102          5.0004         18.0000         16.0000          2.0000         -3.3984
  103          5.0004         19.0000         16.0000          2.0000         -3.4520
  104          5.0004         20.0000         16.0000          2.0000         -3.6712
  106          5.0004         18.0000         16.0000          3.0000         -4.0528
  107          5.0004         19.0000         16.0000          3.0000         -4.0970
  108          5.0004         20.0000         16.0000          3.0000         -4.2626
  110          5.0004         18.0000         16.0000          4.0000         -4.8444
  111          5.0004         19.0000         16.0000          4.0000         -4.8750
  112          5.0004         20.0000         16.0000          4.0000         -4.9992
   98          6.0017         18.0000         16.0000          1.0000         -3.6965
   99          6.0017         19.0000         16.0000          1.0000         -3.7722
  100          6.0017         20.0000         16.0000          1.0000         -4.0225
  102          6.0017         18.0000         16.0000          2.0000         -4.1858
  103          6.0017         19.0000         16.0000          2.0000         -4.2392
  104          6.0017         20.0000         16.0000          2.0000         -4.4542
  106          6.0017         18.0000         16.0000          3.0000         -4.8107
  107          6.0017         19.0000         16.0000          3.0000         -4.8541
  108          6.0017         20.0000         16.0000          3.0000         -5.0159
  110          6.0017         18.0000         16.0000          4.0000         -5.5665
  111          6.0017         19.0000         16.0000          4.0000         -5.5962
  112          6.0017         20.0000         16.0000          4.0000         -5.7171
   98          6.0017         18.0000         16.0000          1.0000         -3.6709
   99          6.0017         19.0000         16.0000          1.0000         -3.7460
  100          6.0017         20.0000         16.0000          1.0000         -3.9992
  102          6.0017         18.0000         16.0000          2.0000         -4.1626
  103          6.0017         19.0000         16.0000          2.0000         -4.2157
  104          6.0017         20.0000         16.0000          2.0000         -4.4331
  106          6.0017         18.0000         16.0000          3.0000         -4.7911
  107          6.0017         19.0000         16.0000          3.0000         -4.8343
  108          6.0017         20.0000         16.0000          3.0000         -4.9980
  110          6.0017         18.0000         16.0000          4.0000         -5.5516
  111          6.0017         19.0000         16.0000          4.0000         -5.5812
  112          6.0017         20.0000         16.0000          4.0000         -5.7034
   98          6.0017         18.0000         16.0000          1.0000         -3.6584
   99          6.0017         19.0000         16.0000          1.0000         -3.7332
  100          6.0017         20.0000         16.0000          1.0000         -3.9877
  102          6.0017         18.0000         16.0000          2.0000         -4.1507
  103          6.0017         19.0000         16.0000          2.0000         -4.2036
  104          6.0017         20.0000         16.0000          2.0000         -4.4221
  106          6.0017         18.0000         16.0000          3.0000         -4.7806
  107          6.0017         19.0000         16.0000          3.0000         -4.8236
  108          6.0017         20.0000         16.0000          3.0000         -4.9882
  110          6.0017         18.0000         16.0000          4.0000         -5.5432
  111          6.0017         19.0000         16.0000          4.0000         -5.5727
  112          6.0017         20.0000         16.0000          4.0000         -5.6957
   98          7.0101         18.0000         16.0000          1.0000         -3.5664
   99          7.0101         19.0000         16.0000          1.0000         -3.6380
  100          7.0101         20.0000         16.0000          1.0000         -3.8823
  102          7.0101         18.0000         16.0000          2.0000         -4.0339
  103          7.0101         19.0000         16.0000          2.0000         -4.0844
  104          7.0101         20.0000         16.0000          2.0000         -4.2936
  106          7.0101         18.0000         16.0000          3.0000         -4.6283
  107          7.0101         19.0000         16.0000          3.0000         -4.6691
  108          7.0101         20.0000         16.0000          3.0000         -4.8269
  110          7.0101         18.0000         16.0000          4.0000         -5.3501
  111          7.0101         19.0000         16.0000          4.0000         -5.3780
  112          7.0101         20.0000         16.0000          4.0000         -5.4961
   98          7.0101         18.0000         16.0000          1.0000         -3.5351
   99          7.0101         19.0000         16.0000          1.0000         -3.6060
  100          7.0101         20.0000         16.0000          1.0000         -3.8528
  102          7.0101         18.0000         16.0000          2.0000         -4.0040
  103          7.0101         19.0000         16.0000          2.0000         -4.0540
  104          7.0101         20.0000         16.0000          2.0000         -4.2653
  106          7.0101         18.0000         16.0000          3.0000         -4.6008
  107          7.0101         19.0000         16.0000          3.0000         -4.6414
  108          7.0101         20.0000         16.0000          3.0000         -4.8008
  110          7.0101         18.0000         16.0000          4.0000         -5.3261
  111          7.0101         19.0000         16.0000          4.0000         -5.3538
  112          7.0101         20.0000         16.0000          4.0000         -5.4732
   98          7.0101         18.0000         16.0000          1.0000         -3.5217
   99          7.0101         19.0000         16.0000          1.0000         -3.5922
  100          7.0101         20.0000         16.0000          1.0000         -3.8403
  102          7.0101         18.0000         16.0000          2.0000         -3.9911
  103          7.0101         19.0000         16.0000          2.0000         -4.0410
  104          7.0101         20.0000         16.0000          2.0000         -4.2534
  106          7.0101         18.0000         16.0000          3.0000         -4.5894
  107          7.0101         19.0000         16.0000          3.0000         -4.6298
  108          7.0101         20.0000         16.0000          3.0000         -4.7902
  110          7.0101         18.0000         16.0000          4.0000         -5.3169
  111          7.0101         19.0000         16.0000          4.0000         -5.3446
  112          7.0101         20.0000         16.0000          4.0000         -5.4648
   98          8.0019         18.0000         16.0000          1.0000         -1.0141
   99          8.0019         19.0000         16.0000          1.0000         -1.0601
  100          8.0019         20.0000         16.0000          1.0000         -1.1094
  102          8.0019         18.0000         16.0000          2.0000         -1.0182
  103          8.0019         19.0000         16.0000          2.0000         -1.0474
  104          8.0019         20.0000         16.0000          2.0000         -1.0860
  106          8.0019         18.0000         16.0000          3.0000         -1.0356
  107          8.0019         19.0000         16.0000          3.0000         -1.0573
  108          8.0019         20.0000         16.0000          3.0000         -1.0858
  110          8.0019         18.0000         16.0000          4.0000         -1.0723
  111          8.0019         19.0000         16.0000          4.0000         -1.0863
  112          8.0019         20.0000         16.0000          4.0000         -1.1038
   98          8.0019         18.0000         16.0000          1.0000         -0.9660
   99          8.0019         19.0000         16.0000          1.0000         -1.0112
  100          8.0019         20.0000         16.0000          1.0000         -1.0624
  102          8.0019         18.0000         16.0000          2.0000         -0.9696
  103          8.0019         19.0000         16.0000          2.0000         -0.9982
  104          8.0019         20.0000         16.0000          2.0000         -1.0386
  106          8.0019         18.0000         16.0000          3.0000         -0.9880
  107          8.0019         19.0000         16.0000          3.0000         -1.0093
  108          8.0019         20.0000         16.0000          3.0000         -1.0394
  110          8.0019         18.0000         16.0000          4.0000         -1.0270
  111          8.0019         19.0000         16.0000          4.0000         -1.0408
  112          8.0019         20.0000         16.0000          4.0000         -1.0596
   98          8.0019         18.0000         16.0000          1.0000         -0.9513
   99          8.0019         19.0000         16.0000          1.0000         -0.9961
  100          8.0019         20.0000         16.0000          1.0000         -1.0486
  102          8.0019         18.0000         16.0000          2.0000         -0.9556
  103          8.0019         19.0000         16.0000          2.0000         -0.9840
  104          8.0019         20.0000         16.0000          2.0000         -1.0255
  106          8.0019         18.0000         16.0000          3.0000         -0.9755
  107          8.0019         19.0000         16.0000          3.0000         -0.9967
  108          8.0019         20.0000         16.0000          3.0000         -1.0277
  110          8.0019         18.0000         16.0000          4.0000         -1.0168
  111          8.0019         19.0000         16.0000          4.0000         -1.0305
  112          8.0019         20.0000         16.0000          4.0000         -1.0502
   98          9.0076         18.0000         16.0000          1.0000         12.3479
   99          9.0076         19.0000         16.0000          1.0000         12.3086
  100          9.0076         20.0000         16.0000          1.0000         13.0911
  102          9.0076         18.0000         16.0000          2.0000         15.1559
  103          9.0076         19.0000         16.0000          2.0000         15.1376
  104          9.0076         20.0000         16.0000          2.0000         15.8016
  106          9.0076         18.0000         16.0000          3.0000         18.1105
  107          9.0076         19.0000         16.0000          3.0000         18.0759
  108          9.0076         20.0000         16.0000          3.0000         18.5269
  110          9.0076         18.0000         16.0000          4.0000         21.4229
  111          9.0076         19.0000         16.0000          4.0000         21.3707
  112          9.0076         20.0000         16.0000          4.0000         21.7032
   98          9.0076         18.0000         16.0000          1.0000         12.4561
   99          9.0076         19.0000         16.0000          1.0000         12.4179
  100          9.0076         20.0000         16.0000          1.0000         13.1977
  102          9.0076         18.0000         16.0000          2.0000         15.2712
  103          9.0076         19.0000         16.0000          2.0000         15.2536
  104          9.0076         20.0000         16.0000          2.0000         15.9148
  106          9.0076         18.0000         16.0000          3.0000         18.2258
  107          9.0076         19.0000         16.0000          3.0000         18.1915
  108          9.0076         20.0000         16.0000          3.0000         18.6397
  110          9.0076         18.0000         16.0000          4.0000         21.5345
  111          9.0076         19.0000         16.0000          4.0000         21.4822
  112          9.0076         20.0000         16.0000          4.0000         21.8123
   98          9.0076         18.0000         16.0000          1.0000         12.4849
   99          9.0076         19.0000         16.0000          1.0000         12.4474
  100          9.0076         20.0000         16.0000          1.0000         13.2248
  102          9.0076         18.0000         16.0000          2.0000         15.2997
  103          9.0076         19.0000         16.0000          2.0000         15.2825
  104          9.0076         20.0000         16.0000          2.0000         15.9415
  106          9.0076         18.0000         16.0000          3.0000         18.2516
  107          9.0076         19.0000         16.0000          3.0000         18.2175
  108          9.0076         20.0000         16.0000          3.0000         18.6637
  110          9.0076         18.0000         16.0000          4.0000         21.5554
  111          9.0076         19.0000         16.0000          4.0000         21.5033
  112          9.0076         20.0000         16.0000          4.0000         21.8317
   98         10.0019         18.0000         16.0000          1.0000         35.7955
   99         10.0019         19.0000         16.0000          1.0000         35.4448
  100         10.0019         20.0000         16.0000          1.0000         36.3306
  102         10.0019         18.0000         16.0000          2.0000         42.1503
  103         10.0019         19.0000         16.0000          2.0000         41.9231
  104         10.0019         20.0000         16.0000          2.0000         43.2803
  106         10.0019         18.0000         16.0000          3.0000         48.8089
  107         10.0019         19.0000         16.0000          3.0000         48.6204
  108         10.0019         20.0000         16.0000          3.0000         49.5894
  110         10.0019         18.0000         16.0000          4.0000         56.7856
  111         10.0019         19.0000         16.0000          4.0000         56.5785
  112         10.0019         20.0000         16.0000          4.0000         57.2871
   98         10.0019         18.0000         16.0000          1.0000         36.0396
   99         10.0019         19.0000         16.0000          1.0000         35.6886
  100         10.0019         20.0000         16.0000          1.0000         36.5683
  102         10.0019         18.0000         16.0000          2.0000         42.4131
  103         10.0019         19.0000         16.0000          2.0000         42.1857
  104         10.0019         20.0000         16.0000          2.0000         43.5412
  106         10.0019         18.0000         16.0000          3.0000         49.0846
  107         10.0019         19.0000         16.0000          3.0000         48.8959
  108         10.0019         20.0000         16.0000          3.0000         49.8631
  110         10.0019         18.0000         16.0000          4.0000         57.0638
  111         10.0019         19.0000         16.0000          4.0000         56.8562
  112         10.0019         20.0000         16.0000          4.0000         57.5631
   98         10.0019         18.0000         16.0000          1.0000         36.0757
   99         10.0019         19.0000         16.0000          1.0000         35.7261
  100         10.0019         20.0000         16.0000          1.0000         36.6006
  102         10.0019         18.0000         16.0000          2.0000         42.4444
  103         10.0019         19.0000         16.0000          2.0000         42.2177
  104         10.0019         20.0000         16.0000          2.0000         43.5692
  106         10.0019         18.0000         16.0000          3.0000         49.1101
  107         10.0019         19.0000         16.0000          3.0000         48.9219
  108         10.0019         20.0000         16.0000          3.0000         49.8858
  110         10.0019         18.0000         16.0000          4.0000         57.0821
  111         10.0019         19.0000         16.0000          4.0000         56.8749
  112         10.0019         20.0000         16.0000          4.0000         57.5790
   98         11.0003         18.0000         16.0000          1.0000         61.4472
   99         11.0003         19.0000         16.0000          1.0000         62.0058
  100         11.0003         20.0000         16.0000          1.0000         65.7482
  102         11.0003         18.0000         16.0000          2.0000         71.8496
  103         11.0003         19.0000         16.0000          2.0000         71.8629
  104         11.0003         20.0000         16.0000          2.0000         74.7946
  106         11.0003         18.0000         16.0000          3.0000         83.0360
  107         11.0003         19.0000         16.0000          3.0000         82.9406
  108         11.0003         20.0000         16.0000          3.0000         84.9924
  110         11.0003         18.0000         16.0000          4.0000         96.8785
  111         11.0003         19.0000         16.0000          4.0000         96.7055
  112         11.0003         20.0000         16.0000          4.0000         98.2562
   98         11.0003         18.0000         16.0000          1.0000         61.5559
   99         11.0003         19.0000         16.0000          1.0000         62.1164
  100         11.0003         20.0000         16.0000          1.0000         65.8505
  102         11.0003         18.0000         16.0000          2.0000         71.9514
  103         11.0003         19.0000         16.0000          2.0000         71.9659
  104         11.0003         20.0000         16.0000          2.0000         74.8908
  106         11.0003         18.0000         16.0000          3.0000         83.1268
  107         11.0003         19.0000         16.0000          3.0000         83.0323
  108         11.0003         20.0000         16.0000          3.0000         85.0790
  110         11.0003         18.0000         16.0000          4.0000         96.9557
  111         11.0003         19.0000         16.0000          4.0000         96.7833
  112         11.0003         20.0000         16.0000          4.0000         98.3302
   98         11.0003         18.0000         16.0000          1.0000         61.5836
   99         11.0003         19.0000         16.0000          1.0000         62.1447
  100         11.0003         20.0000         16.0000          1.0000         65.8761
  102         11.0003         18.0000         16.0000          2.0000         71.9777
  103         11.0003         19.0000         16.0000          2.0000         71.9926
  104         11.0003         20.0000         16.0000          2.0000         74.9151
  106         11.0003         18.0000         16.0000          3.0000         83.1502
  107         11.0003         19.0000         16.0000          3.0000         83.0559
  108         11.0003         20.0000         16.0000          3.0000         85.1007
  110         11.0003         18.0000         16.0000          4.0000         96.9746
  111         11.0003         19.0000         16.0000          4.0000         96.8022
  112         11.0003         20.0000         16.0000          4.0000         98.3476
   98         12.0013         18.0000         16.0000          1.0000         78.6786
   99         12.0013         19.0000         16.0000          1.0000         79.2701
  100         12.0013         20.0000         16.0000          1.0000         84.6069
  102         12.0013         18.0000         16.0000          2.0000         90.7831
  103         12.0013         19.0000         16.0000          2.0000         91.2005
  104         12.0013         20.0000         16.0000          2.0000         94.8045
  106         12.0013         18.0000         16.0000          3.0000        102.9228
  107         12.0013         19.0000         16.0000          3.0000        103.2864
  108         12.0013         20.0000         16.0000          3.0000        105.8198
  110         12.0013         18.0000         16.0000          4.0000        118.1280
  111         12.0013         19.0000         16.0000          4.0000        118.3915
  112         12.0013         20.0000         16.0000          4.0000        120.3210
   98         12.0013         18.0000         16.0000          1.0000         78.8587
   99         12.0013         19.0000         16.0000          1.0000         79.1850
  100         12.0013         20.0000         16.0000          1.0000         83.4437
  102         12.0013         18.0000         16.0000          2.0000         90.8005
  103         12.0013         19.0000         16.0000          2.0000         91.2423
  104         12.0013         20.0000         16.0000          2.0000         94.7060
  106         12.0013         18.0000         16.0000          3.0000        102.8650
  107         12.0013         19.0000         16.0000          3.0000        103.3728
  108         12.0013         20.0000         16.0000          3.0000        105.9144
  110         12.0013         18.0000         16.0000          4.0000        118.0264
  111         12.0013         19.0000         16.0000          4.0000        118.5011
  112         12.0013         20.0000         16.0000          4.0000        120.4501
   98         12.0013         18.0000         16.0000          1.0000         78.8917
   99         12.0013         19.0000         16.0000          1.0000         79.1904
  100         12.0013         20.0000         16.0000          1.0000         83.3622
  102         12.0013         18.0000         16.0000          2.0000         90.8225
  103         12.0013         19.0000         16.0000          2.0000         91.2542
  104         12.0013         20.0000         16.0000          2.0000         94.6969
  106         12.0013         18.0000         16.0000          3.0000        102.8810
  107         12.0013         19.0000         16.0000          3.0000        103.3850
  108         12.0013         20.0000         16.0000          3.0000        105.9157
  110         12.0013         18.0000         16.0000          4.0000        118.0365
  111         12.0013         19.0000         16.0000          4.0000        118.5119
  112         12.0013         20.0000         16.0000          4.0000        120.4506
   98         12.0013         18.0000         16.0000          1.0000         78.8982
   99         12.0013         19.0000         16.0000          1.0000         79.1976
  100         12.0013         20.0000         16.0000          1.0000         83.3728
  102         12.0013         18.0000         16.0000          2.0000         90.8280
  103         12.0013         19.0000         16.0000          2.0000         91.2601
  104         12.0013         20.0000         16.0000          2.0000         94.7029
  106         12.0013         18.0000         16.0000          3.0000        102.8858
  107         12.0013         19.0000         16.0000          3.0000        103.3897
  108         12.0013         20.0000         16.0000          3.0000        105.9199
  110         12.0013         18.0000         16.0000          4.0000        118.0402
  111         12.0013         19.0000         16.0000          4.0000        118.5152
  112         12.0013         20.0000         16.0000          4.0000        120.4536
   98         13.0030         18.0000         16.0000          1.0000         86.7449
   99         13.0030         19.0000         16.0000          1.0000         87.1691
  100         13.0030         20.0000         16.0000          1.0000         91.9892
  102         13.0030         18.0000         16.0000          2.0000         99.2653
  103         13.0030         19.0000         16.0000          2.0000         99.7501
  104         13.0030         20.0000         16.0000          2.0000        103.3150
  106         13.0030         18.0000         16.0000          3.0000        111.0196
  107         13.0030         19.0000         16.0000          3.0000        111.5524
  108         13.0030         20.0000         16.0000          3.0000        114.1186
  110         13.0030         18.0000         16.0000          4.0000        126.2270
  111         13.0030         19.0000         16.0000          4.0000        126.6722
  112         13.0030         20.0000         16.0000          4.0000        128.6197
   98         13.0030         18.0000         16.0000          1.0000         86.8065
   99         13.0030         19.0000         16.0000          1.0000         87.2318
  100         13.0030         20.0000         16.0000          1.0000         92.0411
  102         13.0030         18.0000         16.0000          2.0000         99.3134
  103         13.0030         19.0000         16.0000          2.0000         99.7986
  104         13.0030         20.0000         16.0000          2.0000        103.3551
  106         13.0030         18.0000         16.0000          3.0000        111.0526
  107         13.0030         19.0000         16.0000          3.0000        111.5854
  108         13.0030         20.0000         16.0000          3.0000        114.1457
  110         13.0030         18.0000         16.0000          4.0000        126.2441
  111         13.0030         19.0000         16.0000          4.0000        126.6891
  112         13.0030         20.0000         16.0000          4.0000        128.6325
   98         13.0030         18.0000         16.0000          1.0000         86.8276
   99         13.0030         19.0000         16.0000          1.0000         87.2533
  100         13.0030         20.0000         16.0000          1.0000         92.0600
  102         13.0030         18.0000         16.0000          2.0000         99.3329
  103         13.0030         19.0000         16.0000          2.0000         99.8184
  104         13.0030         20.0000         16.0000          2.0000        103.3729
  106         13.0030         18.0000         16.0000          3.0000        111.0696
  107         13.0030         19.0000         16.0000          3.0000        111.6026
  108         13.0030         20.0000         16.0000          3.0000        114.1613
  110         13.0030         18.0000         16.0000          4.0000        126.2575
  111         13.0030         19.0000         16.0000          4.0000        126.7027
  112         13.0030         20.0000         16.0000          4.0000        128.6449
   98         14.0008         18.0000         16.0000          1.0000         97.5347
   99         14.0008         19.0000         16.0000          1.0000         97.8694
  100         14.0008         20.0000         16.0000          1.0000        103.5917
  102         14.0008         18.0000         16.0000          2.0000        112.3305
  103         14.0008         19.0000         16.0000          2.0000        112.7792
  104         14.0008         20.0000         16.0000          2.0000        117.4089
  106         14.0008         18.0000         16.0000          3.0000        127.5671
  107         14.0008         19.0000         16.0000          3.0000        128.0664
  108         14.0008         20.0000         16.0000          3.0000        131.4748
  110         14.0008         18.0000         16.0000          4.0000        146.8748
  111         14.0008         19.0000         16.0000          4.0000        147.2936
  112         14.0008         20.0000         16.0000          4.0000        149.9333
   98         14.0008         18.0000         16.0000          1.0000         98.4706
   99         14.0008         19.0000         16.0000          1.0000         98.8116
  100         14.0008         20.0000         16.0000          1.0000        104.5370
  102         14.0008         18.0000         16.0000          2.0000        113.3100
  103         14.0008         19.0000         16.0000          2.0000        113.7654
  104         14.0008         20.0000         16.0000          2.0000        118.3856
  106         14.0008         18.0000         16.0000          3.0000        128.5514
  107         14.0008         19.0000         16.0000          3.0000        129.0574
  108         14.0008         20.0000         16.0000          3.0000        132.4513
  110         14.0008         18.0000         16.0000          4.0000        147.8350
  111         14.0008         19.0000         16.0000          4.0000        148.2589
  112         14.0008         20.0000         16.0000          4.0000        150.8829
   98         14.0008         18.0000         16.0000          1.0000         98.6169
   99         14.0008         19.0000         16.0000          1.0000         98.9607
  100         14.0008         20.0000         16.0000          1.0000        104.6770
  102         14.0008         18.0000         16.0000          2.0000        113.4523
  103         14.0008         19.0000         16.0000          2.0000        113.9095
  104         14.0008         20.0000         16.0000          2.0000        118.5207
  106         14.0008         18.0000         16.0000          3.0000        128.6809
  107         14.0008         19.0000         16.0000          3.0000        129.1882
  108         14.0008         20.0000         16.0000          3.0000        132.5739
  110         14.0008         18.0000         16.0000          4.0000        147.9436
  111         14.0008         19.0000         16.0000          4.0000        148.3684
  112         14.0008         20.0000         16.0000          4.0000        150.9852
   98         14.0008         18.0000         16.0000          1.0000         98.6412
   99         14.0008         19.0000         16.0000          1.0000         98.9858
  100         14.0008         20.0000         16.0000          1.0000        104.6998
  102         14.0008         18.0000         16.0000          2.0000        113.4744
  103         14.0008         19.0000         16.0000          2.0000        113.9319
  104         14.0008         20.0000         16.0000          2.0000        118.5414
  106         14.0008         18.0000         16.0000          3.0000        128.7006
  107         14.0008         19.0000         16.0000          3.0000        129.2081
  108         14.0008         20.0000         16.0000          3.0000        132.5926
  110         14.0008         18.0000         16.0000          4.0000        147.9604
  111         14.0008         19.0000         16.0000          4.0000        148.3853
  112         14.0008         20.0000         16.0000          4.0000        151.0012
   98         15.0009         18.0000         16.0000          1.0000         77.7604
   99         15.0009         19.0000         16.0000          1.0000         77.8892
  100         15.0009         20.0000         16.0000          1.0000         81.6401
  102         15.0009         18.0000         16.0000          2.0000         88.4951
  103         15.0009         19.0000         16.0000          2.0000         88.9916
  104         15.0009         20.0000         16.0000          2.0000         92.0059
  106         15.0009         18.0000         16.0000          3.0000         98.2244
  107         15.0009         19.0000         16.0000          3.0000         98.8724
  108         15.0009         20.0000         16.0000          3.0000        101.0916
  110         15.0009         18.0000         16.0000          4.0000        109.9064
  111         15.0009         19.0000         16.0000          4.0000        110.5203
  112         15.0009         20.0000         16.0000          4.0000        112.1964
   98         15.0009         18.0000         16.0000          1.0000         76.9400
   99         15.0009         19.0000         16.0000          1.0000         77.0664
  100         15.0009         20.0000         16.0000          1.0000         80.7797
  102         15.0009         18.0000         16.0000          2.0000         87.5860
  103         15.0009         19.0000         16.0000          2.0000         88.0782
  104         15.0009         20.0000         16.0000          2.0000         91.0734
  106         15.0009         18.0000         16.0000          3.0000         97.2521
  107         15.0009         19.0000         16.0000          3.0000         97.8951
  108         15.0009         20.0000         16.0000          3.0000        100.1072
  110         15.0009         18.0000         16.0000          4.0000        108.8905
  111         15.0009         19.0000         16.0000          4.0000        109.5003
  112         15.0009         20.0000         16.0000          4.0000        111.1758
   98         15.0009         18.0000         16.0000          1.0000         76.8218
   99         15.0009         19.0000         16.0000          1.0000         76.9458
  100         15.0009         20.0000         16.0000          1.0000         80.6647
  102         15.0009         18.0000         16.0000          2.0000         87.4710
  103         15.0009         19.0000         16.0000          2.0000         87.9616
  104         15.0009         20.0000         16.0000          2.0000         90.9635
  106         15.0009         18.0000         16.0000          3.0000         97.1489
  107         15.0009         19.0000         16.0000          3.0000         97.7907
  108         15.0009         20.0000         16.0000          3.0000        100.0094
  110         15.0009         18.0000         16.0000          4.0000        108.8067
  111         15.0009         19.0000         16.0000          4.0000        109.4158
  112         15.0009         20.0000         16.0000          4.0000        111.0973
   98         15.0022         18.0000         16.0000          1.0000         76.6693
   99         15.0022         19.0000         16.0000          1.0000         76.7908
  100         15.0022         20.0000         16.0000          1.0000         80.5220
  102         15.0022         18.0000         16.0000          2.0000         87.3286
  103         15.0022         19.0000         16.0000          2.0000         87.8177
  104         15.0022         20.0000         16.0000          2.0000         90.8290
  106         15.0022         18.0000         16.0000          3.0000         97.0192
  107         15.0022         19.0000         16.0000          3.0000         97.6602
  108         15.0022         20.0000         16.0000          3.0000         99.8857
  110         15.0022         18.0000         16.0000          4.0000        108.6957
  111         15.0022         19.0000         16.0000          4.0000        109.3044
  112         15.0022         20.0000         16.0000          4.0000        110.9908
   98         15.0022         18.0000         16.0000          1.0000         76.7265
   99         15.0022         19.0000         16.0000          1.0000         76.8497
  100         15.0022         20.0000         16.0000          1.0000         80.5720
  102         15.0022         18.0000         16.0000          2.0000         87.3748
  103         15.0022         19.0000         16.0000          2.0000         87.8648
  104         15.0022         20.0000         16.0000          2.0000         90.8694
  106         15.0022         18.0000         16.0000          3.0000         97.0530
  107         15.0022         19.0000         16.0000          3.0000         97.6945
  108         15.0022         20.0000         16.0000          3.0000         99.9152
  110         15.0022         18.0000         16.0000          4.0000        108.7157
  111         15.0022         19.0000         16.0000          4.0000        109.3248
  112         15.0022         20.0000         16.0000          4.0000        111.0080
   98         15.0022         18.0000         16.0000          1.0000         76.7505
   99         15.0022         19.0000         16.0000          1.0000         76.8741
  100         15.0022         20.0000         16.0000          1.0000         80.5938
  102         15.0022         18.0000         16.0000          2.0000         87.3972
  103         15.0022         19.0000         16.0000          2.0000         87.8876
  104         15.0022         20.0000         16.0000          2.0000         90.8899
  106         15.0022         18.0000         16.0000          3.0000         97.0726
  107         15.0022         19.0000         16.0000          3.0000         97.7144
  108         15.0022         20.0000         16.0000          3.0000         99.9334
  110         15.0022         18.0000         16.0000          4.0000        108.7313
  111         15.0022         19.0000         16.0000          4.0000        109.3405
  112         15.0022         20.0000         16.0000          4.0000        111.0224
   98         16.0012         18.0000         16.0000          1.0000         75.9806
   99         16.0012         19.0000         16.0000          1.0000         75.3591
  100         16.0012         20.0000         16.0000          1.0000         78.5138
  102         16.0012         18.0000         16.0000          2.0000         84.6559
  103         16.0012         19.0000         16.0000          2.0000         85.2383
  104         16.0012         20.0000         16.0000          2.0000         87.8661
  106         16.0012         18.0000         16.0000          3.0000         93.2087
  107         16.0012         19.0000         16.0000          3.0000         94.0252
  108         16.0012         20.0000         16.0000          3.0000         95.9871
  110         16.0012         18.0000         16.0000          4.0000        104.5384
  111         16.0012         19.0000         16.0000          4.0000        105.3196
  112         16.0012         20.0000         16.0000          4.0000        106.8517
   98         16.0012         18.0000         16.0000          1.0000         76.0825
   99         16.0012         19.0000         16.0000          1.0000         75.4632
  100         16.0012         20.0000         16.0000          1.0000         78.6089
  102         16.0012         18.0000         16.0000          2.0000         84.7497
  103         16.0012         19.0000         16.0000          2.0000         85.3332
  104         16.0012         20.0000         16.0000          2.0000         87.9541
  106         16.0012         18.0000         16.0000          3.0000         93.2887
  107         16.0012         19.0000         16.0000          3.0000         94.1059
  108         16.0012         20.0000         16.0000          3.0000         96.0628
  110         16.0012         18.0000         16.0000          4.0000        104.5754
  111         16.0012         19.0000         16.0000          4.0000        105.3568
  112         16.0012         20.0000         16.0000          4.0000        106.8849
   98         16.0012         18.0000         16.0000          1.0000         76.1058
   99         16.0012         19.0000         16.0000          1.0000         75.4872
  100         16.0012         20.0000         16.0000          1.0000         78.6299
  102         16.0012         18.0000         16.0000          2.0000         84.7706
  103         16.0012         19.0000         16.0000          2.0000         85.3546
  104         16.0012         20.0000         16.0000          2.0000         87.9731
  106         16.0012         18.0000         16.0000          3.0000         93.3069
  107         16.0012         19.0000         16.0000          3.0000         94.1244
  108         16.0012         20.0000         16.0000          3.0000         96.0794
  110         16.0012         18.0000         16.0000          4.0000        104.5910
  111         16.0012         19.0000         16.0000          4.0000        105.3726
  112         16.0012         20.0000         16.0000          4.0000        106.8993
   98         17.0023         18.0000         16.0000          1.0000         59.7015
   99         17.0023         19.0000         16.0000          1.0000         59.6610
  100         17.0023         20.0000         16.0000          1.0000         62.6004
  102         17.0023         18.0000         16.0000          2.0000         67.4931
  103         17.0023         19.0000         16.0000          2.0000         67.9429
  104         17.0023         20.0000         16.0000          2.0000         70.4109
  106         17.0023         18.0000         16.0000          3.0000         75.8910
  107         17.0023         19.0000         16.0000          3.0000         76.3846
  108         17.0023         20.0000         16.0000          3.0000         78.2113
  110         17.0023         18.0000         16.0000          4.0000         86.3729
  111         17.0023         19.0000         16.0000          4.0000         86.8121
  112         17.0023         20.0000         16.0000          4.0000         88.2390
   98         17.0023         18.0000         16.0000          1.0000         60.3684
   99         17.0023         19.0000         16.0000          1.0000         60.3322
  100         17.0023         20.0000         16.0000          1.0000         63.2733
  102         17.0023         18.0000         16.0000          2.0000         68.1899
  103         17.0023         19.0000         16.0000          2.0000         68.6444
  104         17.0023         20.0000         16.0000          2.0000         71.1056
  106         17.0023         18.0000         16.0000          3.0000         76.5956
  107         17.0023         19.0000         16.0000          3.0000         77.0938
  108         17.0023         20.0000         16.0000          3.0000         78.9106
  110         17.0023         18.0000         16.0000          4.0000         87.0890
  111         17.0023         19.0000         16.0000          4.0000         87.5320
  112         17.0023         20.0000         16.0000          4.0000         88.9488
   98         17.0023         18.0000         16.0000          1.0000         60.4760
   99         17.0023         19.0000         16.0000          1.0000         60.4417
  100         17.0023         20.0000         16.0000          1.0000         63.3761
  102         17.0023         18.0000         16.0000          2.0000         68.2946
  103         17.0023         19.0000         16.0000          2.0000         68.7505
  104         17.0023         20.0000         16.0000          2.0000         71.2049
  106         17.0023         18.0000         16.0000          3.0000         76.6910
  107         17.0023         19.0000         16.0000          3.0000         77.1903
  108         17.0023         20.0000         16.0000          3.0000         79.0008
  110         17.0023         18.0000         16.0000          4.0000         87.1682
  111         17.0023         19.0000         16.0000          4.0000         87.6118
  112         17.0023         20.0000         16.0000          4.0000         89.0232
   98         17.0023         18.0000         16.0000          1.0000         60.4928
   99         17.0023         19.0000         16.0000          1.0000         60.4590
  100         17.0023         20.0000         16.0000          1.0000         63.3918
  102         17.0023         18.0000         16.0000          2.0000         68.3099
  103         17.0023         19.0000         16.0000          2.0000         68.7661
  104         17.0023         20.0000         16.0000          2.0000         71.2194
  106         17.0023         18.0000         16.0000          3.0000         76.7048
  107         17.0023         19.0000         16.0000          3.0000         77.2043
  108         17.0023         20.0000         16.0000          3.0000         79.0140
  110         17.0023         18.0000         16.0000          4.0000         87.1801
  111         17.0023         19.0000         16.0000          4.0000         87.6238
  112         17.0023         20.0000         16.0000          4.0000         89.0345
   98         18.0008         18.0000         16.0000          1.0000         37.2737
   99         18.0008         19.0000         16.0000          1.0000         37.4057
  100         18.0008         20.0000         16.0000          1.0000         39.0279
  102         18.0008         18.0000         16.0000          2.0000         42.2335
  103         18.0008         19.0000         16.0000          2.0000         42.5260
  104         18.0008         20.0000         16.0000          2.0000         43.8241
  106         18.0008         18.0000         16.0000          3.0000         46.9508
  107         18.0008         19.0000         16.0000          3.0000         47.2591
  108         18.0008         20.0000         16.0000          3.0000         48.1829
  110         18.0008         18.0000         16.0000          4.0000         52.8098
  111         18.0008         19.0000         16.0000          4.0000         53.0857
  112         18.0008         20.0000         16.0000          4.0000         53.7973
   98         18.0008         18.0000         16.0000          1.0000         36.8674
   99         18.0008         19.0000         16.0000          1.0000         36.9987
  100         18.0008         20.0000         16.0000          1.0000         38.6037
  102         18.0008         18.0000         16.0000          2.0000         41.7867
  103         18.0008         19.0000         16.0000          2.0000         42.0765
  104         18.0008         20.0000         16.0000          2.0000         43.3680
  106         18.0008         18.0000         16.0000          3.0000         46.4830
  107         18.0008         19.0000         16.0000          3.0000         46.7881
  108         18.0008         20.0000         16.0000          3.0000         47.7115
  110         18.0008         18.0000         16.0000          4.0000         52.3354
  111         18.0008         19.0000         16.0000          4.0000         52.6085
  112         18.0008         20.0000         16.0000          4.0000         53.3233
   98         18.0008         18.0000         16.0000          1.0000         36.8073
   99         18.0008         19.0000         16.0000          1.0000         36.9374
  100         18.0008         20.0000         16.0000          1.0000         38.5449
  102         18.0008         18.0000         16.0000          2.0000         41.7276
  103         18.0008         19.0000         16.0000          2.0000         42.0167
  104         18.0008         20.0000         16.0000          2.0000         43.3110
  106         18.0008         18.0000         16.0000          3.0000         46.4282
  107         18.0008         19.0000         16.0000          3.0000         46.7328
  108         18.0008         20.0000         16.0000          3.0000         47.6590
  110         18.0008         18.0000         16.0000          4.0000         52.2880
  111         18.0008         19.0000         16.0000          4.0000         52.5609
  112         18.0008         20.0000         16.0000          4.0000         53.2782
   98         19.0009         18.0000         16.0000          1.0000         14.0123
   99         19.0009         19.0000         16.0000          1.0000         14.0051
  100         19.0009         20.0000         16.0000          1.0000         14.3413
  102         19.0009         18.0000         16.0000          2.0000         15.1524
  103         19.0009         19.0000         16.0000          2.0000         15.2015
  104         19.0009         20.0000         16.0000          2.0000         15.4199
  106         19.0009         18.0000         16.0000          3.0000         15.9599
  107         19.0009         19.0000         16.0000          3.0000         16.0157
  108         19.0009         20.0000         16.0000          3.0000         16.1516
  110         19.0009         18.0000         16.0000          4.0000         16.9933
  111         19.0009         19.0000         16.0000          4.0000         17.0470
  112         19.0009         20.0000         16.0000          4.0000         17.1465
   98         19.0009         18.0000         16.0000          1.0000         14.0598
   99         19.0009         19.0000         16.0000          1.0000         14.0538
  100         19.0009         20.0000         16.0000          1.0000         14.3816
  102         19.0009         18.0000         16.0000          2.0000         15.1900
  103         19.0009         19.0000         16.0000          2.0000         15.2395
  104         19.0009         20.0000         16.0000          2.0000         15.4515
  106         19.0009         18.0000         16.0000          3.0000         15.9862
  107         19.0009         19.0000         16.0000          3.0000         16.0422
  108         19.0009         20.0000         16.0000          3.0000         16.1735
  110         19.0009         18.0000         16.0000          4.0000         17.0079
  111         19.0009         19.0000         16.0000          4.0000         17.0615
  112         19.0009         20.0000         16.0000          4.0000         17.1579
   98         19.0009         18.0000         16.0000          1.0000         14.0664
   99         19.0009         19.0000         16.0000          1.0000         14.0605
  100         19.0009         20.0000         16.0000          1.0000         14.3874
  102         19.0009         18.0000         16.0000          2.0000         15.1966
  103         19.0009         19.0000         16.0000          2.0000         15.2462
  104         19.0009         20.0000         16.0000          2.0000         15.4575
  106         19.0009         18.0000         16.0000          3.0000         15.9922
  107         19.0009         19.0000         16.0000          3.0000         16.0483
  108         19.0009         20.0000         16.0000          3.0000         16.1789
  110         19.0009         18.0000         16.0000          4.0000         17.0128
  111         19.0009         19.0000         16.0000          4.0000         17.0665
  112         19.0009         20.0000         16.0000          4.0000         17.1624
   98         20.0012         18.0000         16.0000          1.0000          1.0751
   99         20.0012         19.0000         16.0000          1.0000          1.0176
  100         20.0012         20.0000         16.0000          1.0000          0.8074
  102         20.0012         18.0000         16.0000          2.0000          0.5958
  103         20.0012         19.0000         16.0000          2.0000          0.5641
  104         20.0012         20.0000         16.0000          2.0000          0.3537
  106         20.0012         18.0000         16.0000          3.0000         -0.2084
  107         20.0012         19.0000         16.0000          3.0000         -0.2339
  108         20.0012         20.0000         16.0000          3.0000         -0.3954
  110         20.0012         18.0000         16.0000          4.0000         -1.2589
  111         20.0012         19.0000         16.0000          4.0000         -1.2761
  112         20.0012         20.0000         16.0000          4.0000         -1.4093
   98         20.0012         18.0000         16.0000          1.0000          1.1087
   99         20.0012         19.0000         16.0000          1.0000          1.0521
  100         20.0012         20.0000         16.0000          1.0000          0.8362
  102         20.0012         18.0000         16.0000          2.0000          0.6232
  103         20.0012         19.0000         16.0000          2.0000          0.5919
  104         20.0012         20.0000         16.0000          2.0000          0.3775
  106         20.0012         18.0000         16.0000          3.0000         -0.1878
  107         20.0012         19.0000         16.0000          3.0000         -0.2132
  108         20.0012         20.0000         16.0000          3.0000         -0.3782
  110         20.0012         18.0000         16.0000          4.0000         -1.2483
  111         20.0012         19.0000         16.0000          4.0000         -1.2655
  112         20.0012         20.0000         16.0000          4.0000         -1.4010
   98         20.0012         18.0000         16.0000          1.0000          1.1123
   99         20.0012         19.0000         16.0000          1.0000          1.0556
  100         20.0012         20.0000         16.0000          1.0000          0.8391
  102         20.0012         18.0000         16.0000          2.0000          0.6266
  103         20.0012         19.0000         16.0000          2.0000          0.5953
  104         20.0012         20.0000         16.0000          2.0000          0.3803
  106         20.0012         18.0000         16.0000          3.0000         -0.1849
  107         20.0012         19.0000         16.0000          3.0000         -0.2103
  108         20.0012         20.0000         16.0000          3.0000         -0.3756
  110         20.0012         18.0000         16.0000          4.0000         -1.2454
  111         20.0012         19.0000         16.0000          4.0000         -1.2626
  112         20.0012         20.0000         16.0000          4.0000         -1.3984
   98         21.0061         18.0000         16.0000          1.0000         -1.6146
   99         21.0061         19.0000         16.0000          1.0000         -1.6917
  100         21.0061         20.0000         16.0000          1.0000         -1.9844
  102         21.0061         18.0000         16.0000          2.0000         -2.3654
  103         21.0061         19.0000         16.0000          2.0000         -2.4219
  104         21.0061         20.0000         16.0000          2.0000         -2.7030
  106         21.0061         18.0000         16.0000          3.0000         -3.4849
  107         21.0061         19.0000         16.0000          3.0000         -3.5355
  108         21.0061         20.0000         16.0000          3.0000         -3.7507
  110         21.0061         18.0000         16.0000          4.0000         -4.9202
  111         21.0061         19.0000         16.0000          4.0000         -4.9565
  112         21.0061         20.0000         16.0000          4.0000         -5.1229
   98         21.0061         18.0000         16.0000          1.0000         -1.5807
   99         21.0061         19.0000         16.0000          1.0000         -1.6571
  100         21.0061         20.0000         16.0000          1.0000         -1.9560
  102         21.0061         18.0000         16.0000          2.0000         -2.3383
  103         21.0061         19.0000         16.0000          2.0000         -2.3944
  104         21.0061         20.0000         16.0000          2.0000         -2.6803
  106         21.0061         18.0000         16.0000          3.0000         -3.4658
  107         21.0061         19.0000         16.0000          3.0000         -3.5163
  108         21.0061         20.0000         16.0000          3.0000         -3.7349
  110         21.0061         18.0000         16.0000          4.0000         -4.9101
  111         21.0061         19.0000         16.0000          4.0000         -4.9463
  112         21.0061         20.0000         16.0000          4.0000         -5.1151
   98         21.0061         18.0000         16.0000          1.0000         -1.5764
   99         21.0061         19.0000         16.0000          1.0000         -1.6527
  100         21.0061         20.0000         16.0000          1.0000         -1.9521
  102         21.0061         18.0000         16.0000          2.0000         -2.3335
  103         21.0061         19.0000         16.0000          2.0000         -2.3895
  104         21.0061         20.0000         16.0000          2.0000         -2.6759
  106         21.0061         18.0000         16.0000          3.0000         -3.4611
  107         21.0061         19.0000         16.0000          3.0000         -3.5115
  108         21.0061         20.0000         16.0000          3.0000         -3.7306
  110         21.0061         18.0000         16.0000          4.0000         -4.9060
  111         21.0061         19.0000         16.0000          4.0000         -4.9422
  112         21.0061         20.0000         16.0000          4.0000         -5.1114
   98         22.0079         18.0000         16.0000          1.0000         -1.4884
   99         22.0079         19.0000         16.0000          1.0000         -1.5547
  100         22.0079         20.0000         16.0000          1.0000         -1.7860
  102         22.0079         18.0000         16.0000          2.0000         -2.0917
  103         22.0079         19.0000         16.0000          2.0000         -2.1433
  104         22.0079         20.0000         16.0000          2.0000         -2.3634
  106         22.0079         18.0000         16.0000          3.0000         -2.9608
  107         22.0079         19.0000         16.0000          3.0000         -3.0080
  108         22.0079         20.0000         16.0000          3.0000         -3.1768
  110         22.0079         18.0000         16.0000          4.0000         -4.0254
  111         22.0079         19.0000         16.0000          4.0000         -4.0597
  112         22.0079         20.0000         16.0000          4.0000         -4.1887
   98         22.0079         18.0000         16.0000          1.0000         -1.4636
   99         22.0079         19.0000         16.0000          1.0000         -1.5293
  100         22.0079         20.0000         16.0000          1.0000         -1.7638
  102         22.0079         18.0000         16.0000          2.0000         -2.0698
  103         22.0079         19.0000         16.0000          2.0000         -2.1211
  104         22.0079         20.0000         16.0000          2.0000         -2.3439
  106         22.0079         18.0000         16.0000          3.0000         -2.9431
  107         22.0079         19.0000         16.0000          3.0000         -2.9900
  108         22.0079         20.0000         16.0000          3.0000         -3.1609
  110         22.0079         18.0000         16.0000          4.0000         -4.0129
  111         22.0079         19.0000         16.0000          4.0000         -4.0471
  112         22.0079         20.0000         16.0000          4.0000         -4.1776
   98         22.0079         18.0000         16.0000          1.0000         -1.4552
   99         22.0079         19.0000         16.0000          1.0000         -1.5206
  100         22.0079         20.0000         16.0000          1.0000         -1.7558
  102         22.0079         18.0000         16.0000          2.0000         -2.0610
  103         22.0079         19.0000         16.0000          2.0000         -2.1121
  104         22.0079         20.0000         16.0000          2.0000         -2.3357
  106         22.0079         18.0000         16.0000          3.0000         -2.9347
  107         22.0079         19.0000         16.0000          3.0000         -2.9815
  108         22.0079         20.0000         16.0000          3.0000         -3.1531
  110         22.0079         18.0000         16.0000          4.0000         -4.0058
  111         22.0079         19.0000         16.0000          4.0000         -4.0399
  112         22.0079         20.0000         16.0000          4.0000         -4.1711
   98         23.0110         18.0000         16.0000          1.0000         -1.9927
   99         23.0110         19.0000         16.0000          1.0000         -2.0649
  100         23.0110         20.0000         16.0000          1.0000         -2.2996
  102         23.0110         18.0000         16.0000          2.0000         -2.5854
  103         23.0110         19.0000         16.0000          2.0000         -2.6409
  104         23.0110         20.0000         16.0000          2.0000         -2.8587
  106         23.0110         18.0000         16.0000          3.0000         -3.4118
  107         23.0110         19.0000         16.0000          3.0000         -3.4613
  108         23.0110         20.0000         16.0000          3.0000         -3.6262
  110         23.0110         18.0000         16.0000          4.0000         -4.3957
  111         23.0110         19.0000         16.0000          4.0000         -4.4314
  112         23.0110         20.0000         16.0000          4.0000         -4.5555
   98         23.0110         18.0000         16.0000          1.0000         -1.9720
   99         23.0110         19.0000         16.0000          1.0000         -2.0437
  100         23.0110         20.0000         16.0000          1.0000         -2.2810
  102         23.0110         18.0000         16.0000          2.0000         -2.5667
  103         23.0110         19.0000         16.0000          2.0000         -2.6220
  104         23.0110         20.0000         16.0000          2.0000         -2.8419
  106         23.0110         18.0000         16.0000          3.0000         -3.3962
  107         23.0110         19.0000         16.0000          3.0000         -3.4456
  108         23.0110         20.0000         16.0000          3.0000         -3.6122
  110         23.0110         18.0000         16.0000          4.0000         -4.3845
  111         23.0110         19.0000         16.0000          4.0000         -4.4202
  112         23.0110         20.0000         16.0000          4.0000         -4.5456
   98         23.0110         18.0000         16.0000          1.0000         -1.9614
   99         23.0110         19.0000         16.0000          1.0000         -2.0328
  100         23.0110         20.0000         16.0000          1.0000         -2.2712
  102         23.0110         18.0000         16.0000          2.0000         -2.5563
  103         23.0110         19.0000         16.0000          2.0000         -2.6113
  104         23.0110         20.0000         16.0000          2.0000         -2.8323
  106         23.0110         18.0000         16.0000          3.0000         -3.3866
  107         23.0110         19.0000         16.0000          3.0000         -3.4359
  108         23.0110         20.0000         16.0000          3.0000         -3.6034
  110         23.0110         18.0000         16.0000          4.0000         -4.3767
  111         23.0110         19.0000         16.0000          4.0000         -4.4122
  112         23.0110         20.0000         16.0000          4.0000         -4.5383
