  114          1.0142         16.0000         18.0000          1.0000         -2.3442
  115          1.0142         16.0000         19.0000          1.0000         -2.4017
  116          1.0142         16.0000         20.0000          1.0000         -2.6130
  118          1.0142         16.0000         18.0000          2.0000         -2.9668
  119          1.0142         16.0000         19.0000          2.0000         -3.0150
  120          1.0142         16.0000         20.0000          2.0000         -3.2038
  122          1.0142         16.0000         18.0000          3.0000         -3.7021
  123          1.0142         16.0000         19.0000          3.0000         -3.7491
  124          1.0142         16.0000         20.0000          3.0000         -3.8938
  126          1.0142         16.0000         18.0000          4.0000         -4.5868
  127          1.0142         16.0000         19.0000          4.0000         -4.6229
  128          1.0142         16.0000         20.0000          4.0000         -4.7340
  114          1.0142         16.0000         18.0000          1.0000         -2.3250
  115          1.0142         16.0000         19.0000          1.0000         -2.3820
  116          1.0142         16.0000         20.0000          1.0000         -2.5960
  118          1.0142         16.0000         18.0000          2.0000         -2.9496
  119          1.0142         16.0000         19.0000          2.0000         -2.9975
  120          1.0142         16.0000         20.0000          2.0000         -3.1886
  122          1.0142         16.0000         18.0000          3.0000         -3.6882
  123          1.0142         16.0000         19.0000          3.0000         -3.7349
  124          1.0142         16.0000         20.0000          3.0000         -3.8814
  126          1.0142         16.0000         18.0000          4.0000         -4.5771
  127          1.0142         16.0000         19.0000          4.0000         -4.6132
  128          1.0142         16.0000         20.0000          4.0000         -4.7256
  114          1.0142         16.0000         18.0000          1.0000         -2.3142
  115          1.0142         16.0000         19.0000          1.0000         -2.3710
  116          1.0142         16.0000         20.0000          1.0000         -2.5862
  118          1.0142         16.0000         18.0000          2.0000         -2.9390
  119          1.0142         16.0000         19.0000          2.0000         -2.9868
  120          1.0142         16.0000         20.0000          2.0000         -3.1790
  122          1.0142         16.0000         18.0000          3.0000         -3.6787
  123          1.0142         16.0000         19.0000          3.0000         -3.7253
  124          1.0142         16.0000         20.0000          3.0000         -3.8727
  126          1.0142         16.0000         18.0000          4.0000         -4.5695
  127          1.0142         16.0000         19.0000          4.0000         -4.6055
  128          1.0142         16.0000         20.0000          4.0000         -4.7186
  114          2.0138         16.0000         18.0000          1.0000         -2.5564
  115          2.0138         16.0000         19.0000          1.0000         -2.6180
  116          2.0138         16.0000         20.0000          1.0000         -2.8472
  118          2.0138         16.0000         18.0000          2.0000         -3.1833
  119          2.0138         16.0000         19.0000          2.0000         -3.2333
  120          2.0138         16.0000         20.0000          2.0000         -3.4354
  122          2.0138         16.0000         18.0000          3.0000         -3.9284
  123          2.0138         16.0000         19.0000          3.0000         -3.9755
  124          2.0138         16.0000         20.0000          3.0000         -4.1297
  126          2.0138         16.0000         18.0000          4.0000         -4.8612
  127          2.0138         16.0000         19.0000          4.0000         -4.8968
  128          2.0138         16.0000         20.0000          4.0000         -5.0151
  114          2.0138         16.0000         18.0000          1.0000         -2.5297
  115          2.0138         16.0000         19.0000          1.0000         -2.5907
  116          2.0138         16.0000         20.0000          1.0000         -2.8233
  118          2.0138         16.0000         18.0000          2.0000         -3.1594
  119          2.0138         16.0000         19.0000          2.0000         -3.2091
  120          2.0138         16.0000         20.0000          2.0000         -3.4139
  122          2.0138         16.0000         18.0000          3.0000         -3.9088
  123          2.0138         16.0000         19.0000          3.0000         -3.9556
  124          2.0138         16.0000         20.0000          3.0000         -4.1119
  126          2.0138         16.0000         18.0000          4.0000         -4.8469
  127          2.0138         16.0000         19.0000          4.0000         -4.8823
  128          2.0138         16.0000         20.0000          4.0000         -5.0022
  114          2.0138         16.0000         18.0000          1.0000         -2.5199
  115          2.0138         16.0000         19.0000          1.0000         -2.5807
  116          2.0138         16.0000         20.0000          1.0000         -2.8142
  118          2.0138         16.0000         18.0000          2.0000         -3.1496
  119          2.0138         16.0000         19.0000          2.0000         -3.1992
  120          2.0138         16.0000         20.0000          2.0000         -3.4049
  122          2.0138         16.0000         18.0000          3.0000         -3.8998
  123          2.0138         16.0000         19.0000          3.0000         -3.9466
  124          2.0138         16.0000         20.0000          3.0000         -4.1037
  126          2.0138         16.0000         18.0000          4.0000         -4.8396
  127          2.0138         16.0000         19.0000          4.0000         -4.8750
  128          2.0138         16.0000         20.0000          4.0000         -4.9955
  114          3.0126         16.0000         18.0000          1.0000         -2.8380
  115          3.0126         16.0000         19.0000          1.0000         -2.9006
  116          3.0126         16.0000         20.0000          1.0000         -3.1229
  118          3.0126         16.0000         18.0000          2.0000         -3.4075
  119          3.0126         16.0000         19.0000          2.0000         -3.4569
  120          3.0126         16.0000         20.0000          2.0000         -3.6508
  122          3.0126         16.0000         18.0000          3.0000         -4.0780
  123          3.0126         16.0000         19.0000          3.0000         -4.1232
  124          3.0126         16.0000         20.0000          3.0000         -4.2709
  126          3.0126         16.0000         18.0000          4.0000         -4.8665
  127          3.0126         16.0000         19.0000          4.0000         -4.9000
  128          3.0126         16.0000         20.0000          4.0000         -5.0121
  114          3.0126         16.0000         18.0000          1.0000         -2.8175
  115          3.0126         16.0000         19.0000          1.0000         -2.8796
  116          3.0126         16.0000         20.0000          1.0000         -3.1044
  118          3.0126         16.0000         18.0000          2.0000         -3.3888
  119          3.0126         16.0000         19.0000          2.0000         -3.4379
  120          3.0126         16.0000         20.0000          2.0000         -3.6340
  122          3.0126         16.0000         18.0000          3.0000         -4.0624
  123          3.0126         16.0000         19.0000          3.0000         -4.1074
  124          3.0126         16.0000         20.0000          3.0000         -4.2568
  126          3.0126         16.0000         18.0000          4.0000         -4.8552
  127          3.0126         16.0000         19.0000          4.0000         -4.8885
  128          3.0126         16.0000         20.0000          4.0000         -5.0019
  114          3.0126         16.0000         18.0000          1.0000         -2.8053
  115          3.0126         16.0000         19.0000          1.0000         -2.8671
  116          3.0126         16.0000         20.0000          1.0000         -3.0932
  118          3.0126         16.0000         18.0000          2.0000         -3.3771
  119          3.0126         16.0000         19.0000          2.0000         -3.4260
  120          3.0126         16.0000         20.0000          2.0000         -3.6232
  122          3.0126         16.0000         18.0000          3.0000         -4.0520
  123          3.0126         16.0000         19.0000          3.0000         -4.0968
  124          3.0126         16.0000         20.0000          3.0000         -4.2472
  126          3.0126         16.0000         18.0000          4.0000         -4.8468
  127          3.0126         16.0000         19.0000          4.0000         -4.8801
  128          3.0126         16.0000         20.0000          4.0000         -4.9942
  114          4.0028         16.0000         18.0000          1.0000         -2.8961
  115          4.0028         16.0000         19.0000          1.0000         -2.9607
  116          4.0028         16.0000         20.0000          1.0000         -3.1863
  118          4.0028         16.0000         18.0000          2.0000         -3.4437
  119          4.0028         16.0000         19.0000          2.0000         -3.4935
  120          4.0028         16.0000         20.0000          2.0000         -3.6888
  122          4.0028         16.0000         18.0000          3.0000         -4.0896
  123          4.0028         16.0000         19.0000          3.0000         -4.1342
  124          4.0028         16.0000         20.0000          3.0000         -4.2828
  126          4.0028         16.0000         18.0000          4.0000         -4.8547
  127          4.0028         16.0000         19.0000          4.0000         -4.8874
  128          4.0028         16.0000         20.0000          4.0000         -5.0001
  114          4.0028         16.0000         18.0000          1.0000         -2.8766
  115          4.0028         16.0000         19.0000          1.0000         -2.9407
  116          4.0028         16.0000         20.0000          1.0000         -3.1688
  118          4.0028         16.0000         18.0000          2.0000         -3.4262
  119          4.0028         16.0000         19.0000          2.0000         -3.4757
  120          4.0028         16.0000         20.0000          2.0000         -3.6732
  122          4.0028         16.0000         18.0000          3.0000         -4.0753
  123          4.0028         16.0000         19.0000          3.0000         -4.1196
  124          4.0028         16.0000         20.0000          3.0000         -4.2699
  126          4.0028         16.0000         18.0000          4.0000         -4.8447
  127          4.0028         16.0000         19.0000          4.0000         -4.8772
  128          4.0028         16.0000         20.0000          4.0000         -4.9912
  114          4.0028         16.0000         18.0000          1.0000         -2.8646
  115          4.0028         16.0000         19.0000          1.0000         -2.9283
  116          4.0028         16.0000         20.0000          1.0000         -3.1578
  118          4.0028         16.0000         18.0000          2.0000         -3.4147
  119          4.0028         16.0000         19.0000          2.0000         -3.4639
  120          4.0028         16.0000         20.0000          2.0000         -3.6626
  122          4.0028         16.0000         18.0000          3.0000         -4.0650
  123          4.0028         16.0000         19.0000          3.0000         -4.1092
  124          4.0028         16.0000         20.0000          3.0000         -4.2605
  126          4.0028         16.0000         18.0000          4.0000         -4.8365
  127          4.0028         16.0000         19.0000          4.0000         -4.8690
  128          4.0028         16.0000         20.0000          4.0000         -4.9836
  114          5.0004         16.0000         18.0000          1.0000         -2.8030
  115          5.0004         16.0000         19.0000          1.0000         -2.8680
  116          5.0004         16.0000         20.0000          1.0000         -3.0967
  118          5.0004         16.0000         18.0000          2.0000         -3.3356
  119          5.0004         16.0000         19.0000          2.0000         -3.3850
  120          5.0004         16.0000         20.0000          2.0000         -3.5820
  122          5.0004         16.0000         18.0000          3.0000         -3.9658
  123          5.0004         16.0000         19.0000          3.0000         -4.0093
  124          5.0004         16.0000         20.0000          3.0000         -4.1592
  126          5.0004         16.0000         18.0000          4.0000         -4.7158
  127          5.0004         16.0000         19.0000          4.0000         -4.7474
  128          5.0004         16.0000         20.0000          4.0000         -4.8612
  114          5.0004         16.0000         18.0000          1.0000         -2.7852
  115          5.0004         16.0000         19.0000          1.0000         -2.8497
  116          5.0004         16.0000         20.0000          1.0000         -3.0809
  118          5.0004         16.0000         18.0000          2.0000         -3.3198
  119          5.0004         16.0000         19.0000          2.0000         -3.3689
  120          5.0004         16.0000         20.0000          2.0000         -3.5680
  122          5.0004         16.0000         18.0000          3.0000         -3.9532
  123          5.0004         16.0000         19.0000          3.0000         -3.9965
  124          5.0004         16.0000         20.0000          3.0000         -4.1481
  126          5.0004         16.0000         18.0000          4.0000         -4.7075
  127          5.0004         16.0000         19.0000          4.0000         -4.7390
  128          5.0004         16.0000         20.0000          4.0000         -4.8539
  114          5.0004         16.0000         18.0000          1.0000         -2.7736
  115          5.0004         16.0000         19.0000          1.0000         -2.8378
  116          5.0004         16.0000         20.0000          1.0000         -3.0703
  118          5.0004         16.0000         18.0000          2.0000         -3.3086
  119          5.0004         16.0000         19.0000          2.0000         -3.3576
  120          5.0004         16.0000         20.0000          2.0000         -3.5578
  122          5.0004         16.0000         18.0000          3.0000         -3.9433
  123          5.0004         16.0000         19.0000          3.0000         -3.9865
  124          5.0004         16.0000         20.0000          3.0000         -4.1390
  126          5.0004         16.0000         18.0000          4.0000         -4.6996
  127          5.0004         16.0000         19.0000          4.0000         -4.7310
  128          5.0004         16.0000         20.0000          4.0000         -4.8467
  114          6.0017         16.0000         18.0000          1.0000         -3.5580
  115          6.0017         16.0000         19.0000          1.0000         -3.6248
  116          6.0017         16.0000         20.0000          1.0000         -3.8575
  118          6.0017         16.0000         18.0000          2.0000         -4.0733
  119          6.0017         16.0000         19.0000          2.0000         -4.1228
  120          6.0017         16.0000         20.0000          2.0000         -4.3212
  122          6.0017         16.0000         18.0000          3.0000         -4.6808
  123          6.0017         16.0000         19.0000          3.0000         -4.7235
  124          6.0017         16.0000         20.0000          3.0000         -4.8738
  126          6.0017         16.0000         18.0000          4.0000         -5.4035
  127          6.0017         16.0000         19.0000          4.0000         -5.4340
  128          6.0017         16.0000         20.0000          4.0000         -5.5475
  114          6.0017         16.0000         18.0000          1.0000         -3.5346
  115          6.0017         16.0000         19.0000          1.0000         -3.6009
  116          6.0017         16.0000         20.0000          1.0000         -3.8362
  118          6.0017         16.0000         18.0000          2.0000         -4.0520
  119          6.0017         16.0000         19.0000          2.0000         -4.1012
  120          6.0017         16.0000         20.0000          2.0000         -4.3017
  122          6.0017         16.0000         18.0000          3.0000         -4.6627
  123          6.0017         16.0000         19.0000          3.0000         -4.7051
  124          6.0017         16.0000         20.0000          3.0000         -4.8572
  126          6.0017         16.0000         18.0000          4.0000         -5.3896
  127          6.0017         16.0000         19.0000          4.0000         -5.4201
  128          6.0017         16.0000         20.0000          4.0000         -5.5348
  114          6.0017         16.0000         18.0000          1.0000         -3.5216
  115          6.0017         16.0000         19.0000          1.0000         -3.5875
  116          6.0017         16.0000         20.0000          1.0000         -3.8242
  118          6.0017         16.0000         18.0000          2.0000         -4.0395
  119          6.0017         16.0000         19.0000          2.0000         -4.0885
  120          6.0017         16.0000         20.0000          2.0000         -4.2903
  122          6.0017         16.0000         18.0000          3.0000         -4.6517
  123          6.0017         16.0000         19.0000          3.0000         -4.6940
  124          6.0017         16.0000         20.0000          3.0000         -4.8470
  126          6.0017         16.0000         18.0000          4.0000         -5.3809
  127          6.0017         16.0000         19.0000          4.0000         -5.4113
  128          6.0017         16.0000         20.0000          4.0000         -5.5268
  114          7.0101         16.0000         18.0000          1.0000         -3.4303
  115          7.0101         16.0000         19.0000          1.0000         -3.4950
  116          7.0101         16.0000         20.0000          1.0000         -3.7239
  118          7.0101         16.0000         18.0000          2.0000         -3.9189
  119          7.0101         16.0000         19.0000          2.0000         -3.9663
  120          7.0101         16.0000         20.0000          2.0000         -4.1610
  122          7.0101         16.0000         18.0000          3.0000         -4.4972
  123          7.0101         16.0000         19.0000          3.0000         -4.5375
  124          7.0101         16.0000         20.0000          3.0000         -4.6852
  126          7.0101         16.0000         18.0000          4.0000         -5.1880
  127          7.0101         16.0000         19.0000          4.0000         -5.2168
  128          7.0101         16.0000         20.0000          4.0000         -5.3284
  114          7.0101         16.0000         18.0000          1.0000         -3.4011
  115          7.0101         16.0000         19.0000          1.0000         -3.4652
  116          7.0101         16.0000         20.0000          1.0000         -3.6963
  118          7.0101         16.0000         18.0000          2.0000         -3.8906
  119          7.0101         16.0000         19.0000          2.0000         -3.9376
  120          7.0101         16.0000         20.0000          2.0000         -4.1341
  122          7.0101         16.0000         18.0000          3.0000         -4.4709
  123          7.0101         16.0000         19.0000          3.0000         -4.5109
  124          7.0101         16.0000         20.0000          3.0000         -4.6601
  126          7.0101         16.0000         18.0000          4.0000         -5.1648
  127          7.0101         16.0000         19.0000          4.0000         -5.1933
  128          7.0101         16.0000         20.0000          4.0000         -5.3061
  114          7.0101         16.0000         18.0000          1.0000         -3.3871
  115          7.0101         16.0000         19.0000          1.0000         -3.4508
  116          7.0101         16.0000         20.0000          1.0000         -3.6834
  118          7.0101         16.0000         18.0000          2.0000         -3.8772
  119          7.0101         16.0000         19.0000          2.0000         -3.9239
  120          7.0101         16.0000         20.0000          2.0000         -4.1218
  122          7.0101         16.0000         18.0000          3.0000         -4.4590
  123          7.0101         16.0000         19.0000          3.0000         -4.4989
  124          7.0101         16.0000         20.0000          3.0000         -4.6492
  126          7.0101         16.0000         18.0000          4.0000         -5.1553
  127          7.0101         16.0000         19.0000          4.0000         -5.1838
  128          7.0101         16.0000         20.0000          4.0000         -5.2974
  114          8.0019         16.0000         18.0000          1.0000         -0.9517
  115          8.0019         16.0000         19.0000          1.0000         -0.9928
  116          8.0019         16.0000         20.0000          1.0000         -1.0328
  118          8.0019         16.0000         18.0000          2.0000         -0.9765
  119          8.0019         16.0000         19.0000          2.0000         -1.0034
  120          8.0019         16.0000         20.0000          2.0000         -1.0328
  122          8.0019         16.0000         18.0000          3.0000         -0.9904
  123          8.0019         16.0000         19.0000          3.0000         -1.0115
  124          8.0019         16.0000         20.0000          3.0000         -1.0334
  126          8.0019         16.0000         18.0000          4.0000         -1.0165
  127          8.0019         16.0000         19.0000          4.0000         -1.0308
  128          8.0019         16.0000         20.0000          4.0000         -1.0441
  114          8.0019         16.0000         18.0000          1.0000         -0.9068
  115          8.0019         16.0000         19.0000          1.0000         -0.9469
  116          8.0019         16.0000         20.0000          1.0000         -0.9875
  118          8.0019         16.0000         18.0000          2.0000         -0.9301
  119          8.0019         16.0000         19.0000          2.0000         -0.9562
  120          8.0019         16.0000         20.0000          2.0000         -0.9863
  122          8.0019         16.0000         18.0000          3.0000         -0.9441
  123          8.0019         16.0000         19.0000          3.0000         -0.9645
  124          8.0019         16.0000         20.0000          3.0000         -0.9869
  126          8.0019         16.0000         18.0000          4.0000         -0.9712
  127          8.0019         16.0000         19.0000          4.0000         -0.9851
  128          8.0019         16.0000         20.0000          4.0000         -0.9989
  114          8.0019         16.0000         18.0000          1.0000         -0.8912
  115          8.0019         16.0000         19.0000          1.0000         -0.9308
  116          8.0019         16.0000         20.0000          1.0000         -0.9727
  118          8.0019         16.0000         18.0000          2.0000         -0.9153
  119          8.0019         16.0000         19.0000          2.0000         -0.9409
  120          8.0019         16.0000         20.0000          2.0000         -0.9722
  122          8.0019         16.0000         18.0000          3.0000         -0.9309
  123          8.0019         16.0000         19.0000          3.0000         -0.9510
  124          8.0019         16.0000         20.0000          3.0000         -0.9744
  126          8.0019         16.0000         18.0000          4.0000         -0.9606
  127          8.0019         16.0000         19.0000          4.0000         -0.9743
  128          8.0019         16.0000         20.0000          4.0000         -0.9889
  114          9.0076         16.0000         18.0000          1.0000         12.4225
  115          9.0076         16.0000         19.0000          1.0000         12.4597
  116          9.0076         16.0000         20.0000          1.0000         13.4333
  118          9.0076         16.0000         18.0000          2.0000         15.2838
  119          9.0076         16.0000         19.0000          2.0000         15.3693
  120          9.0076         16.0000         20.0000          2.0000         16.1854
  122          9.0076         16.0000         18.0000          3.0000         18.5490
  123          9.0076         16.0000         19.0000          3.0000         18.6226
  124          9.0076         16.0000         20.0000          3.0000         19.1428
  126          9.0076         16.0000         18.0000          4.0000         22.0752
  127          9.0076         16.0000         19.0000          4.0000         22.1090
  128          9.0076         16.0000         20.0000          4.0000         22.4531
  114          9.0076         16.0000         18.0000          1.0000         12.5309
  115          9.0076         16.0000         19.0000          1.0000         12.5698
  116          9.0076         16.0000         20.0000          1.0000         13.5429
  118          9.0076         16.0000         18.0000          2.0000         15.3991
  119          9.0076         16.0000         19.0000          2.0000         15.4863
  120          9.0076         16.0000         20.0000          2.0000         16.3013
  122          9.0076         16.0000         18.0000          3.0000         18.6670
  123          9.0076         16.0000         19.0000          3.0000         18.7419
  124          9.0076         16.0000         20.0000          3.0000         19.2600
  126          9.0076         16.0000         18.0000          4.0000         22.1914
  127          9.0076         16.0000         19.0000          4.0000         22.2258
  128          9.0076         16.0000         20.0000          4.0000         22.5676
  114          9.0076         16.0000         18.0000          1.0000         12.5595
  115          9.0076         16.0000         19.0000          1.0000         12.5990
  116          9.0076         16.0000         20.0000          1.0000         13.5700
  118          9.0076         16.0000         18.0000          2.0000         15.4273
  119          9.0076         16.0000         19.0000          2.0000         15.5150
  120          9.0076         16.0000         20.0000          2.0000         16.3280
  122          9.0076         16.0000         18.0000          3.0000         18.6927
  123          9.0076         16.0000         19.0000          3.0000         18.7680
  124          9.0076         16.0000         20.0000          3.0000         19.2842
  126          9.0076         16.0000         18.0000          4.0000         22.2124
  127          9.0076         16.0000         19.0000          4.0000         22.2471
  128          9.0076         16.0000         20.0000          4.0000         22.5873
  114         10.0019         16.0000         18.0000          1.0000         38.1836
  115         10.0019         16.0000         19.0000          1.0000         38.4486
  116         10.0019         16.0000         20.0000          1.0000         40.9897
  118         10.0019         16.0000         18.0000          2.0000         46.1065
  119         10.0019         16.0000         19.0000          2.0000         46.4777
  120         10.0019         16.0000         20.0000          2.0000         48.4570
  122         10.0019         16.0000         18.0000          3.0000         54.2655
  123         10.0019         16.0000         19.0000          3.0000         54.5444
  124         10.0019         16.0000         20.0000          3.0000         55.6417
  126         10.0019         16.0000         18.0000          4.0000         62.8606
  127         10.0019         16.0000         19.0000          4.0000         62.9942
  128         10.0019         16.0000         20.0000          4.0000         63.6325
  114         10.0019         16.0000         18.0000          1.0000         38.3102
  115         10.0019         16.0000         19.0000          1.0000         38.5817
  116         10.0019         16.0000         20.0000          1.0000         41.1195
  118         10.0019         16.0000         18.0000          2.0000         46.2327
  119         10.0019         16.0000         19.0000          2.0000         46.6104
  120         10.0019         16.0000         20.0000          2.0000         48.5871
  122         10.0019         16.0000         18.0000          3.0000         54.3855
  123         10.0019         16.0000         19.0000          3.0000         54.6704
  124         10.0019         16.0000         20.0000          3.0000         55.7655
  126         10.0019         16.0000         18.0000          4.0000         62.9692
  127         10.0019         16.0000         19.0000          4.0000         63.1081
  128         10.0019         16.0000         20.0000          4.0000         63.7449
  114         10.0019         16.0000         18.0000          1.0000         38.3422
  115         10.0019         16.0000         19.0000          1.0000         38.6145
  116         10.0019         16.0000         20.0000          1.0000         41.1502
  118         10.0019         16.0000         18.0000          2.0000         46.2645
  119         10.0019         16.0000         19.0000          2.0000         46.6427
  120         10.0019         16.0000         20.0000          2.0000         48.6174
  122         10.0019         16.0000         18.0000          3.0000         54.4148
  123         10.0019         16.0000         19.0000          3.0000         54.7001
  124         10.0019         16.0000         20.0000          3.0000         55.7933
  126         10.0019         16.0000         18.0000          4.0000         62.9937
  127         10.0019         16.0000         19.0000          4.0000         63.1329
  128         10.0019         16.0000         20.0000          4.0000         63.7681
  114         11.0003         16.0000         18.0000          1.0000         63.2746
  115         11.0003         16.0000         19.0000          1.0000         63.7133
  116         11.0003         16.0000         20.0000          1.0000         67.9943
  118         11.0003         16.0000         18.0000          2.0000         75.7329
  119         11.0003         16.0000         19.0000          2.0000         76.2536
  120         11.0003         16.0000         20.0000          2.0000         79.6586
  122         11.0003         16.0000         18.0000          3.0000         88.5352
  123         11.0003         16.0000         19.0000          3.0000         88.9101
  124         11.0003         16.0000         20.0000          3.0000         90.9876
  126         11.0003         16.0000         18.0000          4.0000        102.6206
  127         11.0003         16.0000         19.0000          4.0000        102.8158
  128         11.0003         16.0000         20.0000          4.0000        104.2061
  114         11.0003         16.0000         18.0000          1.0000         63.3809
  115         11.0003         16.0000         19.0000          1.0000         63.8215
  116         11.0003         16.0000         20.0000          1.0000         68.0950
  118         11.0003         16.0000         18.0000          2.0000         75.8323
  119         11.0003         16.0000         19.0000          2.0000         76.3542
  120         11.0003         16.0000         20.0000          2.0000         79.7532
  122         11.0003         16.0000         18.0000          3.0000         88.6238
  123         11.0003         16.0000         19.0000          3.0000         88.9994
  124         11.0003         16.0000         20.0000          3.0000         91.0722
  126         11.0003         16.0000         18.0000          4.0000        102.6955
  127         11.0003         16.0000         19.0000          4.0000        102.8911
  128         11.0003         16.0000         20.0000          4.0000        104.2780
  114         11.0003         16.0000         18.0000          1.0000         63.4078
  115         11.0003         16.0000         19.0000          1.0000         63.8489
  116         11.0003         16.0000         20.0000          1.0000         68.1200
  118         11.0003         16.0000         18.0000          2.0000         75.8580
  119         11.0003         16.0000         19.0000          2.0000         76.3804
  120         11.0003         16.0000         20.0000          2.0000         79.7771
  122         11.0003         16.0000         18.0000          3.0000         88.6468
  123         11.0003         16.0000         19.0000          3.0000         89.0227
  124         11.0003         16.0000         20.0000          3.0000         91.0936
  126         11.0003         16.0000         18.0000          4.0000        102.7141
  127         11.0003         16.0000         19.0000          4.0000        102.9099
  128         11.0003         16.0000         20.0000          4.0000        104.2953
  114         12.0013         16.0000         18.0000          1.0000        100.5467
  115         12.0013         16.0000         19.0000          1.0000        101.0011
  116         12.0013         16.0000         20.0000          1.0000        106.1964
  118         12.0013         16.0000         18.0000          2.0000        113.0590
  119         12.0013         16.0000         19.0000          2.0000        113.5285
  120         12.0013         16.0000         20.0000          2.0000        117.8374
  122         12.0013         16.0000         18.0000          3.0000        126.5385
  123         12.0013         16.0000         19.0000          3.0000        126.8300
  124         12.0013         16.0000         20.0000          3.0000        129.7061
  126         12.0013         16.0000         18.0000          4.0000        142.4272
  127         12.0013         16.0000         19.0000          4.0000        142.5394
  128         12.0013         16.0000         20.0000          4.0000        144.5942
  114         12.0013         16.0000         18.0000          1.0000        105.1590
  115         12.0013         16.0000         19.0000          1.0000        105.5446
  116         12.0013         16.0000         20.0000          1.0000        110.2947
  118         12.0013         16.0000         18.0000          2.0000        114.4508
  119         12.0013         16.0000         19.0000          2.0000        114.8354
  120         12.0013         16.0000         20.0000          2.0000        119.0966
  122         12.0013         16.0000         18.0000          3.0000        126.8786
  123         12.0013         16.0000         19.0000          3.0000        127.1346
  124         12.0013         16.0000         20.0000          3.0000        130.2389
  126         12.0013         16.0000         18.0000          4.0000        142.7249
  127         12.0013         16.0000         19.0000          4.0000        142.8218
  128         12.0013         16.0000         20.0000          4.0000        145.1473
  114         12.0013         16.0000         18.0000          1.0000        105.3904
  115         12.0013         16.0000         19.0000          1.0000        105.7764
  116         12.0013         16.0000         20.0000          1.0000        110.4521
  118         12.0013         16.0000         18.0000          2.0000        114.3860
  119         12.0013         16.0000         19.0000          2.0000        114.7694
  120         12.0013         16.0000         20.0000          2.0000        118.9993
  122         12.0013         16.0000         18.0000          3.0000        126.7210
  123         12.0013         16.0000         19.0000          3.0000        126.9791
  124         12.0013         16.0000         20.0000          3.0000        130.0765
  126         12.0013         16.0000         18.0000          4.0000        142.5596
  127         12.0013         16.0000         19.0000          4.0000        142.6589
  128         12.0013         16.0000         20.0000          4.0000        144.9829
  114         12.0013         16.0000         18.0000          1.0000        105.3935
  115         12.0013         16.0000         19.0000          1.0000        105.7795
  116         12.0013         16.0000         20.0000          1.0000        110.4555
  118         12.0013         16.0000         18.0000          2.0000        114.3975
  119         12.0013         16.0000         19.0000          2.0000        114.7812
  120         12.0013         16.0000         20.0000          2.0000        119.0123
  122         12.0013         16.0000         18.0000          3.0000        126.7380
  123         12.0013         16.0000         19.0000          3.0000        126.9962
  124         12.0013         16.0000         20.0000          3.0000        130.0935
  126         12.0013         16.0000         18.0000          4.0000        142.5767
  127         12.0013         16.0000         19.0000          4.0000        142.6759
  128         12.0013         16.0000         20.0000          4.0000        144.9994
  114         13.0030         16.0000         18.0000          1.0000         98.3132
  115         13.0030         16.0000         19.0000          1.0000         98.6553
  116         13.0030         16.0000         20.0000          1.0000        103.4370
  118         13.0030         16.0000         18.0000          2.0000        107.8460
  119         13.0030         16.0000         19.0000          2.0000        108.1368
  120         13.0030         16.0000         20.0000          2.0000        112.2943
  122         13.0030         16.0000         18.0000          3.0000        119.5104
  123         13.0030         16.0000         19.0000          3.0000        119.6842
  124         13.0030         16.0000         20.0000          3.0000        122.7493
  126         13.0030         16.0000         18.0000          4.0000        134.6827
  127         13.0030         16.0000         19.0000          4.0000        134.7197
  128         13.0030         16.0000         20.0000          4.0000        137.0320
  114         13.0030         16.0000         18.0000          1.0000         98.3686
  115         13.0030         16.0000         19.0000          1.0000         98.7119
  116         13.0030         16.0000         20.0000          1.0000        103.4827
  118         13.0030         16.0000         18.0000          2.0000        107.8879
  119         13.0030         16.0000         19.0000          2.0000        108.1792
  120         13.0030         16.0000         20.0000          2.0000        112.3283
  122         13.0030         16.0000         18.0000          3.0000        119.5367
  123         13.0030         16.0000         19.0000          3.0000        119.7107
  124         13.0030         16.0000         20.0000          3.0000        122.7700
  126         13.0030         16.0000         18.0000          4.0000        134.6926
  127         13.0030         16.0000         19.0000          4.0000        134.7296
  128         13.0030         16.0000         20.0000          4.0000        137.0381
  114         13.0030         16.0000         18.0000          1.0000         98.3890
  115         13.0030         16.0000         19.0000          1.0000         98.7327
  116         13.0030         16.0000         20.0000          1.0000        103.5012
  118         13.0030         16.0000         18.0000          2.0000        107.9070
  119         13.0030         16.0000         19.0000          2.0000        108.1985
  120         13.0030         16.0000         20.0000          2.0000        112.3458
  122         13.0030         16.0000         18.0000          3.0000        119.5534
  123         13.0030         16.0000         19.0000          3.0000        119.7276
  124         13.0030         16.0000         20.0000          3.0000        122.7854
  126         13.0030         16.0000         18.0000          4.0000        134.7060
  127         13.0030         16.0000         19.0000          4.0000        134.7431
  128         13.0030         16.0000         20.0000          4.0000        137.0504
  114         14.0008         16.0000         18.0000          1.0000        101.2314
  115         14.0008         16.0000         19.0000          1.0000        101.5232
  116         14.0008         16.0000         20.0000          1.0000        107.0140
  118         14.0008         16.0000         18.0000          2.0000        112.6501
  119         14.0008         16.0000         19.0000          2.0000        112.8859
  120         14.0008         16.0000         20.0000          2.0000        117.7155
  122         14.0008         16.0000         18.0000          3.0000        127.1342
  123         14.0008         16.0000         19.0000          3.0000        127.3008
  124         14.0008         16.0000         20.0000          3.0000        130.9605
  126         14.0008         16.0000         18.0000          4.0000        145.6248
  127         14.0008         16.0000         19.0000          4.0000        145.6905
  128         14.0008         16.0000         20.0000          4.0000        148.5304
  114         14.0008         16.0000         18.0000          1.0000        102.1673
  115         14.0008         16.0000         19.0000          1.0000        102.4654
  116         14.0008         16.0000         20.0000          1.0000        107.9613
  118         14.0008         16.0000         18.0000          2.0000        113.6278
  119         14.0008         16.0000         19.0000          2.0000        113.8698
  120         14.0008         16.0000         20.0000          2.0000        118.6922
  122         14.0008         16.0000         18.0000          3.0000        128.1213
  123         14.0008         16.0000         19.0000          3.0000        128.2938
  124         14.0008         16.0000         20.0000          3.0000        131.9412
  126         14.0008         16.0000         18.0000          4.0000        146.5967
  127         14.0008         16.0000         19.0000          4.0000        146.6669
  128         14.0008         16.0000         20.0000          4.0000        149.4931
  114         14.0008         16.0000         18.0000          1.0000        102.3153
  115         14.0008         16.0000         19.0000          1.0000        102.6162
  116         14.0008         16.0000         20.0000          1.0000        108.1029
  118         14.0008         16.0000         18.0000          2.0000        113.7709
  119         14.0008         16.0000         19.0000          2.0000        114.0148
  120         14.0008         16.0000         20.0000          2.0000        118.8280
  122         14.0008         16.0000         18.0000          3.0000        128.2511
  123         14.0008         16.0000         19.0000          3.0000        128.4250
  124         14.0008         16.0000         20.0000          3.0000        132.0640
  126         14.0008         16.0000         18.0000          4.0000        146.7050
  127         14.0008         16.0000         19.0000          4.0000        146.7759
  128         14.0008         16.0000         20.0000          4.0000        149.5949
  114         14.0008         16.0000         18.0000          1.0000        102.3394
  115         14.0008         16.0000         19.0000          1.0000        102.6409
  116         14.0008         16.0000         20.0000          1.0000        108.1253
  118         14.0008         16.0000         18.0000          2.0000        113.7927
  119         14.0008         16.0000         19.0000          2.0000        114.0369
  120         14.0008         16.0000         20.0000          2.0000        118.8485
  122         14.0008         16.0000         18.0000          3.0000        128.2707
  123         14.0008         16.0000         19.0000          3.0000        128.4447
  124         14.0008         16.0000         20.0000          3.0000        132.0825
  126         14.0008         16.0000         18.0000          4.0000        146.7217
  127         14.0008         16.0000         19.0000          4.0000        146.7927
  128         14.0008         16.0000         20.0000          4.0000        149.6108
  114         15.0009         16.0000         18.0000          1.0000        105.4306
  115         15.0009         16.0000         19.0000          1.0000        105.7278
  116         15.0009         16.0000         20.0000          1.0000        109.6243
  118         15.0009         16.0000         18.0000          2.0000        111.4305
  119         15.0009         16.0000         19.0000          2.0000        111.6555
  120         15.0009         16.0000         20.0000          2.0000        115.2763
  122         15.0009         16.0000         18.0000          3.0000        120.7137
  123         15.0009         16.0000         19.0000          3.0000        120.8470
  124         15.0009         16.0000         20.0000          3.0000        123.6552
  126         15.0009         16.0000         18.0000          4.0000        133.4101
  127         15.0009         16.0000         19.0000          4.0000        133.4254
  128         15.0009         16.0000         20.0000          4.0000        135.5787
  114         15.0009         16.0000         18.0000          1.0000        104.5916
  115         15.0009         16.0000         19.0000          1.0000        104.8859
  116         15.0009         16.0000         20.0000          1.0000        108.7436
  118         15.0009         16.0000         18.0000          2.0000        110.5061
  119         15.0009         16.0000         19.0000          2.0000        110.7266
  120         15.0009         16.0000         20.0000          2.0000        114.3270
  122         15.0009         16.0000         18.0000          3.0000        119.7250
  123         15.0009         16.0000         19.0000          3.0000        119.8536
  124         15.0009         16.0000         20.0000          3.0000        122.6536
  126         15.0009         16.0000         18.0000          4.0000        132.3754
  127         15.0009         16.0000         19.0000          4.0000        132.3871
  128         15.0009         16.0000         20.0000          4.0000        134.5390
  114         15.0009         16.0000         18.0000          1.0000        104.4694
  115         15.0009         16.0000         19.0000          1.0000        104.7614
  116         15.0009         16.0000         20.0000          1.0000        108.6251
  118         15.0009         16.0000         18.0000          2.0000        110.3877
  119         15.0009         16.0000         19.0000          2.0000        110.6067
  120         15.0009         16.0000         20.0000          2.0000        114.2142
  122         15.0009         16.0000         18.0000          3.0000        119.6193
  123         15.0009         16.0000         19.0000          3.0000        119.7468
  124         15.0009         16.0000         20.0000          3.0000        122.5536
  126         15.0009         16.0000         18.0000          4.0000        132.2904
  127         15.0009         16.0000         19.0000          4.0000        132.3013
  128         15.0009         16.0000         20.0000          4.0000        134.4595
  114         15.0022         16.0000         18.0000          1.0000        104.3353
  115         15.0022         16.0000         19.0000          1.0000        104.6250
  116         15.0022         16.0000         20.0000          1.0000        108.5014
  118         15.0022         16.0000         18.0000          2.0000        110.2637
  119         15.0022         16.0000         19.0000          2.0000        110.4815
  120         15.0022         16.0000         20.0000          2.0000        114.0987
  122         15.0022         16.0000         18.0000          3.0000        119.5085
  123         15.0022         16.0000         19.0000          3.0000        119.6353
  124         15.0022         16.0000         20.0000          3.0000        122.4493
  126         15.0022         16.0000         18.0000          4.0000        132.1995
  127         15.0022         16.0000         19.0000          4.0000        132.2101
  128         15.0022         16.0000         20.0000          4.0000        134.3734
  114         15.0022         16.0000         18.0000          1.0000        104.3993
  115         15.0022         16.0000         19.0000          1.0000        104.6904
  116         15.0022         16.0000         20.0000          1.0000        108.5577
  118         15.0022         16.0000         18.0000          2.0000        110.3176
  119         15.0022         16.0000         19.0000          2.0000        110.5360
  120         15.0022         16.0000         20.0000          2.0000        114.1461
  122         15.0022         16.0000         18.0000          3.0000        119.5501
  123         15.0022         16.0000         19.0000          3.0000        119.6772
  124         15.0022         16.0000         20.0000          3.0000        122.4861
  126         15.0022         16.0000         18.0000          4.0000        132.2271
  127         15.0022         16.0000         19.0000          4.0000        132.2378
  128         15.0022         16.0000         20.0000          4.0000        134.3976
  114         15.0022         16.0000         18.0000          1.0000        104.4245
  115         15.0022         16.0000         19.0000          1.0000        104.7159
  116         15.0022         16.0000         20.0000          1.0000        108.5803
  118         15.0022         16.0000         18.0000          2.0000        110.3406
  119         15.0022         16.0000         19.0000          2.0000        110.5593
  120         15.0022         16.0000         20.0000          2.0000        114.1670
  122         15.0022         16.0000         18.0000          3.0000        119.5701
  123         15.0022         16.0000         19.0000          3.0000        119.6973
  124         15.0022         16.0000         20.0000          3.0000        122.5044
  126         15.0022         16.0000         18.0000          4.0000        132.2427
  127         15.0022         16.0000         19.0000          4.0000        132.2536
  128         15.0022         16.0000         20.0000          4.0000        134.4120
  114         16.0012         16.0000         18.0000          1.0000        122.5403
  115         16.0012         16.0000         19.0000          1.0000        123.0486
  116         16.0012         16.0000         20.0000          1.0000        127.0618
  118         16.0012         16.0000         18.0000          2.0000        126.7713
  119         16.0012         16.0000         19.0000          2.0000        127.2255
  120         16.0012         16.0000         20.0000          2.0000        131.1352
  122         16.0012         16.0000         18.0000          3.0000        135.9358
  123         16.0012         16.0000         19.0000          3.0000        136.1634
  124         16.0012         16.0000         20.0000          3.0000        139.0062
  126         16.0012         16.0000         18.0000          4.0000        148.5260
  127         16.0012         16.0000         19.0000          4.0000        148.5675
  128         16.0012         16.0000         20.0000          4.0000        150.6511
  114         16.0012         16.0000         18.0000          1.0000        122.6149
  115         16.0012         16.0000         19.0000          1.0000        123.1256
  116         16.0012         16.0000         20.0000          1.0000        127.1285
  118         16.0012         16.0000         18.0000          2.0000        126.8365
  119         16.0012         16.0000         19.0000          2.0000        127.2925
  120         16.0012         16.0000         20.0000          2.0000        131.1939
  122         16.0012         16.0000         18.0000          3.0000        135.9869
  123         16.0012         16.0000         19.0000          3.0000        136.2160
  124         16.0012         16.0000         20.0000          3.0000        139.0531
  126         16.0012         16.0000         18.0000          4.0000        148.5610
  127         16.0012         16.0000         19.0000          4.0000        148.6038
  128         16.0012         16.0000         20.0000          4.0000        150.6835
  114         16.0012         16.0000         18.0000          1.0000        122.6375
  115         16.0012         16.0000         19.0000          1.0000        123.1487
  116         16.0012         16.0000         20.0000          1.0000        127.1493
  118         16.0012         16.0000         18.0000          2.0000        126.8579
  119         16.0012         16.0000         19.0000          2.0000        127.3141
  120         16.0012         16.0000         20.0000          2.0000        131.2136
  122         16.0012         16.0000         18.0000          3.0000        136.0058
  123         16.0012         16.0000         19.0000          3.0000        136.2351
  124         16.0012         16.0000         20.0000          3.0000        139.0705
  126         16.0012         16.0000         18.0000          4.0000        148.5761
  127         16.0012         16.0000         19.0000          4.0000        148.6191
  128         16.0012         16.0000         20.0000          4.0000        150.6975
  114         17.0023         16.0000         18.0000          1.0000         65.7918
  115         17.0023         16.0000         19.0000          1.0000         66.2712
  116         17.0023         16.0000         20.0000          1.0000         80.0870
  118         17.0023         16.0000         18.0000          2.0000         92.0159
  119         17.0023         16.0000         19.0000          2.0000         92.3991
  120         17.0023         16.0000         20.0000          2.0000         95.6613
  122         17.0023         16.0000         18.0000          3.0000        101.0431
  123         17.0023         16.0000         19.0000          3.0000        101.2470
  124         17.0023         16.0000         20.0000          3.0000        103.5441
  126         17.0023         16.0000         18.0000          4.0000        112.6188
  127         17.0023         16.0000         19.0000          4.0000        112.6921
  128         17.0023         16.0000         20.0000          4.0000        114.3935
  114         17.0023         16.0000         18.0000          1.0000         66.4623
  115         17.0023         16.0000         19.0000          1.0000         66.9471
  116         17.0023         16.0000         20.0000          1.0000         80.7707
  118         17.0023         16.0000         18.0000          2.0000         92.7264
  119         17.0023         16.0000         19.0000          2.0000         93.1148
  120         17.0023         16.0000         20.0000          2.0000         96.3710
  122         17.0023         16.0000         18.0000          3.0000        101.7590
  123         17.0023         16.0000         19.0000          3.0000        101.9681
  124         17.0023         16.0000         20.0000          3.0000        104.2557
  126         17.0023         16.0000         18.0000          4.0000        113.3209
  127         17.0023         16.0000         19.0000          4.0000        113.3983
  128         17.0023         16.0000         20.0000          4.0000        115.0896
  114         17.0023         16.0000         18.0000          1.0000         66.5703
  115         17.0023         16.0000         19.0000          1.0000         67.0571
  116         17.0023         16.0000         20.0000          1.0000         80.8759
  118         17.0023         16.0000         18.0000          2.0000         92.8346
  119         17.0023         16.0000         19.0000          2.0000         93.2244
  120         17.0023         16.0000         20.0000          2.0000         96.4735
  122         17.0023         16.0000         18.0000          3.0000        101.8571
  123         17.0023         16.0000         19.0000          3.0000        102.0671
  124         17.0023         16.0000         20.0000          3.0000        104.3484
  126         17.0023         16.0000         18.0000          4.0000        113.4026
  127         17.0023         16.0000         19.0000          4.0000        113.4806
  128         17.0023         16.0000         20.0000          4.0000        115.1664
  114         17.0023         16.0000         18.0000          1.0000         66.5869
  115         17.0023         16.0000         19.0000          1.0000         67.0741
  116         17.0023         16.0000         20.0000          1.0000         80.8916
  118         17.0023         16.0000         18.0000          2.0000         92.8501
  119         17.0023         16.0000         19.0000          2.0000         93.2402
  120         17.0023         16.0000         20.0000          2.0000         96.4881
  122         17.0023         16.0000         18.0000          3.0000        101.8711
  123         17.0023         16.0000         19.0000          3.0000        102.0813
  124         17.0023         16.0000         20.0000          3.0000        104.3617
  126         17.0023         16.0000         18.0000          4.0000        113.4147
  127         17.0023         16.0000         19.0000          4.0000        113.4927
  128         17.0023         16.0000         20.0000          4.0000        115.1779
  114         18.0008         16.0000         18.0000          1.0000         37.4458
  115         18.0008         16.0000         19.0000          1.0000         37.7783
  116         18.0008         16.0000         20.0000          1.0000         53.5664
  118         18.0008         16.0000         18.0000          2.0000         44.7448
  119         18.0008         16.0000         19.0000          2.0000         44.9730
  120         18.0008         16.0000         20.0000          2.0000         58.4737
  122         18.0008         16.0000         18.0000          3.0000         61.5118
  123         18.0008         16.0000         19.0000          3.0000         61.6109
  124         18.0008         16.0000         20.0000          3.0000         68.7743
  126         18.0008         16.0000         18.0000          4.0000         80.2595
  127         18.0008         16.0000         19.0000          4.0000         80.2750
  128         18.0008         16.0000         20.0000          4.0000         81.1858
  114         18.0008         16.0000         18.0000          1.0000         37.0379
  115         18.0008         16.0000         19.0000          1.0000         37.3685
  116         18.0008         16.0000         20.0000          1.0000         53.1205
  118         18.0008         16.0000         18.0000          2.0000         44.2961
  119         18.0008         16.0000         19.0000          2.0000         44.5214
  120         18.0008         16.0000         20.0000          2.0000         57.9983
  122         18.0008         16.0000         18.0000          3.0000         61.0244
  123         18.0008         16.0000         19.0000          3.0000         61.1206
  124         18.0008         16.0000         20.0000          3.0000         68.2750
  126         18.0008         16.0000         18.0000          4.0000         79.7483
  127         18.0008         16.0000         19.0000          4.0000         79.7615
  128         18.0008         16.0000         20.0000          4.0000         80.6744
  114         18.0008         16.0000         18.0000          1.0000         36.9773
  115         18.0008         16.0000         19.0000          1.0000         37.3067
  116         18.0008         16.0000         20.0000          1.0000         53.0591
  118         18.0008         16.0000         18.0000          2.0000         44.2363
  119         18.0008         16.0000         19.0000          2.0000         44.4608
  120         18.0008         16.0000         20.0000          2.0000         57.9391
  122         18.0008         16.0000         18.0000          3.0000         60.9680
  123         18.0008         16.0000         19.0000          3.0000         61.0636
  124         18.0008         16.0000         20.0000          3.0000         68.2204
  126         18.0008         16.0000         18.0000          4.0000         79.6994
  127         18.0008         16.0000         19.0000          4.0000         79.7123
  128         18.0008         16.0000         20.0000          4.0000         80.6279
  114         19.0009         16.0000         18.0000          1.0000         14.0357
  115         19.0009         16.0000         19.0000          1.0000         14.1451
  116         19.0009         16.0000         20.0000          1.0000         18.1829
  118         19.0009         16.0000         18.0000          2.0000         15.3201
  119         19.0009         16.0000         19.0000          2.0000         15.3814
  120         19.0009         16.0000         20.0000          2.0000         18.9038
  122         19.0009         16.0000         18.0000          3.0000         18.1073
  123         19.0009         16.0000         19.0000          3.0000         18.1176
  124         19.0009         16.0000         20.0000          3.0000         20.5352
  126         19.0009         16.0000         18.0000          4.0000         22.4635
  127         19.0009         16.0000         19.0000          4.0000         22.4496
  128         19.0009         16.0000         20.0000          4.0000         23.2541
  114         19.0009         16.0000         18.0000          1.0000         14.0838
  115         19.0009         16.0000         19.0000          1.0000         14.1940
  116         19.0009         16.0000         20.0000          1.0000         18.2196
  118         19.0009         16.0000         18.0000          2.0000         15.3584
  119         19.0009         16.0000         19.0000          2.0000         15.4199
  120         19.0009         16.0000         20.0000          2.0000         18.9329
  122         19.0009         16.0000         18.0000          3.0000         18.1341
  123         19.0009         16.0000         19.0000          3.0000         18.1445
  124         19.0009         16.0000         20.0000          3.0000         20.5548
  126         19.0009         16.0000         18.0000          4.0000         22.4758
  127         19.0009         16.0000         19.0000          4.0000         22.4619
  128         19.0009         16.0000         20.0000          4.0000         23.2619
  114         19.0009         16.0000         18.0000          1.0000         14.0904
  115         19.0009         16.0000         19.0000          1.0000         14.2006
  116         19.0009         16.0000         20.0000          1.0000         18.2256
  118         19.0009         16.0000         18.0000          2.0000         15.3650
  119         19.0009         16.0000         19.0000          2.0000         15.4266
  120         19.0009         16.0000         20.0000          2.0000         18.9391
  122         19.0009         16.0000         18.0000          3.0000         18.1402
  123         19.0009         16.0000         19.0000          3.0000         18.1507
  124         19.0009         16.0000         20.0000          3.0000         20.5605
  126         19.0009         16.0000         18.0000          4.0000         22.4810
  127         19.0009         16.0000         19.0000          4.0000         22.4671
  128         19.0009         16.0000         20.0000          4.0000         23.2667
  114         20.0012         16.0000         18.0000          1.0000          1.0677
  115         20.0012         16.0000         19.0000          1.0000          1.0770
  116         20.0012         16.0000         20.0000          1.0000          1.4605
  118         20.0012         16.0000         18.0000          2.0000          0.4797
  119         20.0012         16.0000         19.0000          2.0000          0.4702
  120         20.0012         16.0000         20.0000          2.0000          0.7679
  122         20.0012         16.0000         18.0000          3.0000         -0.0358
  123         20.0012         16.0000         19.0000          3.0000         -0.0629
  124         20.0012         16.0000         20.0000          3.0000          0.1117
  126         20.0012         16.0000         18.0000          4.0000         -0.5829
  127         20.0012         16.0000         19.0000          4.0000         -0.6124
  128         20.0012         16.0000         20.0000          4.0000         -0.6234
  114         20.0012         16.0000         18.0000          1.0000          1.1017
  115         20.0012         16.0000         19.0000          1.0000          1.1116
  116         20.0012         16.0000         20.0000          1.0000          1.4879
  118         20.0012         16.0000         18.0000          2.0000          0.5080
  119         20.0012         16.0000         19.0000          2.0000          0.4988
  120         20.0012         16.0000         20.0000          2.0000          0.7910
  122         20.0012         16.0000         18.0000          3.0000         -0.0131
  123         20.0012         16.0000         19.0000          3.0000         -0.0402
  124         20.0012         16.0000         20.0000          3.0000          0.1304
  126         20.0012         16.0000         18.0000          4.0000         -0.5712
  127         20.0012         16.0000         19.0000          4.0000         -0.6007
  128         20.0012         16.0000         20.0000          4.0000         -0.6139
  114         20.0012         16.0000         18.0000          1.0000          1.1052
  115         20.0012         16.0000         19.0000          1.0000          1.1151
  116         20.0012         16.0000         20.0000          1.0000          1.4911
  118         20.0012         16.0000         18.0000          2.0000          0.5112
  119         20.0012         16.0000         19.0000          2.0000          0.5020
  120         20.0012         16.0000         20.0000          2.0000          0.7940
  122         20.0012         16.0000         18.0000          3.0000         -0.0105
  123         20.0012         16.0000         19.0000          3.0000         -0.0376
  124         20.0012         16.0000         20.0000          3.0000          0.1328
  126         20.0012         16.0000         18.0000          4.0000         -0.5686
  127         20.0012         16.0000         19.0000          4.0000         -0.5980
  128         20.0012         16.0000         20.0000          4.0000         -0.6116
  114         21.0061         16.0000         18.0000          1.0000         -1.6412
  115         21.0061         16.0000         19.0000          1.0000         -1.6649
  116         21.0061         16.0000         20.0000          1.0000         -1.7665
  118         21.0061         16.0000         18.0000          2.0000         -2.5299
  119         21.0061         16.0000         19.0000          2.0000         -2.5644
  120         21.0061         16.0000         20.0000          2.0000         -2.6729
  122         21.0061         16.0000         18.0000          3.0000         -3.5533
  123         21.0061         16.0000         19.0000          3.0000         -3.6009
  124         21.0061         16.0000         20.0000          3.0000         -3.6957
  126         21.0061         16.0000         18.0000          4.0000         -4.8292
  127         21.0061         16.0000         19.0000          4.0000         -4.8713
  128         21.0061         16.0000         20.0000          4.0000         -4.9866
  114         21.0061         16.0000         18.0000          1.0000         -1.6073
  115         21.0061         16.0000         19.0000          1.0000         -1.6302
  116         21.0061         16.0000         20.0000          1.0000         -1.7382
  118         21.0061         16.0000         18.0000          2.0000         -2.5025
  119         21.0061         16.0000         19.0000          2.0000         -2.5367
  120         21.0061         16.0000         20.0000          2.0000         -2.6502
  122         21.0061         16.0000         18.0000          3.0000         -3.5342
  123         21.0061         16.0000         19.0000          3.0000         -3.5816
  124         21.0061         16.0000         20.0000          3.0000         -3.6800
  126         21.0061         16.0000         18.0000          4.0000         -4.8191
  127         21.0061         16.0000         19.0000          4.0000         -4.8612
  128         21.0061         16.0000         20.0000          4.0000         -4.9789
  114         21.0061         16.0000         18.0000          1.0000         -1.6029
  115         21.0061         16.0000         19.0000          1.0000         -1.6258
  116         21.0061         16.0000         20.0000          1.0000         -1.7343
  118         21.0061         16.0000         18.0000          2.0000         -2.4977
  119         21.0061         16.0000         19.0000          2.0000         -2.5318
  120         21.0061         16.0000         20.0000          2.0000         -2.6458
  122         21.0061         16.0000         18.0000          3.0000         -3.5294
  123         21.0061         16.0000         19.0000          3.0000         -3.5768
  124         21.0061         16.0000         20.0000          3.0000         -3.6757
  126         21.0061         16.0000         18.0000          4.0000         -4.8150
  127         21.0061         16.0000         19.0000          4.0000         -4.8570
  128         21.0061         16.0000         20.0000          4.0000         -4.9753
  114         22.0079         16.0000         18.0000          1.0000         -1.5128
  115         22.0079         16.0000         19.0000          1.0000         -1.5462
  116         22.0079         16.0000         20.0000          1.0000         -1.7110
  118         22.0079         16.0000         18.0000          2.0000         -2.2177
  119         22.0079         16.0000         19.0000          2.0000         -2.2550
  120         22.0079         16.0000         20.0000          2.0000         -2.4136
  122         22.0079         16.0000         18.0000          3.0000         -3.0588
  123         22.0079         16.0000         19.0000          3.0000         -3.1032
  124         22.0079         16.0000         20.0000          3.0000         -3.2286
  126         22.0079         16.0000         18.0000          4.0000         -4.0711
  127         22.0079         16.0000         19.0000          4.0000         -4.1083
  128         22.0079         16.0000         20.0000          4.0000         -4.2138
  114         22.0079         16.0000         18.0000          1.0000         -1.4879
  115         22.0079         16.0000         19.0000          1.0000         -1.5208
  116         22.0079         16.0000         20.0000          1.0000         -1.6890
  118         22.0079         16.0000         18.0000          2.0000         -2.1957
  119         22.0079         16.0000         19.0000          2.0000         -2.2326
  120         22.0079         16.0000         20.0000          2.0000         -2.3941
  122         22.0079         16.0000         18.0000          3.0000         -3.0409
  123         22.0079         16.0000         19.0000          3.0000         -3.0851
  124         22.0079         16.0000         20.0000          3.0000         -3.2127
  126         22.0079         16.0000         18.0000          4.0000         -4.0585
  127         22.0079         16.0000         19.0000          4.0000         -4.0957
  128         22.0079         16.0000         20.0000          4.0000         -4.2027
  114         22.0079         16.0000         18.0000          1.0000         -1.4794
  115         22.0079         16.0000         19.0000          1.0000         -1.5121
  116         22.0079         16.0000         20.0000          1.0000         -1.6811
  118         22.0079         16.0000         18.0000          2.0000         -2.1867
  119         22.0079         16.0000         19.0000          2.0000         -2.2235
  120         22.0079         16.0000         20.0000          2.0000         -2.3858
  122         22.0079         16.0000         18.0000          3.0000         -3.0325
  123         22.0079         16.0000         19.0000          3.0000         -3.0765
  124         22.0079         16.0000         20.0000          3.0000         -3.2049
  126         22.0079         16.0000         18.0000          4.0000         -4.0515
  127         22.0079         16.0000         19.0000          4.0000         -4.0886
  128         22.0079         16.0000         20.0000          4.0000         -4.1962
  114         23.0110         16.0000         18.0000          1.0000         -1.8951
  115         23.0110         16.0000         19.0000          1.0000         -1.9377
  116         23.0110         16.0000         20.0000          1.0000         -2.1221
  118         23.0110         16.0000         18.0000          2.0000         -2.5617
  119         23.0110         16.0000         19.0000          2.0000         -2.6036
  120         23.0110         16.0000         20.0000          2.0000         -2.7750
  122         23.0110         16.0000         18.0000          3.0000         -3.3506
  123         23.0110         16.0000         19.0000          3.0000         -3.3965
  124         23.0110         16.0000         20.0000          3.0000         -3.5291
  126         23.0110         16.0000         18.0000          4.0000         -4.2710
  127         23.0110         16.0000         19.0000          4.0000         -4.3083
  128         23.0110         16.0000         20.0000          4.0000         -4.4123
  114         23.0110         16.0000         18.0000          1.0000         -1.8772
  115         23.0110         16.0000         19.0000          1.0000         -1.9194
  116         23.0110         16.0000         20.0000          1.0000         -2.1061
  118         23.0110         16.0000         18.0000          2.0000         -2.5452
  119         23.0110         16.0000         19.0000          2.0000         -2.5868
  120         23.0110         16.0000         20.0000          2.0000         -2.7602
  122         23.0110         16.0000         18.0000          3.0000         -3.3368
  123         23.0110         16.0000         19.0000          3.0000         -3.3825
  124         23.0110         16.0000         20.0000          3.0000         -3.5167
  126         23.0110         16.0000         18.0000          4.0000         -4.2612
  127         23.0110         16.0000         19.0000          4.0000         -4.2983
  128         23.0110         16.0000         20.0000          4.0000         -4.4035
  114         23.0110         16.0000         18.0000          1.0000         -1.8659
  115         23.0110         16.0000         19.0000          1.0000         -1.9079
  116         23.0110         16.0000         20.0000          1.0000         -2.0958
  118         23.0110         16.0000         18.0000          2.0000         -2.5341
  119         23.0110         16.0000         19.0000          2.0000         -2.5755
  120         23.0110         16.0000         20.0000          2.0000         -2.7500
  122         23.0110         16.0000         18.0000          3.0000         -3.3267
  123         23.0110         16.0000         19.0000          3.0000         -3.3723
  124         23.0110         16.0000         20.0000          3.0000         -3.5075
  126         23.0110         16.0000         18.0000          4.0000         -4.2530
  127         23.0110         16.0000         19.0000          4.0000         -4.2901
  128         23.0110         16.0000         20.0000          4.0000         -4.3960
