  113          1.0142         16.0000         17.0000          1.0000          5.6016
  117          1.0142         16.0000         17.0000          2.0000          5.9142
  121          1.0142         16.0000         17.0000          3.0000          6.0984
  125          1.0142         16.0000         17.0000          4.0000          6.2270
  113          1.0142         16.0000         17.0000          1.0000          5.6013
  117          1.0142         16.0000         17.0000          2.0000          5.9132
  121          1.0142         16.0000         17.0000          3.0000          6.0963
  125          1.0142         16.0000         17.0000          4.0000          6.2238
  113          1.0142         16.0000         17.0000          1.0000          5.6042
  117          1.0142         16.0000         17.0000          2.0000          5.9161
  121          1.0142         16.0000         17.0000          3.0000          6.0989
  125          1.0142         16.0000         17.0000          4.0000          6.2259
  113          2.0138         16.0000         17.0000          1.0000          6.1936
  117          2.0138         16.0000         17.0000          2.0000          6.4586
  121          2.0138         16.0000         17.0000          3.0000          6.6030
  125          2.0138         16.0000         17.0000          4.0000          6.7607
  113          2.0138         16.0000         17.0000          1.0000          6.1964
  117          2.0138         16.0000         17.0000          2.0000          6.4606
  121          2.0138         16.0000         17.0000          3.0000          6.6040
  125          2.0138         16.0000         17.0000          4.0000          6.7606
  113          2.0138         16.0000         17.0000          1.0000          6.1993
  117          2.0138         16.0000         17.0000          2.0000          6.4635
  121          2.0138         16.0000         17.0000          3.0000          6.6066
  125          2.0138         16.0000         17.0000          4.0000          6.7627
  113          3.0126         16.0000         17.0000          1.0000          3.9123
  117          3.0126         16.0000         17.0000          2.0000          4.0841
  121          3.0126         16.0000         17.0000          3.0000          4.1486
  125          3.0126         16.0000         17.0000          4.0000          4.1218
  113          3.0126         16.0000         17.0000          1.0000          3.9125
  117          3.0126         16.0000         17.0000          2.0000          4.0837
  121          3.0126         16.0000         17.0000          3.0000          4.1473
  125          3.0126         16.0000         17.0000          4.0000          4.1195
  113          3.0126         16.0000         17.0000          1.0000          3.9155
  117          3.0126         16.0000         17.0000          2.0000          4.0866
  121          3.0126         16.0000         17.0000          3.0000          4.1499
  125          3.0126         16.0000         17.0000          4.0000          4.1215
  113          4.0028         16.0000         17.0000          1.0000          3.5284
  117          4.0028         16.0000         17.0000          2.0000          3.6504
  121          4.0028         16.0000         17.0000          3.0000          3.6746
  125          4.0028         16.0000         17.0000          4.0000          3.6111
  113          4.0028         16.0000         17.0000          1.0000          3.5283
  117          4.0028         16.0000         17.0000          2.0000          3.6497
  121          4.0028         16.0000         17.0000          3.0000          3.6730
  125          4.0028         16.0000         17.0000          4.0000          3.6085
  113          4.0028         16.0000         17.0000          1.0000          3.5312
  117          4.0028         16.0000         17.0000          2.0000          3.6524
  121          4.0028         16.0000         17.0000          3.0000          3.6755
  125          4.0028         16.0000         17.0000          4.0000          3.6105
  113          5.0004         16.0000         17.0000          1.0000          3.3802
  117          5.0004         16.0000         17.0000          2.0000          3.4563
  121          5.0004         16.0000         17.0000          3.0000          3.4415
  125          5.0004         16.0000         17.0000          4.0000          3.3400
  113          5.0004         16.0000         17.0000          1.0000          3.3787
  117          5.0004         16.0000         17.0000          2.0000          3.4542
  121          5.0004         16.0000         17.0000          3.0000          3.4385
  125          5.0004         16.0000         17.0000          4.0000          3.3361
  113          5.0004         16.0000         17.0000          1.0000          3.3814
  117          5.0004         16.0000         17.0000          2.0000          3.4568
  121          5.0004         16.0000         17.0000          3.0000          3.4408
  125          5.0004         16.0000         17.0000          4.0000          3.3379
  113          6.0017         16.0000         17.0000          1.0000          2.1285
  117          6.0017         16.0000         17.0000          2.0000          2.1716
  121          6.0017         16.0000         17.0000          3.0000          2.1384
  125          6.0017         16.0000         17.0000          4.0000          2.0285
  113          6.0017         16.0000         17.0000          1.0000          2.1290
  117          6.0017         16.0000         17.0000          2.0000          2.1715
  121          6.0017         16.0000         17.0000          3.0000          2.1377
  125          6.0017         16.0000         17.0000          4.0000          2.0269
  113          6.0017         16.0000         17.0000          1.0000          2.1317
  117          6.0017         16.0000         17.0000          2.0000          2.1742
  121          6.0017         16.0000         17.0000          3.0000          2.1401
  125          6.0017         16.0000         17.0000          4.0000          2.0288
  113          7.0101         16.0000         17.0000          1.0000          1.8967
  117          7.0101         16.0000         17.0000          2.0000          1.9111
  121          7.0101         16.0000         17.0000          3.0000          1.8555
  125          7.0101         16.0000         17.0000          4.0000          1.7259
  113          7.0101         16.0000         17.0000          1.0000          1.8985
  117          7.0101         16.0000         17.0000          2.0000          1.9126
  121          7.0101         16.0000         17.0000          3.0000          1.8565
  125          7.0101         16.0000         17.0000          4.0000          1.7262
  113          7.0101         16.0000         17.0000          1.0000          1.9016
  117          7.0101         16.0000         17.0000          2.0000          1.9156
  121          7.0101         16.0000         17.0000          3.0000          1.8591
  125          7.0101         16.0000         17.0000          4.0000          1.7283
  113          8.0019         16.0000         17.0000          1.0000          2.4126
  117          8.0019         16.0000         17.0000          2.0000          2.5089
  121          8.0019         16.0000         17.0000          3.0000          2.5489
  125          8.0019         16.0000         17.0000          4.0000          2.5279
  113          8.0019         16.0000         17.0000          1.0000          2.4243
  117          8.0019         16.0000         17.0000          2.0000          2.5212
  121          8.0019         16.0000         17.0000          3.0000          2.5614
  125          8.0019         16.0000         17.0000          4.0000          2.5400
  113          8.0019         16.0000         17.0000          1.0000          2.4302
  117          8.0019         16.0000         17.0000          2.0000          2.5271
  121          8.0019         16.0000         17.0000          3.0000          2.5667
  125          8.0019         16.0000         17.0000          4.0000          2.5445
  113          9.0076         16.0000         17.0000          1.0000          7.5516
  117          9.0076         16.0000         17.0000          2.0000          8.4681
  121          9.0076         16.0000         17.0000          3.0000          9.3464
  125          9.0076         16.0000         17.0000          4.0000         10.2520
  113          9.0076         16.0000         17.0000          1.0000          7.5836
  117          9.0076         16.0000         17.0000          2.0000          8.5022
  121          9.0076         16.0000         17.0000          3.0000          9.3809
  125          9.0076         16.0000         17.0000          4.0000         10.2855
  113          9.0076         16.0000         17.0000          1.0000          7.5922
  117          9.0076         16.0000         17.0000          2.0000          8.5110
  121          9.0076         16.0000         17.0000          3.0000          9.3892
  125          9.0076         16.0000         17.0000          4.0000         10.2927
  113         10.0019         16.0000         17.0000          1.0000         16.4287
  117         10.0019         16.0000         17.0000          2.0000         19.1583
  121         10.0019         16.0000         17.0000          3.0000         21.6740
  125         10.0019         16.0000         17.0000          4.0000         24.4993
  113         10.0019         16.0000         17.0000          1.0000         16.4698
  117         10.0019         16.0000         17.0000          2.0000         19.1998
  121         10.0019         16.0000         17.0000          3.0000         21.7133
  125         10.0019         16.0000         17.0000          4.0000         24.5348
  113         10.0019         16.0000         17.0000          1.0000         16.4796
  117         10.0019         16.0000         17.0000          2.0000         19.2100
  121         10.0019         16.0000         17.0000          3.0000         21.7231
  125         10.0019         16.0000         17.0000          4.0000         24.5435
  113         11.0003         16.0000         17.0000          1.0000         24.2874
  117         11.0003         16.0000         17.0000          2.0000         29.0365
  121         11.0003         16.0000         17.0000          3.0000         33.3877
  125         11.0003         16.0000         17.0000          4.0000         38.4786
  113         11.0003         16.0000         17.0000          1.0000         24.3209
  117         11.0003         16.0000         17.0000          2.0000         29.0683
  121         11.0003         16.0000         17.0000          3.0000         33.4160
  125         11.0003         16.0000         17.0000          4.0000         38.5023
  113         11.0003         16.0000         17.0000          1.0000         24.3289
  117         11.0003         16.0000         17.0000          2.0000         29.0764
  121         11.0003         16.0000         17.0000          3.0000         33.4236
  125         11.0003         16.0000         17.0000          4.0000         38.5090
  113         12.0013         16.0000         17.0000          1.0000         50.3915
  117         12.0013         16.0000         17.0000          2.0000         55.9220
  121         12.0013         16.0000         17.0000          3.0000         61.0657
  125         12.0013         16.0000         17.0000          4.0000         67.7401
  113         12.0013         16.0000         17.0000          1.0000         52.3703
  117         12.0013         16.0000         17.0000          2.0000         56.4281
  121         12.0013         16.0000         17.0000          3.0000         61.1285
  125         12.0013         16.0000         17.0000          4.0000         67.7569
  113         12.0013         16.0000         17.0000          1.0000         52.4736
  117         12.0013         16.0000         17.0000          2.0000         56.4610
  121         12.0013         16.0000         17.0000          3.0000         61.1425
  125         12.0013         16.0000         17.0000          4.0000         67.7715
  113         12.0013         16.0000         17.0000          1.0000         52.4713
  117         12.0013         16.0000         17.0000          2.0000         56.4570
  121         12.0013         16.0000         17.0000          3.0000         61.1384
  125         12.0013         16.0000         17.0000          4.0000         67.7673
  113         13.0030         16.0000         17.0000          1.0000         49.9114
  117         13.0030         16.0000         17.0000          2.0000         54.6661
  121         13.0030         16.0000         17.0000          3.0000         59.4948
  125         13.0030         16.0000         17.0000          4.0000         66.3148
  113         13.0030         16.0000         17.0000          1.0000         49.9224
  117         13.0030         16.0000         17.0000          2.0000         54.6738
  121         13.0030         16.0000         17.0000          3.0000         59.4983
  125         13.0030         16.0000         17.0000          4.0000         66.3142
  113         13.0030         16.0000         17.0000          1.0000         49.9281
  117         13.0030         16.0000         17.0000          2.0000         54.6794
  121         13.0030         16.0000         17.0000          3.0000         59.5035
  125         13.0030         16.0000         17.0000          4.0000         66.3185
  113         14.0008         16.0000         17.0000          1.0000         56.3623
  117         14.0008         16.0000         17.0000          2.0000         62.2786
  121         14.0008         16.0000         17.0000          3.0000         68.6810
  125         14.0008         16.0000         17.0000          4.0000         77.3093
  113         14.0008         16.0000         17.0000          1.0000         56.8258
  117         14.0008         16.0000         17.0000          2.0000         62.7453
  121         14.0008         16.0000         17.0000          3.0000         69.1310
  125         14.0008         16.0000         17.0000          4.0000         77.7303
  113         14.0008         16.0000         17.0000          1.0000         56.8875
  117         14.0008         16.0000         17.0000          2.0000         62.8073
  121         14.0008         16.0000         17.0000          3.0000         69.1894
  125         14.0008         16.0000         17.0000          4.0000         77.7819
  113         14.0008         16.0000         17.0000          1.0000         56.8976
  117         14.0008         16.0000         17.0000          2.0000         62.8169
  121         14.0008         16.0000         17.0000          3.0000         69.1983
  125         14.0008         16.0000         17.0000          4.0000         77.7896
  113         15.0009         16.0000         17.0000          1.0000         55.8792
  117         15.0009         16.0000         17.0000          2.0000         58.9605
  121         15.0009         16.0000         17.0000          3.0000         62.7906
  125         15.0009         16.0000         17.0000          4.0000         68.5651
  113         15.0009         16.0000         17.0000          1.0000         55.4552
  117         15.0009         16.0000         17.0000          2.0000         58.5128
  121         15.0009         16.0000         17.0000          3.0000         62.3300
  125         15.0009         16.0000         17.0000          4.0000         68.1000
  113         15.0009         16.0000         17.0000          1.0000         55.3990
  117         15.0009         16.0000         17.0000          2.0000         58.4562
  121         15.0009         16.0000         17.0000          3.0000         62.2767
  125         15.0009         16.0000         17.0000          4.0000         68.0535
  113         15.0022         16.0000         17.0000          1.0000         55.3693
  117         15.0022         16.0000         17.0000          2.0000         58.4269
  121         15.0022         16.0000         17.0000          3.0000         62.2503
  125         15.0022         16.0000         17.0000          4.0000         68.0358
  113         15.0022         16.0000         17.0000          1.0000         55.3862
  117         15.0022         16.0000         17.0000          2.0000         58.4417
  121         15.0022         16.0000         17.0000          3.0000         62.2621
  125         15.0022         16.0000         17.0000          4.0000         68.0441
  113         15.0022         16.0000         17.0000          1.0000         55.3932
  117         15.0022         16.0000         17.0000          2.0000         58.4485
  121         15.0022         16.0000         17.0000          3.0000         62.2682
  125         15.0022         16.0000         17.0000          4.0000         68.0491
  113         16.0012         16.0000         17.0000          1.0000         79.7743
  117         16.0012         16.0000         17.0000          2.0000         82.4709
  121         16.0012         16.0000         17.0000          3.0000         86.8040
  125         16.0012         16.0000         17.0000          4.0000         93.6114
  113         16.0012         16.0000         17.0000          1.0000         79.7935
  117         16.0012         16.0000         17.0000          2.0000         82.4884
  121         16.0012         16.0000         17.0000          3.0000         86.8178
  125         16.0012         16.0000         17.0000          4.0000         93.6208
  113         16.0012         16.0000         17.0000          1.0000         79.8007
  117         16.0012         16.0000         17.0000          2.0000         82.4957
  121         16.0012         16.0000         17.0000          3.0000         86.8245
  125         16.0012         16.0000         17.0000          4.0000         93.6265
  113         17.0023         16.0000         17.0000          1.0000         50.6419
  117         17.0023         16.0000         17.0000          2.0000         69.7331
  121         17.0023         16.0000         17.0000          3.0000         74.3681
  125         17.0023         16.0000         17.0000          4.0000         81.1170
  113         17.0023         16.0000         17.0000          1.0000         50.9719
  117         17.0023         16.0000         17.0000          2.0000         70.0758
  121         17.0023         16.0000         17.0000          3.0000         74.7021
  125         17.0023         16.0000         17.0000          4.0000         81.4330
  113         17.0023         16.0000         17.0000          1.0000         51.0179
  117         17.0023         16.0000         17.0000          2.0000         70.1241
  121         17.0023         16.0000         17.0000          3.0000         74.7474
  125         17.0023         16.0000         17.0000          4.0000         81.4727
  113         17.0023         16.0000         17.0000          1.0000         51.0250
  117         17.0023         16.0000         17.0000          2.0000         70.1313
  121         17.0023         16.0000         17.0000          3.0000         74.7540
  125         17.0023         16.0000         17.0000          4.0000         81.4785
  113         18.0008         16.0000         17.0000          1.0000         38.1151
  117         18.0008         16.0000         17.0000          2.0000         45.0258
  121         18.0008         16.0000         17.0000          3.0000         57.2729
  125         18.0008         16.0000         17.0000          4.0000         71.6510
  113         18.0008         16.0000         17.0000          1.0000         37.8799
  117         18.0008         16.0000         17.0000          2.0000         44.7820
  121         18.0008         16.0000         17.0000          3.0000         57.0237
  125         18.0008         16.0000         17.0000          4.0000         71.4026
  113         18.0008         16.0000         17.0000          1.0000         37.8511
  117         18.0008         16.0000         17.0000          2.0000         44.7526
  121         18.0008         16.0000         17.0000          3.0000         56.9950
  125         18.0008         16.0000         17.0000          4.0000         71.3765
  113         19.0009         16.0000         17.0000          1.0000         28.6515
  117         19.0009         16.0000         17.0000          2.0000         32.1039
  121         19.0009         16.0000         17.0000          3.0000         36.1573
  125         19.0009         16.0000         17.0000          4.0000         42.1922
  113         19.0009         16.0000         17.0000          1.0000         28.6586
  117         19.0009         16.0000         17.0000          2.0000         32.1086
  121         19.0009         16.0000         17.0000          3.0000         36.1592
  125         19.0009         16.0000         17.0000          4.0000         42.1903
  113         19.0009         16.0000         17.0000          1.0000         28.6608
  117         19.0009         16.0000         17.0000          2.0000         32.1109
  121         19.0009         16.0000         17.0000          3.0000         36.1614
  125         19.0009         16.0000         17.0000          4.0000         42.1922
  113         20.0012         16.0000         17.0000          1.0000         16.4758
  117         20.0012         16.0000         17.0000          2.0000         18.0677
  121         20.0012         16.0000         17.0000          3.0000         19.5718
  125         20.0012         16.0000         17.0000          4.0000         21.5598
  113         20.0012         16.0000         17.0000          1.0000         16.4774
  117         20.0012         16.0000         17.0000          2.0000         18.0672
  121         20.0012         16.0000         17.0000          3.0000         19.5687
  125         20.0012         16.0000         17.0000          4.0000         21.5538
  113         20.0012         16.0000         17.0000          1.0000         16.4790
  117         20.0012         16.0000         17.0000          2.0000         18.0689
  121         20.0012         16.0000         17.0000          3.0000         19.5702
  125         20.0012         16.0000         17.0000          4.0000         21.5551
  113         21.0061         16.0000         17.0000          1.0000         14.0386
  117         21.0061         16.0000         17.0000          2.0000         15.1770
  121         21.0061         16.0000         17.0000          3.0000         16.1499
  125         21.0061         16.0000         17.0000          4.0000         17.4698
  113         21.0061         16.0000         17.0000          1.0000         14.0404
  117         21.0061         16.0000         17.0000          2.0000         15.1772
  121         21.0061         16.0000         17.0000          3.0000         16.1480
  125         21.0061         16.0000         17.0000          4.0000         17.4657
  113         21.0061         16.0000         17.0000          1.0000         14.0422
  117         21.0061         16.0000         17.0000          2.0000         15.1790
  121         21.0061         16.0000         17.0000          3.0000         16.1497
  125         21.0061         16.0000         17.0000          4.0000         17.4672
  113         22.0079         16.0000         17.0000          1.0000          8.8712
  117         22.0079         16.0000         17.0000          2.0000          9.5231
  121         22.0079         16.0000         17.0000          3.0000         10.0112
  125         22.0079         16.0000         17.0000          4.0000         10.4882
  113         22.0079         16.0000         17.0000          1.0000          8.8745
  117         22.0079         16.0000         17.0000          2.0000          9.5255
  121         22.0079         16.0000         17.0000          3.0000         10.0123
  125         22.0079         16.0000         17.0000          4.0000         10.4879
  113         22.0079         16.0000         17.0000          1.0000          8.8778
  117         22.0079         16.0000         17.0000          2.0000          9.5288
  121         22.0079         16.0000         17.0000          3.0000         10.0152
  125         22.0079         16.0000         17.0000          4.0000         10.4902
  113         23.0110         16.0000         17.0000          1.0000          6.4312
  117         23.0110         16.0000         17.0000          2.0000          6.8982
  121         23.0110         16.0000         17.0000          3.0000          7.2135
  125         23.0110         16.0000         17.0000          4.0000          7.4302
  113         23.0110         16.0000         17.0000          1.0000          6.4319
  117         23.0110         16.0000         17.0000          2.0000          6.8981
  121         23.0110         16.0000         17.0000          3.0000          7.2124
  125         23.0110         16.0000         17.0000          4.0000          7.4280
  113         23.0110         16.0000         17.0000          1.0000          6.4353
  117         23.0110         16.0000         17.0000          2.0000          6.9014
  121         23.0110         16.0000         17.0000          3.0000          7.2154
  125         23.0110         16.0000         17.0000          4.0000          7.4303
