   81          1.0142         21.0000         17.0000          1.0000          5.2354
   85          1.0142         21.0000         17.0000          2.0000          5.9182
   89          1.0142         21.0000         17.0000          3.0000          6.0250
   93          1.0142         21.0000         17.0000          4.0000          5.9781
   81          1.0142         21.0000         17.0000          1.0000          5.2371
   85          1.0142         21.0000         17.0000          2.0000          5.9189
   89          1.0142         21.0000         17.0000          3.0000          6.0245
   93          1.0142         21.0000         17.0000          4.0000          5.9765
   81          1.0142         21.0000         17.0000          1.0000          5.2398
   85          1.0142         21.0000         17.0000          2.0000          5.9216
   89          1.0142         21.0000         17.0000          3.0000          6.0269
   93          1.0142         21.0000         17.0000          4.0000          5.9784
   81          2.0138         21.0000         17.0000          1.0000          6.2441
   85          2.0138         21.0000         17.0000          2.0000          6.9072
   89          2.0138         21.0000         17.0000          3.0000          6.9742
   93          2.0138         21.0000         17.0000          4.0000          6.9251
   81          2.0138         21.0000         17.0000          1.0000          6.2499
   85          2.0138         21.0000         17.0000          2.0000          6.9118
   89          2.0138         21.0000         17.0000          3.0000          6.9774
   93          2.0138         21.0000         17.0000          4.0000          6.9269
   81          2.0138         21.0000         17.0000          1.0000          6.2526
   85          2.0138         21.0000         17.0000          2.0000          6.9145
   89          2.0138         21.0000         17.0000          3.0000          6.9799
   93          2.0138         21.0000         17.0000          4.0000          6.9290
   81          3.0126         21.0000         17.0000          1.0000          3.0640
   85          3.0126         21.0000         17.0000          2.0000          3.4798
   89          3.0126         21.0000         17.0000          3.0000          3.4779
   93          3.0126         21.0000         17.0000          4.0000          3.2933
   81          3.0126         21.0000         17.0000          1.0000          3.0645
   85          3.0126         21.0000         17.0000          2.0000          3.4795
   89          3.0126         21.0000         17.0000          3.0000          3.4768
   93          3.0126         21.0000         17.0000          4.0000          3.2914
   81          3.0126         21.0000         17.0000          1.0000          3.0673
   85          3.0126         21.0000         17.0000          2.0000          3.4823
   89          3.0126         21.0000         17.0000          3.0000          3.4792
   93          3.0126         21.0000         17.0000          4.0000          3.2933
   81          4.0028         21.0000         17.0000          1.0000          2.7742
   85          4.0028         21.0000         17.0000          2.0000          3.1214
   89          4.0028         21.0000         17.0000          3.0000          3.0880
   93          4.0028         21.0000         17.0000          4.0000          2.8846
   81          4.0028         21.0000         17.0000          1.0000          2.7745
   85          4.0028         21.0000         17.0000          2.0000          3.1209
   89          4.0028         21.0000         17.0000          3.0000          3.0868
   93          4.0028         21.0000         17.0000          4.0000          2.8825
   81          4.0028         21.0000         17.0000          1.0000          2.7771
   85          4.0028         21.0000         17.0000          2.0000          3.1235
   89          4.0028         21.0000         17.0000          3.0000          3.0891
   93          4.0028         21.0000         17.0000          4.0000          2.8843
   81          5.0004         21.0000         17.0000          1.0000          2.6921
   85          5.0004         21.0000         17.0000          2.0000          2.9785
   89          5.0004         21.0000         17.0000          3.0000          2.9132
   93          5.0004         21.0000         17.0000          4.0000          2.6859
   81          5.0004         21.0000         17.0000          1.0000          2.6911
   85          5.0004         21.0000         17.0000          2.0000          2.9767
   89          5.0004         21.0000         17.0000          3.0000          2.9106
   93          5.0004         21.0000         17.0000          4.0000          2.6825
   81          5.0004         21.0000         17.0000          1.0000          2.6936
   85          5.0004         21.0000         17.0000          2.0000          2.9791
   89          5.0004         21.0000         17.0000          3.0000          2.9127
   93          5.0004         21.0000         17.0000          4.0000          2.6842
   81          6.0017         21.0000         17.0000          1.0000          1.5617
   85          6.0017         21.0000         17.0000          2.0000          1.7784
   89          6.0017         21.0000         17.0000          3.0000          1.7055
   93          6.0017         21.0000         17.0000          4.0000          1.4959
   81          6.0017         21.0000         17.0000          1.0000          1.5625
   85          6.0017         21.0000         17.0000          2.0000          1.7786
   89          6.0017         21.0000         17.0000          3.0000          1.7050
   93          6.0017         21.0000         17.0000          4.0000          1.4947
   81          6.0017         21.0000         17.0000          1.0000          1.5650
   85          6.0017         21.0000         17.0000          2.0000          1.7811
   89          6.0017         21.0000         17.0000          3.0000          1.7071
   93          6.0017         21.0000         17.0000          4.0000          1.4964
   81          7.0101         21.0000         17.0000          1.0000          1.3853
   85          7.0101         21.0000         17.0000          2.0000          1.5586
   89          7.0101         21.0000         17.0000          3.0000          1.4689
   93          7.0101         21.0000         17.0000          4.0000          1.2523
   81          7.0101         21.0000         17.0000          1.0000          1.3873
   85          7.0101         21.0000         17.0000          2.0000          1.5601
   89          7.0101         21.0000         17.0000          3.0000          1.4700
   93          7.0101         21.0000         17.0000          4.0000          1.2528
   81          7.0101         21.0000         17.0000          1.0000          1.3901
   85          7.0101         21.0000         17.0000          2.0000          1.5630
   89          7.0101         21.0000         17.0000          3.0000          1.4725
   93          7.0101         21.0000         17.0000          4.0000          1.2548
   81          8.0019         21.0000         17.0000          1.0000          1.9025
   85          8.0019         21.0000         17.0000          2.0000          2.1543
   89          8.0019         21.0000         17.0000          3.0000          2.1561
   93          8.0019         21.0000         17.0000          4.0000          2.0391
   81          8.0019         21.0000         17.0000          1.0000          1.9129
   85          8.0019         21.0000         17.0000          2.0000          2.1653
   89          8.0019         21.0000         17.0000          3.0000          2.1672
   93          8.0019         21.0000         17.0000          4.0000          2.0499
   81          8.0019         21.0000         17.0000          1.0000          1.9183
   85          8.0019         21.0000         17.0000          2.0000          2.1707
   89          8.0019         21.0000         17.0000          3.0000          2.1721
   93          8.0019         21.0000         17.0000          4.0000          2.0540
   81          9.0076         21.0000         17.0000          1.0000          5.4965
   85          9.0076         21.0000         17.0000          2.0000          6.4247
   89          9.0076         21.0000         17.0000          3.0000         11.5043
   93          9.0076         21.0000         17.0000          4.0000         17.0767
   81          9.0076         21.0000         17.0000          1.0000          5.5228
   85          9.0076         21.0000         17.0000          2.0000          6.4531
   89          9.0076         21.0000         17.0000          3.0000         11.5485
   93          9.0076         21.0000         17.0000          4.0000         17.1375
   81          9.0076         21.0000         17.0000          1.0000          5.5313
   85          9.0076         21.0000         17.0000          2.0000          6.4618
   89          9.0076         21.0000         17.0000          3.0000         11.5573
   93          9.0076         21.0000         17.0000          4.0000         17.1451
   81         10.0019         21.0000         17.0000          1.0000         12.0389
   85         10.0019         21.0000         17.0000          2.0000         35.5743
   89         10.0019         21.0000         17.0000          3.0000         40.0048
   93         10.0019         21.0000         17.0000          4.0000         45.3787
   81         10.0019         21.0000         17.0000          1.0000         12.0727
   85         10.0019         21.0000         17.0000          2.0000         35.6176
   89         10.0019         21.0000         17.0000          3.0000         40.0483
   93         10.0019         21.0000         17.0000          4.0000         45.4207
   81         10.0019         21.0000         17.0000          1.0000         12.0817
   85         10.0019         21.0000         17.0000          2.0000         35.6292
   89         10.0019         21.0000         17.0000          3.0000         40.0592
   93         10.0019         21.0000         17.0000          4.0000         45.4302
   81         11.0003         21.0000         17.0000          1.0000         37.5168
   85         11.0003         21.0000         17.0000          2.0000         48.6730
   89         11.0003         21.0000         17.0000          3.0000         53.9206
   93         11.0003         21.0000         17.0000          4.0000         61.1683
   81         11.0003         21.0000         17.0000          1.0000         37.5483
   85         11.0003         21.0000         17.0000          2.0000         48.7052
   89         11.0003         21.0000         17.0000          3.0000         53.9493
   93         11.0003         21.0000         17.0000          4.0000         61.1926
   81         11.0003         21.0000         17.0000          1.0000         37.5564
   85         11.0003         21.0000         17.0000          2.0000         48.7136
   89         11.0003         21.0000         17.0000          3.0000         53.9571
   93         11.0003         21.0000         17.0000          4.0000         61.1993
   81         12.0013         21.0000         17.0000          1.0000         35.3180
   85         12.0013         21.0000         17.0000          2.0000         43.9688
   89         12.0013         21.0000         17.0000          3.0000         49.4930
   93         12.0013         21.0000         17.0000          4.0000         56.9136
   81         12.0013         21.0000         17.0000          1.0000         33.6565
   85         12.0013         21.0000         17.0000          2.0000         43.6315
   89         12.0013         21.0000         17.0000          3.0000         49.5562
   93         12.0013         21.0000         17.0000          4.0000         57.0205
   81         12.0013         21.0000         17.0000          1.0000         33.5564
   85         12.0013         21.0000         17.0000          2.0000         43.5962
   89         12.0013         21.0000         17.0000          3.0000         49.5424
   93         12.0013         21.0000         17.0000          4.0000         57.0050
   81         12.0013         21.0000         17.0000          1.0000         33.5623
   85         12.0013         21.0000         17.0000          2.0000         43.6031
   89         12.0013         21.0000         17.0000          3.0000         49.5489
   93         12.0013         21.0000         17.0000          4.0000         57.0111
   81         13.0030         21.0000         17.0000          1.0000         43.5020
   85         13.0030         21.0000         17.0000          2.0000         52.7897
   89         13.0030         21.0000         17.0000          3.0000         58.4202
   93         13.0030         21.0000         17.0000          4.0000         66.4353
   81         13.0030         21.0000         17.0000          1.0000         43.5133
   85         13.0030         21.0000         17.0000          2.0000         52.7970
   89         13.0030         21.0000         17.0000          3.0000         58.4234
   93         13.0030         21.0000         17.0000          4.0000         66.4345
   81         13.0030         21.0000         17.0000          1.0000         43.5190
   85         13.0030         21.0000         17.0000          2.0000         52.8026
   89         13.0030         21.0000         17.0000          3.0000         58.4286
   93         13.0030         21.0000         17.0000          4.0000         66.4389
   81         14.0008         21.0000         17.0000          1.0000         52.8745
   85         14.0008         21.0000         17.0000          2.0000         63.4098
   89         14.0008         21.0000         17.0000          3.0000         70.9201
   93         14.0008         21.0000         17.0000          4.0000         81.0891
   81         14.0008         21.0000         17.0000          1.0000         53.3397
   85         14.0008         21.0000         17.0000          2.0000         63.8818
   89         14.0008         21.0000         17.0000          3.0000         71.3736
   93         14.0008         21.0000         17.0000          4.0000         81.5109
   81         14.0008         21.0000         17.0000          1.0000         53.4008
   85         14.0008         21.0000         17.0000          2.0000         63.9436
   89         14.0008         21.0000         17.0000          3.0000         71.4318
   93         14.0008         21.0000         17.0000          4.0000         81.5624
   81         14.0008         21.0000         17.0000          1.0000         53.4110
   85         14.0008         21.0000         17.0000          2.0000         63.9534
   89         14.0008         21.0000         17.0000          3.0000         71.4407
   93         14.0008         21.0000         17.0000          4.0000         81.5701
   81         15.0009         21.0000         17.0000          1.0000         31.0588
   85         15.0009         21.0000         17.0000          2.0000         38.6097
   89         15.0009         21.0000         17.0000          3.0000         43.1948
   93         15.0009         21.0000         17.0000          4.0000         48.7540
   81         15.0009         21.0000         17.0000          1.0000         30.6816
   85         15.0009         21.0000         17.0000          2.0000         38.1968
   89         15.0009         21.0000         17.0000          3.0000         42.7623
   93         15.0009         21.0000         17.0000          4.0000         48.3119
   81         15.0009         21.0000         17.0000          1.0000         30.6301
   85         15.0009         21.0000         17.0000          2.0000         38.1436
   89         15.0009         21.0000         17.0000          3.0000         42.7120
   93         15.0009         21.0000         17.0000          4.0000         48.2680
   81         15.0022         21.0000         17.0000          1.0000         30.5872
   85         15.0022         21.0000         17.0000          2.0000         38.0993
   89         15.0022         21.0000         17.0000          3.0000         42.6693
   93         15.0022         21.0000         17.0000          4.0000         48.2318
   81         15.0022         21.0000         17.0000          1.0000         30.6016
   85         15.0022         21.0000         17.0000          2.0000         38.1113
   89         15.0022         21.0000         17.0000          3.0000         42.6785
   93         15.0022         21.0000         17.0000          4.0000         48.2377
   81         15.0022         21.0000         17.0000          1.0000         30.6078
   85         15.0022         21.0000         17.0000          2.0000         38.1174
   89         15.0022         21.0000         17.0000          3.0000         42.6841
   93         15.0022         21.0000         17.0000          4.0000         48.2423
   81         16.0012         21.0000         17.0000          1.0000         39.1824
   85         16.0012         21.0000         17.0000          2.0000         48.0227
   89         16.0012         21.0000         17.0000          3.0000         53.5015
   93         16.0012         21.0000         17.0000          4.0000         60.1612
   81         16.0012         21.0000         17.0000          1.0000         39.2038
   85         16.0012         21.0000         17.0000          2.0000         48.0407
   89         16.0012         21.0000         17.0000          3.0000         53.5156
   93         16.0012         21.0000         17.0000          4.0000         60.1708
   81         16.0012         21.0000         17.0000          1.0000         39.2105
   85         16.0012         21.0000         17.0000          2.0000         48.0475
   89         16.0012         21.0000         17.0000          3.0000         53.5218
   93         16.0012         21.0000         17.0000          4.0000         60.1763
   81         17.0023         21.0000         17.0000          1.0000         38.5735
   85         17.0023         21.0000         17.0000          2.0000         46.5499
   89         17.0023         21.0000         17.0000          3.0000         52.0850
   93         17.0023         21.0000         17.0000          4.0000         59.1478
   81         17.0023         21.0000         17.0000          1.0000         38.8919
   85         17.0023         21.0000         17.0000          2.0000         46.8731
   89         17.0023         21.0000         17.0000          3.0000         52.3978
   93         17.0023         21.0000         17.0000          4.0000         59.4409
   81         17.0023         21.0000         17.0000          1.0000         38.9356
   85         17.0023         21.0000         17.0000          2.0000         46.9175
   89         17.0023         21.0000         17.0000          3.0000         52.4397
   93         17.0023         21.0000         17.0000          4.0000         59.4780
   81         17.0023         21.0000         17.0000          1.0000         38.9425
   85         17.0023         21.0000         17.0000          2.0000         46.9243
   89         17.0023         21.0000         17.0000          3.0000         52.4459
   93         17.0023         21.0000         17.0000          4.0000         59.4834
   81         18.0008         21.0000         17.0000          1.0000         31.6178
   85         18.0008         21.0000         17.0000          2.0000         37.4767
   89         18.0008         21.0000         17.0000          3.0000         41.4139
   93         18.0008         21.0000         17.0000          4.0000         46.7316
   81         18.0008         21.0000         17.0000          1.0000         31.3932
   85         18.0008         21.0000         17.0000          2.0000         37.2423
   89         18.0008         21.0000         17.0000          3.0000         41.1813
   93         18.0008         21.0000         17.0000          4.0000         46.5079
   81         18.0008         21.0000         17.0000          1.0000         31.3656
   85         18.0008         21.0000         17.0000          2.0000         37.2144
   89         18.0008         21.0000         17.0000          3.0000         41.1549
   93         18.0008         21.0000         17.0000          4.0000         46.4845
   81         19.0009         21.0000         17.0000          1.0000         23.4662
   85         19.0009         21.0000         17.0000          2.0000         27.2261
   89         19.0009         21.0000         17.0000          3.0000         29.3987
   93         19.0009         21.0000         17.0000          4.0000         32.3756
   81         19.0009         21.0000         17.0000          1.0000         23.4733
   85         19.0009         21.0000         17.0000          2.0000         27.2303
   89         19.0009         21.0000         17.0000          3.0000         29.4000
   93         19.0009         21.0000         17.0000          4.0000         32.3741
   81         19.0009         21.0000         17.0000          1.0000         23.4753
   85         19.0009         21.0000         17.0000          2.0000         27.2325
   89         19.0009         21.0000         17.0000          3.0000         29.4020
   93         19.0009         21.0000         17.0000          4.0000         32.3759
   81         20.0012         21.0000         17.0000          1.0000         11.8839
   85         20.0012         21.0000         17.0000          2.0000         13.8101
   89         20.0012         21.0000         17.0000          3.0000         14.6296
   93         20.0012         21.0000         17.0000          4.0000         15.4953
   81         20.0012         21.0000         17.0000          1.0000         11.8844
   85         20.0012         21.0000         17.0000          2.0000         13.8085
   89         20.0012         21.0000         17.0000          3.0000         14.6260
   93         20.0012         21.0000         17.0000          4.0000         15.4899
   81         20.0012         21.0000         17.0000          1.0000         11.8859
   85         20.0012         21.0000         17.0000          2.0000         13.8100
   89         20.0012         21.0000         17.0000          3.0000         14.6273
   93         20.0012         21.0000         17.0000          4.0000         15.4910
   81         21.0061         21.0000         17.0000          1.0000         10.0736
   85         21.0061         21.0000         17.0000          2.0000         11.6219
   89         21.0061         21.0000         17.0000          3.0000         12.1948
   93         21.0061         21.0000         17.0000          4.0000         12.8304
   81         21.0061         21.0000         17.0000          1.0000         10.0742
   85         21.0061         21.0000         17.0000          2.0000         11.6207
   89         21.0061         21.0000         17.0000          3.0000         12.1919
   93         21.0061         21.0000         17.0000          4.0000         12.8259
   81         21.0061         21.0000         17.0000          1.0000         10.0758
   85         21.0061         21.0000         17.0000          2.0000         11.6223
   89         21.0061         21.0000         17.0000          3.0000         12.1934
   93         21.0061         21.0000         17.0000          4.0000         12.8271
   81         22.0079         21.0000         17.0000          1.0000          6.4814
   85         22.0079         21.0000         17.0000          2.0000          7.4907
   89         22.0079         21.0000         17.0000          3.0000          7.7687
   93         22.0079         21.0000         17.0000          4.0000          7.8053
   81         22.0079         21.0000         17.0000          1.0000          6.4832
   85         22.0079         21.0000         17.0000          2.0000          7.4916
   89         22.0079         21.0000         17.0000          3.0000          7.7686
   93         22.0079         21.0000         17.0000          4.0000          7.8041
   81         22.0079         21.0000         17.0000          1.0000          6.4864
   85         22.0079         21.0000         17.0000          2.0000          7.4948
   89         22.0079         21.0000         17.0000          3.0000          7.7714
   93         22.0079         21.0000         17.0000          4.0000          7.8063
   81         23.0110         21.0000         17.0000          1.0000          5.2116
   85         23.0110         21.0000         17.0000          2.0000          6.0404
   89         23.0110         21.0000         17.0000          3.0000          6.2266
   93         23.0110         21.0000         17.0000          4.0000          6.1678
   81         23.0110         21.0000         17.0000          1.0000          5.2125
   85         23.0110         21.0000         17.0000          2.0000          6.0405
   89         23.0110         21.0000         17.0000          3.0000          6.2257
   93         23.0110         21.0000         17.0000          4.0000          6.1659
   81         23.0110         21.0000         17.0000          1.0000          5.2156
   85         23.0110         21.0000         17.0000          2.0000          6.0436
   89         23.0110         21.0000         17.0000          3.0000          6.2285
   93         23.0110         21.0000         17.0000          4.0000          6.1681
